24 1 3
1.0 
1.0 
1.0 
485.581465413 749.618582791 757.979272114 657.087731984 581.260785732 439.586767896 199.62846469 225.256929381 445.305013256 689.586526874 644.151602796 595.335623042 622.663653893 602.949987949 311.661846228 184.345745963 806.499156423 609.708966016 481.928416486 438.176548566 331.739937334 801.290069896 326.360809834 300.296095445 
286.910652679 479.853622474 629.571146941 768.696331761 789.247342111 495.345983243 365.637259734 280.737661058 265.183552771 506.643173977 520.43152855 807.774554672 808.771175104 429.926916849 430.364570865 326.904527213 381.38639724 629.711610223 668.258888967 680.999859185 496.857213265 519.426318383 199.49926072 519.860452017 
455.554539408 479.50889591 595.432740273 682.381526438 639.616893914 643.167858331 466.133688061 134.203857665 420.672098437 570.79930163 823.598935816 762.256900565 691.756235451 541.159211839 192.060192883 93.6971233788 714.793814433 1093.70269371 840.742184902 748.33338876 399.706518124 155.284419687 92.1899733954 51.2470069837 
972293.118032 169561.511369 -237819.590261 -263058.708521 -256498.882296 -196364.931448 -88251.129229 -99861.3876457 884307.549688 232858.680647 -133068.228547 -214356.71335 -267022.3642 -276331.485743 -140873.142975 -85514.2955199 943129.552973 88655.348185 -129094.511884 -126262.326446 -125404.047505 -364980.015617 -144610.011678 -141433.988029 
169561.511369 990170.871754 59233.4001442 -275930.969791 -360033.715065 -288769.38321 -133176.91527 -161054.79993 167504.14285 838704.09597 246298.322948 -139010.200018 -355481.535133 -409574.407964 -218074.562094 -130365.856557 588131.370551 491174.615796 67762.211429 -15996.3315526 -137688.803097 -556404.054101 -222009.35262 -214969.656406 
-237819.590261 59233.4001442 947390.841942 88676.3799819 -304636.430362 -271660.06147 -125154.220885 -156030.31909 -222595.703126 40570.5242086 523046.51664 492087.87319 -122797.473229 -378015.939335 -208355.6039 -123940.194448 -154673.212719 205622.089533 341661.480922 279427.793247 143624.033414 -415355.180659 -196231.821757 -204075.18198 
-263058.708521 -275930.969791 88676.3799819 978123.919996 -91289.8409077 -206137.537017 -99047.1476889 -131336.096053 -242676.090269 -252694.706555 53287.0144171 373556.124086 528588.116397 -193252.004771 -162863.049388 -103945.403917 -340088.323377 -100663.256583 133421.737661 178638.617435 289303.152365 30514.3730814 -27399.5326187 -163726.767963 
-256498.882296 -360033.715065 -304636.430362 -91289.8409077 1253765.11685 -50897.2014661 -75748.2533138 -114660.793444 -234726.513142 -330093.217672 -239922.050864 -146065.904952 560308.364166 538049.769128 -58728.5434123 -88821.9032531 -398076.894574 -251381.670668 -134413.434212 -89111.2362077 -33137.9359152 898067.775161 82847.4185596 -74794.022144 
-196364.931448 -288769.38321 -271660.06147 -206137.537017 -50897.2014661 1032497.14052 48452.0086774 -67120.0345853 -179334.46856 -262325.449361 -218559.552561 -174144.913853 -143534.505824 788764.723368 228293.867615 -39159.7008239 -320087.065605 -215063.817662 -130179.008853 -106684.656256 -50562.1049355 475945.019119 311680.1779 34951.456292 
-88251.129229 -133176.91527 -125154.220885 -99047.1476889 -75748.2533138 48452.0086774 426101.352562 46824.3051474 -81326.822565 -120722.152174 -102723.36474 -78276.4449595 -78921.9098524 7635.91272751 332751.078268 121583.703294 -148276.110521 -96950.7345454 -59067.781356 -45069.3029285 -30480.7079746 -31959.0931206 77063.7792693 334739.951176 
-99861.3876457 -161054.79993 -156030.31909 -131336.096053 -114660.793444 -67120.0345853 46824.3051474 683239.1256 -91152.0948769 -146297.775063 -128358.657293 -113789.820143 -121138.692325 -77276.5674107 227849.955886 450163.651226 -170059.316727 -121392.574056 -90090.6937074 -74942.5572911 -55653.5863517 -35828.8238647 118659.342945 429308.209053 
884307.549688 167504.14285 -222595.703126 -242676.090269 -234726.513142 -179334.46856 -81326.822565 -91152.0948769 932816.829237 180993.686611 -183018.518764 -215672.159974 -251168.456822 -255642.874719 -129849.497606 -78459.0079637 986033.564791 49023.6777063 -140606.770767 -158626.353199 -125512.23967 -343235.993754 -136424.910847 -130650.974261 
232858.680647 838704.09597 40570.5242086 -252694.706555 -330093.217672 -262325.449361 -120722.152174 -146297.775063 180993.686611 1004492.0832 81913.2301939 -214664.21288 -350255.143529 -380213.686984 -201741.682719 -120524.273891 596678.927646 652505.647561 33820.6504455 -177711.463758 -172974.146213 -523060.529618 -210195.619434 -199063.46663 
-133068.228547 246298.322948 523046.51664 53287.0144171 -239922.050864 -218559.552561 -102723.36474 -128358.657293 -183018.518764 81913.2301939 769917.044985 198157.605903 -252084.639055 -332602.965785 -177483.59841 -104798.159068 -50384.6964255 230653.825876 444161.319963 280253.72691 -76613.8246374 -469909.511919 -182915.608207 -175245.23156 
-214356.71335 -139010.200018 492087.87319 373556.124086 -146065.904952 -174144.913853 -78276.4449595 -113789.820143 -215672.159974 -214664.21288 198157.605903 835222.511243 -67202.859638 -287803.077213 -154080.956163 -93956.8512777 -273237.295632 -62612.7233635 237510.399055 454899.696591 310427.822882 -354939.399596 -157225.673036 -154822.826901 
-267022.3642 -355481.535133 -122797.473229 528588.116397 560308.364166 -143534.505824 -78921.9098524 -121138.692325 -251168.456822 -350255.143529 -252084.639055 -67202.859638 1344204.55896 -168197.568521 -153561.853433 -101734.037964 -423871.611335 -271609.033053 -145428.874282 -40191.8914501 275246.815759 828977.420292 -60010.3427307 -163112.4832 
-276331.485743 -409574.407964 -378015.939335 -193252.004771 538049.769128 788764.723368 7635.91272751 -77276.5674107 -255642.874719 -380213.686984 -332602.965785 -287803.077213 -168197.568521 1569032.68959 -56023.0771673 -88549.4392041 -454338.077832 -321688.781969 -227767.278104 -193415.454415 -92492.3145247 1068099.00908 351409.434892 -129806.537132 
-140873.142975 -218074.562094 -208355.6039 -162863.049388 -58728.5434123 228293.867615 332751.078268 227849.955886 -129849.497606 -201741.682719 -177483.59841 -154080.956163 -153561.853433 -56023.0771673 830528.917708 42211.7477902 -237235.230461 -172899.660598 -124499.25619 -99248.6572192 -69218.8460757 -77199.7934519 401304.922081 378996.521914 
-85514.2955199 -130365.856557 -123940.194448 -103945.403917 -88821.9032531 -39159.7008239 121583.703294 450163.651226 -78459.0079637 -120524.273891 -104798.159068 -93956.8512777 -101734.037964 -88549.4392041 42211.7477902 545810.021578 -143645.580752 -103372.95216 -77190.1901213 -65959.6034608 -48863.2675199 -128731.201038 -5942.20271914 573704.997771 
943129.552973 588131.370551 -154673.212719 -340088.323377 -398076.894574 -320087.065605 -148276.110521 -170059.316727 986033.564791 596678.927646 -50384.6964255 -273237.295632 -423871.611335 -454338.077832 -237235.230461 -143645.580752 1685273.4286 175040.596585 -217703.264823 -286449.263951 -236316.249316 -629190.722399 -252601.312181 -238053.212512 
88655.348185 491174.615796 205622.089533 -100663.256583 -251381.670668 -215063.817662 -96950.7345454 -121392.574056 49023.6777063 652505.647561 230653.825876 -62612.7233635 -271609.033053 -321688.781969 -172899.660598 -103372.95216 175040.596585 847002.81636 101492.939037 -150774.526589 -153290.556285 -461522.400877 -184246.02177 -173702.846461 
-129094.511884 67762.211429 341661.480922 133421.737661 -134413.434212 -130179.008853 -59067.781356 -90090.6937074 -140606.770767 33820.6504455 444161.319963 237510.399055 -145428.874282 -227767.278104 -124499.25619 -77190.1901213 -217703.264823 101492.939037 588457.246262 198413.596032 -56130.0363313 -348511.581429 -135890.261952 -130128.636794 
-126262.326446 -15996.3315526 279427.793247 178638.617435 -89111.2362077 -106684.656256 -45069.3029285 -74942.5572911 -158626.353199 -177711.463758 280253.72691 454899.696591 -40191.8914501 -193415.454415 -99248.6572192 -65959.6034608 -286449.263951 -150774.526589 198413.596032 693901.56307 70985.8057353 -295459.244029 -119118.884139 -111499.046129 
-125404.047505 -137688.803097 143624.033414 289303.152365 -33137.9359152 -50562.1049355 -30480.7079746 -55653.5863517 -125512.23967 -172974.146213 -76613.8246374 310427.822882 275246.815759 -92492.3145247 -69218.8460757 -48863.2675199 -236316.249316 -153290.556285 -56130.0363313 70985.8057353 644974.255819 -114814.042423 -72971.5880179 -82437.5891813 
-364980.015617 -556404.054101 -415355.180659 30514.3730814 898067.775161 475945.019119 -31959.0931206 -35828.8238647 -343235.993754 -523060.529618 -469909.511919 -354939.399596 828977.420292 1068099.00908 -77199.7934519 -128731.201038 -629190.722399 -461522.400877 -348511.581429 -295459.244029 -114814.042423 2155344.98419 -89225.1794974 -216621.813534 
-144610.011678 -222009.35262 -196231.821757 -27399.5326187 82847.4185596 311680.1779 77063.7792693 118659.342945 -136424.910847 -210195.619434 -182915.608207 -157225.673036 -60010.3427307 351409.434892 401304.922081 -5942.20271914 -252601.312181 -184246.02177 -135890.261952 -119118.884139 -72971.5880179 -89225.1794974 855681.127469 -1627.879912 
-141433.988029 -214969.656406 -204075.18198 -163726.767963 -74794.022144 34951.456292 334739.951176 429308.209053 -130650.974261 -199063.46663 -175245.23156 -154822.826901 -163112.4832 -129806.537132 378996.521914 573704.997771 -238053.212512 -173702.846461 -130128.636794 -111499.046129 -82437.5891813 -216621.813534 -1627.879912 954071.024523 
545420.596185 114497.163574 -70100.7821034 -151992.737616 -179328.00543 -112693.591209 -87369.3169272 -58433.3264738 402357.49651 206484.764007 3378.84345629 -154059.486101 -184880.687628 -94503.8521962 -103834.147881 -74942.9301665 444092.131123 169851.187005 -70942.0404471 -137272.691838 -106112.272069 -127005.470253 -41604.0504427 -131006.793078 
114497.163574 664832.400808 69638.5498426 -176692.124363 -264307.806293 -174601.604851 -140963.370072 -92403.2086463 132562.615898 597353.788084 147134.082528 -177696.832902 -271834.648224 -141849.157216 -168306.113924 -117363.734245 242500.617427 518035.927229 24225.3769084 -167706.788446 -151310.350338 -196175.71539 -62301.2165062 -207267.850885 
-70100.7821034 69638.5498426 870127.218817 -32440.4236882 -304252.789653 -217810.568726 -182813.615183 -132347.589306 -40219.9758488 76488.6803896 374003.07586 337750.436866 -188705.661675 -173046.835257 -221070.00728 -165199.713055 -11542.0956456 147880.267015 233847.088988 -109470.235504 -53001.1281218 117207.827903 -39940.8429207 -284980.881714 
-151992.737616 -176692.124363 -32440.4236882 961184.721205 -13921.9933263 -218015.451649 -207544.48789 -160577.502673 -114358.473304 -174007.572695 67796.844764 434564.166842 305542.744567 -64993.0347256 -254795.016518 -199749.658929 -134662.309968 -48253.9781613 221987.383341 187327.117045 -36354.0105498 124441.405176 -35998.1657881 -278487.441095 
-179328.00543 -264307.806293 -304252.789653 -13921.9933263 1118600.30093 -22797.9813025 -176121.082003 -157870.642921 -151513.593806 -275269.045516 -197016.601349 159200.171512 588720.673651 42883.908311 35369.1630826 -202374.675886 -205411.38875 -266824.933386 43550.3987554 435545.834225 161236.679195 -70055.86944 -84942.2531791 -13098.4674201 
-112693.591209 -174601.604851 -217810.568726 -218015.451649 -22797.9813025 724890.006184 74790.328769 -53761.1372151 -98962.8829809 -184110.781846 -158528.632509 -214487.548346 62499.62673 368580.173071 255574.76769 -30564.7218085 -143873.644565 -216376.402017 -157129.024374 21233.7702381 216481.98695 102054.066259 29393.9421695 148215.30534 
-87369.3169272 -140963.370072 -182813.615183 -207544.48789 -176121.082003 74790.328769 650060.385493 69961.1578138 -76602.6038398 -149012.762822 -140741.741447 -217183.801204 -157985.47785 86202.7791647 375666.915107 279656.69289 -112182.043954 -181293.249228 -168486.338042 -111970.953371 7855.27010933 63589.0090398 132784.988537 369703.316908 
-58433.3264738 -92403.2086463 -132347.589306 -160577.502673 -157870.642921 -53761.1372151 69961.1578138 585432.249421 -53262.5826292 -97927.0696003 -96025.8713036 -168087.106668 -153356.56957 -23273.9811524 81394.4397234 510538.7412 -78921.2656681 -123018.818457 -127052.84513 -117686.05235 -38796.1751759 -14055.2532942 102607.59813 396922.811944 
402357.49651 132562.615898 -40219.9758488 -114358.473304 -151513.593806 -98962.8829809 -76602.6038398 -53262.5826292 458476.383474 116269.989104 -25016.2991618 -133899.607214 -167066.549423 -85649.7903592 -93074.0431202 -70040.0832995 501564.497899 54808.4841817 -68522.0147802 -118901.171487 -94932.1468531 -114089.235331 -36680.0832622 -123248.330367 
206484.764007 597353.788084 76488.6803896 -174007.572695 -275269.045516 -184110.781846 -149012.762822 -97927.0696003 116269.989104 725613.882392 139628.36971 -214364.589281 -302497.685115 -157869.605463 -181381.828794 -125398.532553 231842.688746 616021.810212 12697.3683763 -190361.820511 -164593.0199 -212580.010239 -70025.9967434 -223001.019941 
3378.84345629 147134.082528 374003.07586 67796.844764 -197016.601349 -158528.632509 -140741.741447 -96025.8713036 -25016.2991618 139628.36971 524820.884472 26188.429047 -230918.999122 -131062.358521 -176926.059034 -126713.967391 15840.6427354 255879.866404 370845.111193 -41742.7654113 -113561.570151 -193670.898606 -64771.5157339 -228818.87043 
-154059.486101 -177696.832902 337750.436866 434564.166842 159200.171512 -214487.548346 -217183.801204 -168087.106668 -133899.607214 -214364.589281 26188.429047 1060143.79329 -64564.5409911 -183393.721539 -276589.084323 -213520.678991 -159963.685261 -54282.7045993 314916.682811 318607.370805 44261.8208686 16690.6547259 -107445.381424 -372784.757927 
-184880.687628 -271834.648224 -188705.661675 305542.744567 588720.673651 62499.62673 -157985.47785 -153356.56957 -167066.549423 -302497.685115 -230918.999122 -64564.5409911 1179820.05579 27160.5590002 -238270.856097 -203661.984038 -228460.800268 -312974.932216 -120935.622799 370539.977789 271856.486443 387020.51169 -2015.51477875 -365030.10586 
-94503.8521962 -141849.157216 -173046.835257 -64993.0347256 42883.908311 368580.173071 86202.7791647 -23273.9811524 -85649.7903592 -157869.605463 -131062.358521 -183393.721539 27160.5590002 563467.013598 32298.6638333 -64950.7605506 -122459.689145 -181118.643269 -123980.647136 11735.5130503 184218.968161 172625.905268 71764.5782745 -12785.9852039 
-103834.147881 -168306.113924 -221070.00728 -254795.016518 35369.1630826 255574.76769 375666.915107 81394.4397234 -93074.0431202 -181381.828794 -176926.059034 -276589.084323 -238270.856097 32298.6638333 898098.609044 35844.5984903 -135505.404264 -220958.0449 -219036.666234 -188067.543989 -42019.334623 20418.5092955 154845.930355 630322.55436 
-74942.9301665 -117363.734245 -165199.713055 -199749.658929 -202374.675886 -30564.7218085 279656.69289 510538.7412 -70040.0832995 -125398.532553 -126713.967391 -213520.678991 -203661.984038 -64950.7605506 35844.5984903 768441.408332 -102858.250443 -157375.835813 -165984.21143 -161809.560247 -85231.2039442 -76415.4368029 54327.9833132 695346.515368 
444092.131123 242500.617427 -11542.0956456 -134662.309968 -205411.38875 -143873.644565 -112182.043954 -78921.2656681 501564.497899 231842.688746 15840.6427354 -159963.685261 -228460.800268 -122459.689145 -135505.404264 -102858.250443 680337.6751 115379.642729 -87466.705047 -168096.653258 -138252.383749 -166988.803607 -54647.8831897 -180264.888978 
169851.187005 518035.927229 147880.267015 -48253.9781613 -266824.933386 -216376.402017 -181293.249228 -123018.818457 54808.4841817 616021.810212 255879.866404 -54282.7045993 -312974.932216 -181118.643269 -220958.0449 -157375.835813 115379.642729 808304.936475 134024.292502 -215698.385311 -205874.563603 -267164.482701 -88161.2655093 -280810.174582 
-70942.0404471 24225.3769084 233847.088988 221987.383341 43550.3987554 -157129.024374 -168486.338042 -127052.84513 -68522.0147802 12697.3683763 370845.111193 314916.682811 -120935.622799 -123980.647136 -219036.666234 -165984.21143 -87466.705047 134024.292502 692053.975432 61339.3805194 -149760.687951 -259347.108961 -88668.7761587 -302174.370336 
-137272.691838 -167706.788446 -109470.235504 187327.117045 435545.834225 21233.7702381 -111970.953371 -117686.05235 -118901.171487 -190361.820511 -41742.7654113 318607.370805 370539.977789 11735.5130503 -188067.543989 -161809.560247 -168096.653258 -215698.385311 61339.3805194 823342.222066 94371.3920097 -210207.577635 -78240.4610295 -306809.917361 
-106112.272069 -151310.350338 -53001.1281218 -36354.0105498 161236.679195 216481.98695 7855.27010933 -38796.1751759 -94932.1468531 -164593.0199 -113561.570151 44261.8208686 271856.486443 184218.968161 -42019.334623 -85231.2039442 -138252.383749 -205874.563603 -149760.687951 94371.3920097 581198.922652 42910.021726 -18521.2156234 -206071.485461 
-127005.470253 -196175.71539 117207.827903 124441.405176 -70055.86944 102054.066259 63589.0090398 -14055.2532942 -114089.235331 -212580.010239 -193670.898606 16690.6547259 387020.51169 172625.905268 20418.5092955 -76415.4368029 -166988.803607 -267164.482701 -259347.108961 -210207.577635 42910.021726 1035600.13319 39475.1188465 -214277.300855 
-41604.0504427 -62301.2165062 -39940.8429207 -35998.1657881 -84942.2531791 29393.9421695 132784.988537 102607.59813 -36680.0832622 -70025.9967434 -64771.5157339 -107445.381424 -2015.51477875 71764.5782745 154845.930355 54327.9833132 -54647.8831897 -88161.2655093 -88668.7761587 -78240.4610295 -18521.2156234 39475.1188465 272210.695117 16553.7875473 
-131006.793078 -207267.850885 -284980.881714 -278487.441095 -13098.4674201 148215.30534 369703.316908 396922.811944 -123248.330367 -223001.019941 -228818.87043 -372784.757927 -365030.10586 -12785.9852039 630322.55436 695346.515368 -180264.888978 -280810.174582 -302174.370336 -306809.917361 -206071.485461 -214277.300855 16553.7875473 1473854.35003 
909222.914468 46868.2482262 -134008.907913 -175842.277917 -191675.055178 -225202.10913 -178788.078542 -50574.7340148 735134.80937 178223.428887 -171042.730953 -217888.946419 -234283.207856 -195834.924671 -61923.0466816 -32385.3816772 540869.156573 28067.9369 -152935.636712 -212578.051355 -117934.052251 -43692.5771599 -28089.6095047 -13707.1664896 
46868.2482262 819562.568843 38056.9019119 -202556.108607 -217829.792235 -241533.286869 -191566.900591 -51001.6306795 40755.5677657 533314.101553 188144.019198 -194831.195501 -252590.941463 -207845.279642 -73017.8877985 -33928.3841114 313340.684741 306645.483356 -165938.693292 -227310.872853 -137460.392384 -44514.6179691 -30607.4641526 -14154.1274468 
-134008.907913 38056.9019119 982566.742982 -24902.7644534 -258665.015625 -295460.107059 -244082.848674 -63504.0011705 -96172.7626598 174930.301433 711353.363031 -96681.4206159 -302223.22017 -257432.986257 -93918.9266132 -39854.3481483 44193.8161952 592343.056575 -69746.3974121 -278418.347879 -176815.505273 -56750.3962757 -39627.3216504 -15178.9042793 
-175842.277917 -202556.108607 -24902.7644534 1060158.47524 -36298.9846131 -298298.082666 -260323.67322 -61936.5837631 -135075.075512 -157930.925839 198801.958886 646835.021041 -166474.712701 -252600.825875 -95256.6889944 -38298.7510059 -160908.314833 -87753.118196 492650.470744 29532.0834785 -163721.079249 -53890.4186234 -43946.4724632 -11963.1508576 
-191675.055178 -217829.792235 -258665.015625 -36298.9846131 1023492.30833 -47491.8533014 -214798.030426 -56733.5769558 -154822.355418 -201745.732442 -222289.482466 187652.986598 548772.114461 -52711.2526897 -68837.0226664 -36019.2553754 -199486.074086 -282118.42667 5261.83737845 384536.05057 146055.263854 -12585.4747584 -27875.1981712 -13787.978117 
-225202.10913 -241533.286869 -295460.107059 -298298.082666 -47491.8533014 1098151.35584 56597.6045131 -46763.5213326 -189109.106166 -259333.019188 -345362.889695 -79248.5141073 404883.310539 450634.587176 46387.1087854 -28851.4773439 -243504.018599 -265170.522509 -14620.511263 151060.080054 267013.444342 117615.496322 -5703.0343828 -6690.93396301 
-178788.078542 -191566.900591 -244082.848674 -260323.67322 -214798.030426 56597.6045131 990113.917112 42848.0098268 -157795.808342 -211483.779122 -280461.650656 -188438.616819 43451.7391897 477703.202111 307137.819688 9887.09394958 -228013.282296 -202714.762548 -61570.7451308 187789.382683 196051.865557 69377.5180955 29665.8258665 9414.19777293 
-50574.7340148 -51001.6306795 -63504.0011705 -61936.5837631 -56733.5769558 -46763.5213326 42848.0098268 287666.038089 -42915.2690377 -55974.3752816 -79142.5873454 -57399.3141769 -41535.0819994 38087.4798481 39428.6442806 199450.503712 -66491.9676948 -89299.6469076 -33100.3243131 -34610.3246981 -13189.5445945 24440.4703694 146183.274458 66068.0633803 
735134.80937 40755.5677657 -96172.7626598 -135075.075512 -154822.355418 -189109.106166 -157795.808342 -42915.2690377 795845.371197 63682.8922885 -179657.542883 -191626.672829 -212471.812305 -182621.414206 -62930.427968 -30220.3932944 632318.228949 -18947.0653123 -200705.547292 -218204.042826 -116158.934777 -39650.4609452 -26240.3009432 -12411.8768544 
178223.428887 533314.101553 174930.301433 -157930.925839 -201745.732442 -259333.019188 -211483.779122 -55974.3752816 63682.8922885 885262.52856 -26933.9172904 -265400.803861 -291728.940842 -245752.366783 -81203.3097518 -37926.0823199 414882.592307 269649.897182 -152159.714447 -271977.152744 -156667.033544 -55031.4065855 -33741.2567679 -14955.9254012 
-171042.730953 188144.019198 711353.363031 198801.958886 -222289.482466 -345362.889695 -280461.650656 -79142.5873454 -179657.542883 -26933.9172904 1277940.79641 -104394.850741 -428007.487938 -360326.374373 -128147.692104 -50472.9310839 -21337.7902926 818310.396474 25953.0164865 -410719.220131 -251546.394393 -84667.3585766 -55562.2818065 -20430.3677617 
-217888.946419 -194831.195501 -96681.4206159 646835.021041 187652.986598 -79248.5141073 -188438.616819 -57399.3141769 -191626.672829 -265400.803861 -104394.850741 1125110.83058 -136235.712485 -284083.30462 -101927.826987 -41441.6590548 -224702.095102 -147739.239136 548072.02325 108040.535985 -172959.04923 -52756.3415245 -43188.4280028 -14767.4062397 
-234283.207856 -252590.941463 -302223.22017 -166474.712701 548772.114461 404883.310539 43451.7391897 -41535.0819994 -212471.812305 -291728.940842 -428007.487938 -136235.712485 1212483.79226 -20659.8359819 -80454.3763314 -42925.6263746 -323717.420896 -266779.351073 -44581.8842629 471864.188352 224316.535876 -10398.6647889 -33324.1001827 -17379.3030242 
-195834.924671 -207845.279642 -257432.986257 -252600.825875 -52711.2526897 450634.587176 477703.202111 38087.4798481 -182621.414206 -245752.366783 -360326.374373 -284083.30462 -20659.8359819 1038689.70852 83510.5923454 -28757.0049045 -312033.694393 -413882.058003 -34202.9320988 298500.922644 327786.643833 143481.117836 -1950.61446617 -7699.38535238 
-61923.0466816 -73017.8877985 -93918.9266132 -95256.6889944 -68837.0226664 46387.1087854 307137.819688 39428.6442806 -62930.427968 -81203.3097518 -128147.692104 -101927.826987 -80454.3763314 83510.5923454 349903.55923 21249.4815666 -111887.453003 -164790.931639 -98344.021229 67125.995812 151640.883146 89286.7193282 51466.3434868 15502.4640977 
-32385.3816772 -33928.3841114 -39854.3481483 -38298.7510059 -36019.2553754 -28851.4773439 9887.09394958 199450.503712 -30220.3932944 -37926.0823199 -50472.9310839 -41441.6590548 -42925.6263746 -28757.0049045 21249.4815666 210494.215466 -53522.3675702 -75821.6484941 -44030.9404074 -44631.2270922 -6412.65091075 9736.39525615 142540.638683 72141.800536 
540869.156573 313340.684741 44193.8161952 -160908.314833 -199486.074086 -243504.018599 -228013.282296 -66491.9676948 632318.228949 414882.592307 -21337.7902926 -224702.095102 -323717.420896 -312033.694393 -111887.453003 -53522.3675702 1164145.70408 14845.4547456 -394137.397687 -404646.214765 -224264.27393 -80271.8099966 -50838.364638 -24833.097807 
28067.9369 306645.483356 592343.056575 -87753.118196 -282118.42667 -265170.522509 -202714.762548 -89299.6469076 -18947.0653123 269649.897182 818310.396474 -147739.239136 -266779.351073 -413882.058003 -164790.931639 -75821.6484941 14845.4547456 1513903.53732 -315493.206347 -632471.301197 -346675.79344 -123123.111649 -76164.6492064 -34820.9302214 
-152935.636712 -165938.693292 -69746.3974121 492650.470744 5261.83737845 -14620.511263 -61570.7451308 -33100.3243131 -200705.547292 -152159.714447 25953.0164865 548072.02325 -44581.8842629 -34202.9320988 -98344.021229 -44030.9404074 -394137.397687 -315493.206347 1187913.81423 -119838.463515 -220486.803466 -72101.8510986 -51780.835292 -14075.25682 
-212578.051355 -227310.872853 -278418.347879 29532.0834785 384536.05057 151060.080054 187789.382683 -34610.3246981 -218204.042826 -271977.152744 -410719.220131 108040.535985 471864.188352 298500.922644 67125.995812 -44631.2270922 -404646.214765 -632471.301197 -119838.463515 1239419.78127 23555.3884987 -45094.6136118 -40740.4944125 -20184.0822662 
-117934.052251 -137460.392384 -176815.505273 -163721.079249 146055.263854 267013.444342 196051.865557 -13189.5445945 -116158.934777 -156667.033544 -251546.394393 -172959.04923 224316.535876 327786.643833 151640.883146 -6412.65091075 -224264.27393 -346675.79344 -220486.803466 23555.3884987 710204.643666 70480.5290157 -5682.97534037 -7130.71500377 
-43692.5771599 -44514.6179691 -56750.3962757 -53890.4186234 -12585.4747584 117615.496322 69377.5180955 24440.4703694 -39650.4609452 -55031.4065855 -84667.3585766 -52756.3415245 -10398.6647889 143481.117836 89286.7193282 9736.39525615 -80271.8099966 -123123.111649 -72101.8510986 -45094.6136118 70480.5290157 214471.380612 31870.859586 3768.61714243 
-28089.6095047 -30607.4641526 -39627.3216504 -43946.4724632 -27875.1981712 -5703.0343828 29665.8258665 146183.274458 -26240.3009432 -33741.2567679 -55562.2818065 -43188.4280028 -33324.1001827 -1950.61446617 51466.3434868 142540.638683 -50838.364638 -76164.6492064 -51780.835292 -40740.4944125 -5682.97534037 31870.859586 173770.090864 19566.3684394 
-13707.1664896 -14154.1274468 -15178.9042793 -11963.1508576 -13787.978117 -6690.93396301 9414.19777293 66068.0633803 -12411.8768544 -14955.9254012 -20430.3677617 -14767.4062397 -17379.3030242 -7699.38535238 15502.4640977 72141.800536 -24833.097807 -34820.9302214 -14075.25682 -20184.0822662 -7130.71500377 3768.61714243 19566.3684394 77709.0965366 
