24 2 3
0.605700733316 0.394299266684 
0.454580206368 0.545419793632 
0.4891574312 0.5108425688 
794.68744211 1218.4636717 1120.30306732 638.434534891 186.172118522 88.4259325187 32.7814925782 16.7317403573 730.317827473 1126.26050362 1030.55773915 867.401203139 235.525053387 71.8010490607 22.8180254598 11.318598707 1324.41939383 990.255867573 752.678132123 624.714029169 305.420231277 60.3091847831 25.5438547258 12.6593065159 
10.7499539774 29.4046788919 201.397490204 685.741742053 1188.17415249 979.020628092 455.929558551 545.58179574 7.48408595079 18.7921067904 50.5758598883 177.40352096 1217.36456773 1418.87162151 755.367753988 450.140483188 10.8987226805 25.1338556623 66.0176726358 151.627984217 372.170814605 1939.54393798 788.459184591 742.147827627 
16.0414112046 49.9078794805 154.267654924 608.358027877 1104.41216455 904.153100215 725.02914265 533.830619098 17.6658822257 47.657002883 95.5852766074 354.968920084 1285.7608007 776.123569235 871.795559778 646.442988484 26.6169099501 78.6156605187 219.905980282 736.665088325 739.810483135 838.030334948 378.076002098 1078.27954074 
512.6666614 838.191964534 1025.71291152 902.330314464 526.573174988 154.625632116 66.1020426219 69.7972983509 471.477191303 889.185265064 874.519699052 1185.16547671 411.224102241 141.389266541 62.4538489231 60.5851501695 677.069078045 1089.0226097 1041.93868595 634.605665857 294.367775139 253.885754417 50.6644496329 54.4459812622 
58.0776664037 70.3294104949 128.278853466 650.454155281 947.166230763 1109.17206021 878.338940383 254.182683 52.3480238165 90.1761554232 213.7514913 937.521418174 1239.73096928 1021.95505528 363.697002744 176.819883973 130.17898296 475.699968886 965.013489853 1265.80661434 724.077374145 273.866814613 170.470559981 90.8861952162 
836.158619872 871.318815853 1042.75606296 712.95358878 345.122948483 196.945416739 71.4264442491 19.3181030644 773.360909421 1031.02011707 1407.55851085 594.432317318 167.042890214 80.7730301163 27.7093221093 14.1029029091 1274.59189445 1685.47135947 721.746165356 252.826770475 89.1051227476 41.7358173781 17.232377874 13.2904922473 
1357929.12288 -89149.4264968 -678382.978185 -417307.058215 -107545.209234 -44761.3708487 -15531.8188283 -5251.26107014 1233242.65624 39754.7076871 -523983.098873 -567735.939175 -133708.41858 -35265.8751381 -8371.62936943 -3932.40278759 1148073.16867 -153659.909354 -426789.577779 -355977.885899 -186668.667938 -16972.5391423 -3796.75090654 -4207.8376474 
-89149.4264968 1068244.22779 -348169.877535 -436431.449334 -112901.98175 -50077.6560448 -19769.116694 -11744.7199399 -63237.2608541 860950.22979 -60749.8348076 -561226.609437 -129179.44662 -30874.4284322 -10059.0959504 -5623.553688 353637.634464 354204.218887 -216206.353716 -253462.639879 -203936.29319 -21215.2989792 -7363.49466995 -5657.7729174 
-678382.978185 -348169.877535 963816.537681 133705.987138 -27339.0302033 -25086.8113724 -12017.7838783 -6526.04364486 -629714.110554 -339923.917307 492513.800301 477513.31952 15581.9702894 -10262.3465277 -4257.69872712 -1451.01699417 -732546.333785 -15801.6127236 303978.672749 270515.369113 182061.272301 -1419.54589993 -5334.72212788 -1453.09962712 
-417307.058215 -436431.449334 133705.987138 616337.759864 92881.1338466 13708.8792773 100.225572268 -2995.47814886 -385238.58599 -395934.71114 99535.2724034 551042.489749 117898.542604 12872.024508 484.118866506 -659.151001601 -535048.282546 -147051.235049 232275.024938 264231.919403 178455.028538 8555.82088044 -850.798395551 -567.477767998 
-107545.209234 -112901.98175 -27339.0302033 92881.1338466 104640.932924 39805.9013532 9066.41825763 1391.83480533 -97909.6736148 -100498.012169 8267.17561422 80384.436044 78144.375002 24881.7528053 5456.29430795 1273.65201082 -133020.516093 -24905.8310169 65123.3756404 61683.2675581 14481.600459 10763.4635273 4295.31109222 1579.32883281 
-44761.3708487 -50077.6560448 -25086.8113724 13708.8792773 39805.9013532 49283.4737751 14173.6162792 2953.96758102 -39900.6464311 -40252.8514377 -8273.65600156 14189.9129486 40476.6816847 25948.5380619 6072.16320294 1739.85797216 -64405.7871592 -12912.620187 29265.7839584 14405.3072663 14388.3178859 12600.1633978 4671.06210581 1987.77273199 
-15531.8188283 -19769.116694 -12017.7838783 100.225572268 9066.41825763 14173.6162792 17371.5313153 6606.92797623 -13589.0730431 -15470.8634858 -5498.64583179 6208.8567 9359.96889494 9875.79424571 5844.09070012 3269.87181991 -25804.1813341 -1410.75523187 11231.9220319 736.147642481 1897.69092797 5698.90361112 4017.78051017 3632.4918424 
-5251.26107014 -11744.7199399 -6526.04364486 -2995.47814886 1391.83480533 2953.96758102 6606.92797623 15564.7724412 -3653.30575007 -8624.5819364 -1811.01280413 -376.466349019 1426.32672463 2824.54047712 4831.75696939 5382.74266847 -10885.7022147 1537.74467637 1121.15217779 -2131.48520511 -678.948983566 1989.03260475 4361.61239173 4686.59455272 
1233242.65624 -63237.2608541 -629714.110554 -385238.58599 -97909.6736148 -39900.6464311 -13589.0730431 -3653.30575007 1330869.00216 -17830.4480468 -582097.196496 -553140.667065 -131738.250325 -34273.2918024 -7985.03054591 -3804.1178818 1250572.51806 -195344.507387 -428659.039091 -397360.265777 -188867.259961 -26033.9076398 -8960.30705129 -5347.2311524 
39754.7076871 860950.22979 -339923.917307 -395934.71114 -100498.012169 -40252.8514377 -15470.8634858 -8624.5819364 -17830.4480468 1170004.97106 -297835.289753 -658969.079161 -147449.51811 -32169.882269 -10492.3282206 -5258.42550069 410043.450954 651637.132655 -249161.373988 -504268.33044 -259321.63707 -31196.9925222 -12251.3007093 -5480.94887888 
-523983.098873 -60749.8348076 492513.800301 99535.2724034 8267.17561422 -8273.65600156 -5498.64583179 -1811.01280413 -582097.196496 -297835.289753 874750.260359 43344.7868926 -29933.9762283 -4722.69972488 -2601.67781331 -904.207236298 -592361.845477 1436.338875 451932.290798 261427.883851 -110612.048979 -9922.52218286 -1579.58276489 -320.51412012 
-567735.939175 -561226.609437 477513.31952 551042.489749 80384.436044 14189.9129486 6208.8567 -376.466349019 -553140.667065 -658969.079161 43344.7868926 1054589.27472 118039.287165 859.213840414 -2198.47282918 -2524.34356053 -809702.632336 -371793.552589 181681.90382 555279.984475 440064.1997 9548.83698344 -2442.11816571 -2636.62188727 
-133708.41858 -129179.44662 15581.9702894 117898.542604 78144.375002 40476.6816847 9359.96889494 1426.32672463 -131738.250325 -147449.51811 -29933.9762283 118039.287165 153840.438624 31355.9624696 4916.87657368 969.179832159 -187651.417089 -69916.4015479 31273.4541419 81688.6276824 102348.358731 33931.907518 7037.01951495 1288.45104898 
-35265.8751381 -30874.4284322 -10262.3465277 12872.024508 24881.7528053 25948.5380619 9875.79424571 2824.54047712 -34273.2918024 -32169.882269 -4722.69972488 859.213840414 31355.9624696 30159.8602176 6845.96484987 1944.87241883 -46970.2730126 -8578.82219563 12015.6231345 2871.64389293 14513.0455977 16093.6879004 7633.41081851 2421.68386426 
-8371.62936943 -10059.0959504 -4257.69872712 484.118866506 5456.29430795 6072.16320294 5844.09070012 4831.75696939 -7985.03054591 -10492.3282206 -2601.67781331 -2198.47282918 4916.87657368 6845.96484987 8465.72096542 3048.94702006 -14856.3224739 -4979.13686758 1341.67827087 432.750608723 1548.77656088 5388.85499517 7593.53787935 3529.86102645 
-3932.40278759 -5623.553688 -1451.01699417 -659.151001601 1273.65201082 1739.85797216 3269.87181991 5382.74266847 -3804.1178818 -5258.42550069 -904.207236298 -2524.34356053 969.179832159 1944.87241883 3048.94702006 6528.09490827 -9073.4786239 -2461.05094302 -424.53708642 -72.2942930614 326.565421086 2190.13494796 2969.34047839 6545.32009897 
1148073.16867 353637.634464 -732546.333785 -535048.282546 -133020.516093 -64405.7871592 -25804.1813341 -10885.7022147 1250572.51806 410043.450954 -592361.845477 -809702.632336 -187651.417089 -46970.2730126 -14856.3224739 -9073.4786239 2098214.69074 -213149.244065 -717085.800611 -719708.425195 -356567.094001 -57778.7066869 -21833.4803901 -12091.9397894 
-153659.909354 354204.218887 -15801.6127236 -147051.235049 -24905.8310169 -12912.620187 -1410.75523187 1537.74467637 -195344.507387 651637.132655 1436.338875 -371793.552589 -69916.4015479 -8578.82219563 -4979.13686758 -2461.05094302 -213149.244065 1023990.33992 -102181.667873 -436817.861102 -231216.895074 -26548.0674136 -9895.58008129 -4181.02430896 
-426789.577779 -216206.353716 303978.672749 232275.024938 65123.3756404 29265.7839584 11231.9220319 1121.15217779 -428659.039091 -249161.373988 451932.290798 181681.90382 31273.4541419 12015.6231345 1341.67827087 -424.53708642 -717085.800611 -102181.667873 751523.707204 160020.333951 -85317.1074193 -5588.74900371 -1220.08239105 -150.633856691 
-355977.885899 -253462.639879 270515.369113 264231.919403 61683.2675581 14405.3072663 736.147642481 -2131.48520511 -397360.265777 -504268.33044 261427.883851 555279.984475 81688.6276824 2871.64389293 432.750608723 -72.2942930614 -719708.425195 -436817.861102 160020.333951 924683.47074 70789.3605325 3083.8836164 -2354.86627922 304.10373579 
-186668.667938 -203936.29319 182061.272301 178455.028538 14481.600459 14388.3178859 1897.69092797 -678.948983566 -188867.259961 -259321.63707 -110612.048979 440064.1997 102348.358731 14513.0455977 1548.77656088 326.565421086 -356567.094001 -231216.895074 -85317.1074193 70789.3605325 567439.70067 31978.0422553 2033.95588385 860.037152206 
-16972.5391423 -21215.2989792 -1419.54589993 8555.82088044 10763.4635273 12600.1633978 5698.90361112 1989.03260475 -26033.9076398 -31196.9925222 -9922.52218286 9548.83698344 33931.907518 16093.6879004 5388.85499517 2190.13494796 -57778.7066869 -26548.0674136 -5588.74900371 3083.8836164 31978.0422553 40290.2869576 11273.2438475 3290.06642743 
-3796.75090654 -7363.49466995 -5334.72212788 -850.798395551 4295.31109222 4671.06210581 4017.78051017 4361.61239173 -8960.30705129 -12251.3007093 -1579.58276489 -2442.11816571 7037.01951495 7633.41081851 7593.53787935 2969.34047839 -21833.4803901 -9895.58008129 -1220.08239105 -2354.86627922 2033.95588385 11273.2438475 18004.2684871 3992.54092317 
-4207.8376474 -5657.7729174 -1453.09962712 -567.477767998 1579.32883281 1987.77273199 3632.4918424 4686.59455272 -5347.2311524 -5480.94887888 -320.51412012 -2636.62188727 1288.45104898 2421.68386426 3529.86102645 6545.32009897 -12091.9397894 -4181.02430896 -150.633856691 304.10373579 860.037152206 3290.06642743 3992.54092317 7976.84971649 
7662.18621459 2376.27167025 2624.20418365 -3647.96918287 -9531.13919678 -6367.51395084 965.522393003 5918.437869 5068.49305839 3633.43476953 2107.30528978 852.27328408 -5603.53616972 -7011.59270157 3423.05241549 -2469.42994597 4605.49595619 2616.30596486 2160.16544899 1977.853624 402.555553927 -7249.98200607 1336.68163717 -5849.07617906 
2376.27167025 13862.0795769 23255.2176388 4692.30142512 -18008.0236737 -14015.7351148 -2630.58478762 -9531.52673497 1361.41905136 6916.67762295 12172.1516833 12629.3801094 4020.17799137 -21133.4230057 -10023.9205643 -5942.46288828 2331.83272652 6486.67472161 9436.61086545 8063.13485716 12151.626674 -25080.4320605 -2274.2241152 -11115.223669 
2624.20418365 23255.2176388 410712.492779 45834.7167422 -172909.287621 -154743.473015 -63431.6557146 -91342.2149929 480.993570438 8668.31463147 24509.1267746 130436.357274 211105.662852 -193183.736537 -114155.688345 -67861.0302208 1941.85047253 8591.6096336 17365.025307 29807.4925534 121731.03078 -5272.38938774 -64852.6180756 -109312.001283 
-3647.96918287 4692.30142512 45834.7167422 1532524.27543 -402914.486183 -569372.556152 -263476.749739 -343639.532345 -2967.38108264 -923.920422912 10323.4081256 120682.582619 1131333.09397 -548487.316035 -434778.42536 -275182.041813 -2963.97858375 -1749.99293199 1244.35890442 60710.7315604 457669.23969 10398.2753793 -90042.8138398 -435265.820179 
-9531.13919678 -18008.0236737 -172909.287621 -402914.486183 2410857.72707 -730744.118298 -462850.079874 -613900.592222 -6199.51796816 -10647.3051218 -26412.5168934 -75157.5823715 705090.500995 508794.967193 -601919.964502 -493548.581331 -8048.59582405 -13535.8844775 -24187.4381553 -33631.1714016 -146800.256147 1120562.91009 -259508.688367 -634850.875716 
-6367.51395084 -14015.7351148 -154743.473015 -569372.556152 -730744.118298 2062438.68059 -127151.814779 -460043.469276 -3604.00157594 -6055.14391267 -12953.7124375 -91246.3488349 -955839.797709 1233905.29352 174496.435812 -338702.724861 -4292.98326576 -4977.81816643 -4701.38182151 -37497.7319198 -186342.878306 173986.911764 371748.246158 -307922.364443 
965.522393003 -2630.58478762 -63431.6557146 -263476.749739 -462850.079874 -127151.814779 945516.19378 -26940.8312786 -118.729638694 1441.99884011 -904.174909269 -31210.9336101 -466182.192544 -341060.530648 647174.221687 190860.340823 246.067962148 3647.85884522 8933.52793336 5819.36722472 -97326.8617426 -571457.148517 -6263.02959907 656400.217893 
5918.437869 -9531.52673497 -91342.2149929 -343639.532345 -613900.592222 -460043.469276 -26940.8312786 1539479.72898 5978.72458525 -3034.05640666 -8841.58763313 -66985.72847 -623923.909385 -631823.661784 335784.288857 992845.930237 6180.31055617 -1078.75358935 -10250.8684824 -35249.6764983 -161484.456502 -695888.145261 49856.4462017 847915.143576 
5068.49305839 1361.41905136 480.993570438 -2967.38108264 -6199.51796816 -3604.00157594 -118.729638694 5978.72458525 4879.34984529 1543.48914924 967.506433869 632.877485021 -4760.65030784 -5922.90165694 3674.64722621 -1014.31817484 4576.61242946 1857.95871018 1248.8787756 976.513197509 1035.04199602 -7735.99858499 1791.30928902 -3750.3158128 
3633.43476953 6916.67762295 8668.31463147 -923.920422912 -10647.3051218 -6055.14391267 1441.99884011 -3034.05640666 1543.48914924 7356.71478706 7895.53446452 5005.76273326 -3181.46486899 -11251.9135542 -4138.09690477 -3230.02580607 2275.69129547 6441.35185149 7913.9860498 6583.66086856 4444.0140636 -18053.9144985 -2507.39156963 -7097.39806082 
2107.30528978 12172.1516833 24509.1267746 10323.4081256 -26412.5168934 -12953.7124375 -904.174909269 -8841.58763313 967.506433869 7895.53446452 27184.5835636 26406.6123154 -10544.0858011 -36686.0867509 -11303.7865652 -3920.27766014 2496.6267094 9892.04112952 24638.991845 28360.5455769 15233.8949782 -61047.9288943 -8625.95101659 -10948.2203281 
852.27328408 12629.3801094 130436.357274 120682.582619 -75157.5823715 -91246.3488349 -31210.9336101 -66985.72847 632.877485021 5005.76273326 26406.6123154 209871.235878 58580.6483151 -168246.093066 -81238.3818024 -51012.6618577 1888.63909599 8978.3011845 36293.5975189 102983.202975 139184.799804 -129453.545958 -76148.8047769 -83726.1898434 
-5603.53616972 4020.17799137 211105.662852 1131333.09397 705090.500995 -955839.797709 -466182.192544 -623923.909385 -4760.65030784 -3181.46486899 -10544.0858011 58580.6483151 2588875.25091 -1275844.77027 -832656.109422 -520468.818559 -5588.070031 -7479.15987068 -8511.61887215 53926.6968886 501147.233266 932699.755211 -616711.237521 -849483.59907 
-7011.59270157 -21133.4230057 -193183.736537 -548487.316035 508794.967193 1233905.29352 -341060.530648 -631823.661784 -5922.90165694 -11251.9135542 -36686.0867509 -168246.093066 -1275844.77027 2833860.02631 -750302.194752 -585606.066264 -8384.04517098 -15207.06229 -35847.3899749 -108939.703829 -311331.277583 1150823.13015 257020.034046 -928133.685352 
3423.05241549 -10023.9205643 -114155.688345 -434778.42536 -601919.964502 174496.435812 647174.221687 335784.288857 3674.64722621 -4138.09690477 -11303.7865652 -81238.3818024 -832656.109422 -750302.194752 1768300.30773 -92336.3855127 3975.46781134 -2619.54670635 -13133.8396688 -42462.6516779 -207545.783512 -1037895.47107 667592.54385 632089.28097 
-2469.42994597 -5942.46288828 -67861.0302208 -275182.041813 -493548.581331 -338702.724861 190860.340823 992845.930237 -1014.31817484 -3230.02580607 -3920.27766014 -51012.6618577 -520468.818559 -585606.066264 -92336.3855127 1257588.55383 -1240.92213969 -1863.88400863 -12602.6056734 -41428.2639994 -142167.923013 -829336.026362 -222410.502301 1251050.1275 
4605.49595619 2331.83272652 1941.85047253 -2963.97858375 -8048.59582405 -4292.98326576 246.067962148 6180.31055617 4576.61242946 2275.69129547 2496.6267094 1888.63909599 -5588.070031 -8384.04517098 3975.46781134 -1240.92213969 5898.2768439 3504.87611715 3113.21720596 2712.04279751 1513.24286521 -11842.2837481 -118.3292498 -4781.0428318 
2616.30596486 6486.67472161 8591.6096336 -1749.99293199 -13535.8844775 -4977.81816643 3647.85884522 -1078.75358935 1857.95871018 6441.35185149 9892.04112952 8978.3011845 -7479.15987068 -15207.06229 -2619.54670635 -1863.88400863 3504.87611715 10938.0614029 12961.9954541 12075.102086 5436.30655768 -31152.059691 -6092.21759293 -7672.06433387 
2160.16544899 9436.61086545 17365.025307 1244.35890442 -24187.4381553 -4701.38182151 8933.52793336 -10250.8684824 1248.8787756 7913.9860498 24638.991845 36293.5975189 -8511.61887215 -35847.3899749 -13133.8396688 -12602.6056734 3113.21720596 12961.9954541 52374.1021642 60629.633677 16467.8133328 -93696.7528845 -25458.4637602 -26391.5451894 
1977.853624 8063.13485716 29807.4925534 60710.7315604 -33631.1714016 -37497.7319198 5819.36722472 -35249.6764983 976.513197509 6583.66086856 28360.5455769 102983.202975 53926.6968886 -108939.703829 -42462.6516779 -41428.2639994 2712.04279751 12075.102086 60629.633677 203825.029068 90414.8578168 -215572.670151 -79873.0201906 -74210.9751042 
402.555553927 12151.626674 121731.03078 457669.23969 -146800.256147 -186342.878306 -97326.8617426 -161484.456502 1035.04199602 4444.0140636 15233.8949782 139184.799804 501147.233266 -311331.277583 -207545.783512 -142167.923013 1513.24286521 5436.30655768 16467.8133328 90414.8578168 761379.768036 -416287.036681 -219036.293695 -239888.658232 
-7249.98200607 -25080.4320605 -5272.38938774 10398.2753793 1120562.91009 173986.911764 -571457.148517 -695888.145261 -7735.99858499 -18053.9144985 -61047.9288943 -129453.545958 932699.755211 1150823.13015 -1037895.47107 -829336.026362 -11842.2837481 -31152.059691 -93696.7528845 -215572.670151 -416287.036681 3265328.84528 -1111996.62629 -1384781.41584 
1336.68163717 -2274.2241152 -64852.6180756 -90042.8138398 -259508.688367 371748.246158 -6263.02959907 49856.4462017 1791.30928902 -2507.39156963 -8625.95101659 -76148.8047769 -616711.237521 257020.034046 667592.54385 -222410.502301 -118.3292498 -6092.21759293 -25458.4637602 -79873.0201906 -219036.293695 -1111996.62629 1789932.07044 -347357.119665 
-5849.07617906 -11115.223669 -109312.001283 -435265.820179 -634850.875716 -307922.364443 656400.217893 847915.143576 -3750.3158128 -7097.39806082 -10948.2203281 -83726.1898434 -849483.59907 -928133.685352 632089.28097 1251050.1275 -4781.0428318 -7672.06433387 -26391.5451894 -74210.9751042 -239888.658232 -1384781.41584 -347357.119665 2085082.82119 
7150.27366131 6939.8878369 3122.84222998 -4037.04700748 -11097.1460447 -2924.27274175 -3216.85604922 4062.31811492 6962.77675008 5923.9807963 3063.70609383 -718.009143947 -11657.1634356 -2231.38083003 -2232.68654616 888.776315566 7583.53354394 6186.57849164 2004.9810583 -6178.62422099 -2180.72624692 -7111.42516256 3721.64488055 -4025.96234397 
6939.8878369 25677.1111856 17363.8750109 -4798.61341317 -26174.5907016 -9234.60990607 -11800.2964492 2027.23643668 6566.40348835 20727.8926766 14805.7863277 4416.62498868 -29547.3891366 -939.705164912 -12486.8737788 -3542.73940103 8636.61770397 22827.9217217 12798.6734187 -12192.2862478 -7857.04342858 -16094.041088 8842.94653772 -16962.7886177 
3122.84222998 17363.8750109 185191.49027 41217.2350187 -77592.52644 -66560.0971161 -64231.457438 -38511.3615357 2516.94167091 11707.8795465 25547.851145 22169.3753154 114172.077818 -38351.7965889 -79784.5809194 -57977.7479871 4977.87860079 18604.9902383 27731.7677778 -26256.7758163 -27724.4300159 34954.222969 84619.5104205 -116907.164174 
-4037.04700748 -4798.61341317 41217.2350187 1063611.79501 -153383.612286 -351644.64405 -335494.282838 -255470.830434 -5476.5050086 -7927.55231387 7630.65807857 102816.553051 678769.106467 -35155.8703249 -414739.478266 -325916.911684 -5667.89214519 -605.53671015 29132.0267837 -56594.2090088 -53540.4265458 529963.806432 -13076.5259244 -429611.242881 
-11097.1460447 -26174.5907016 -77592.52644 -153383.612286 1678651.21058 -329104.838518 -598034.678201 -483263.818391 -12053.493997 -22396.062072 -15817.1727352 213098.067372 759532.9726 -126146.610214 -177176.108615 -619041.592339 -14628.3808725 -21249.8694155 38135.2308428 679912.220611 201536.472943 -256790.470432 -287258.187339 -339657.016338 
-2924.27274175 -9234.60990607 -66560.0971161 -351644.64405 -329104.838518 1209650.48093 -130185.778963 -319996.239637 -2839.95938349 -4462.773826 -10628.7115931 -85726.587999 -280156.528367 488238.862378 211414.461492 -315838.762701 -3989.14002981 -8981.43866755 -5010.10729768 -18920.3596643 248048.443759 -27696.3271942 -84186.1506608 -99264.9202444 
-3216.85604922 -11800.2964492 -64231.457438 -335494.282838 -598034.678201 -130185.778963 1170731.76015 -27768.41021 -943.299364795 -7897.81334669 -20337.4388712 -144386.68831 -673198.398942 -62621.2349283 516532.272755 392852.601009 -2038.99014439 -15448.540137 -58273.3105912 -283657.3659 -156534.532424 -79390.6013671 159795.383278 435547.957286 
4062.31811492 2027.23643668 -38511.3615357 -255470.830434 -483263.818391 -319996.239637 -27768.41021 1118921.10566 5267.13584458 4324.4485392 -4264.67844553 -111669.335274 -557914.677003 -222792.264327 -41527.0061222 928576.376788 5126.37334315 -1334.10552135 -46519.2619924 -276112.599753 -201747.75804 -177835.164157 127541.378807 570881.137313 
6962.77675008 6566.40348835 2516.94167091 -5476.5050086 -12053.493997 -2839.95938349 -943.299364795 5267.13584458 7953.82913102 6624.32559668 3525.71450432 -552.901912483 -13356.1282397 -3861.05539858 -1329.22512807 995.441446849 8557.09510023 6744.91080431 2318.02892618 -6358.17337354 -2438.63618767 -6061.62661796 3658.48964644 -6420.08829799 
5923.9807963 20727.8926766 11707.8795465 -7927.55231387 -22396.062072 -4462.773826 -7897.81334669 4324.4485392 6624.32559668 22058.5622238 14332.8348665 4000.18312414 -27604.4025446 -4831.5655446 -11790.3259578 -2789.61176409 8522.67937882 22170.9833694 11625.8703175 -9600.16865466 -4819.44766421 -13641.4140959 6177.85084931 -20436.3535003 
3063.70609383 14805.7863277 25547.851145 7630.65807857 -15817.1727352 -10628.7115931 -20337.4388712 -4264.67844553 3525.71450432 14332.8348665 32403.0901306 32321.1019461 -21616.1375089 -3771.84065675 -35062.9891267 -22131.774155 6005.13300115 20936.7859934 33243.2085376 8849.68733056 9576.49227563 -19132.9062667 3073.84730992 -62552.2481815 
-718.009143947 4416.62498868 22169.3753154 102816.553051 213098.067372 -85726.587999 -144386.68831 -111669.335274 -552.901912483 4000.18312414 32321.1019461 256175.835733 143840.574747 -64920.6874168 -207825.329023 -163038.777198 1552.78586219 15537.4283126 74369.0340752 282898.988104 108180.69061 -104880.585897 -59921.2821911 -317737.058877 
-11657.1634356 -29547.3891366 114172.077818 678769.106467 759532.9726 -280156.528367 -673198.398942 -557914.677003 -13356.1282397 -27604.4025446 -21616.1375089 143840.574747 1854993.75102 -291277.812201 -919725.112119 -725254.733155 -15461.6627147 -26236.4295607 37845.8752411 589413.334956 310621.102662 556594.493455 -165542.079281 -1287234.63476 
-2231.38083003 -939.705164912 -38351.7965889 -35155.8703249 -126146.610214 488238.862378 -62621.2349283 -222792.264327 -3861.05539858 -4831.5655446 -3771.84065675 -64920.6874168 -291277.812201 952910.20729 -230254.094152 -353993.151921 -3827.55606416 -3108.65464229 23555.0247757 -26606.8210572 209981.483841 159835.032549 29169.6998667 -388998.209269 
-2232.68654616 -12486.8737788 -79784.5809194 -414739.478266 -177176.108615 211414.461492 516532.272755 -41527.0061222 -1329.22512807 -11790.3259578 -35062.9891267 -207825.329023 -919725.112119 -230254.094152 1597382.45125 -191395.375741 -3303.53994537 -22434.6997399 -101770.893795 -457536.08014 -299339.908982 -220277.281774 179877.699663 924784.704714 
888.776315566 -3542.73940103 -57977.7479871 -325916.911684 -619041.592339 -315838.762701 392852.601009 928576.376788 995.441446849 -2789.61176409 -22131.774155 -163038.777198 -725254.733155 -353993.151921 -191395.375741 1457607.98249 -2044.93461816 -13610.3245368 -81186.148078 -381060.767165 -331761.776555 -352435.711352 3505.77413663 1158593.88817 
7583.53354394 8636.61770397 4977.87860079 -5667.89214519 -14628.3808725 -3989.14002981 -2038.99014439 5126.37334315 8557.09510023 8522.67937882 6005.13300115 1552.78586219 -15461.6627147 -3827.55606416 -3303.53994537 -2044.93461816 11123.2545431 9876.32521787 6474.52998561 -5173.76728467 -2578.28590845 -9346.38918838 4579.11397451 -14954.7813396 
6186.57849164 22827.9217217 18604.9902383 -605.53671015 -21249.8694155 -8981.43866755 -15448.540137 -1334.10552135 6744.91080431 22170.9833694 20936.7859934 15537.4283126 -26236.4295607 -3108.65464229 -22434.6997399 -13610.3245368 9876.32521787 33980.0029992 39258.1136087 3487.53368164 -11599.036848 -30597.1833451 2079.23387495 -46484.9891893 
2004.9810583 12798.6734187 27731.7677778 29132.0267837 38135.2308428 -5010.10729768 -58273.3105912 -46519.2619924 2318.02892618 11625.8703175 33243.2085376 74369.0340752 37845.8752411 23555.0247757 -101770.893795 -81186.148078 6474.52998561 39258.1136087 157276.485937 127150.254656 -14518.4091249 -98751.7880776 -31088.6700685 -185800.516917 
-6178.62422099 -12192.2862478 -26256.7758163 -56594.2090088 679912.220611 -18920.3596643 -283657.3659 -276112.599753 -6358.17337354 -9600.16865466 8849.68733056 282898.988104 589413.334956 -26606.8210572 -457536.08014 -381060.767165 -5173.76728467 3487.53368164 127150.254656 1082386.33381 102107.455965 -397604.994443 -188504.147878 -723848.668511 
-2180.72624692 -7857.04342858 -27724.4300159 -53540.4265458 201536.472943 248048.443759 -156534.532424 -201747.75804 -2438.63618767 -4819.44766421 9576.49227563 108180.69061 310621.102662 209981.483841 -299339.908982 -331761.776555 -2578.28590845 -11599.036848 -14518.4091249 102107.455965 833172.841832 -74204.4702229 -129355.11233 -703024.983363 
-7111.42516256 -16094.041088 34954.222969 529963.806432 -256790.470432 -27696.3271942 -79390.6013671 -177835.164157 -6061.62661796 -13641.4140959 -19132.9062667 -104880.585897 556594.493455 159835.032549 -220277.281774 -352435.711352 -9346.38918838 -30597.1833451 -98751.7880776 -397604.994443 -74204.4702229 1430554.30768 -25125.6053154 -794923.877086 
3721.64488055 8842.94653772 84619.5104205 -13076.5259244 -287258.187339 -84186.1506608 159795.383278 127541.378807 3658.48964644 6177.85084931 3073.84730992 -59921.2821911 -165542.079281 29169.6998667 179877.699663 3505.77413663 4579.11397451 2079.23387495 -31088.6700685 -188504.147878 -129355.11233 -25125.6053154 523762.759178 -156347.571436 
-4025.96234397 -16962.7886177 -116907.164174 -429611.242881 -339657.016338 -99264.9202444 435547.957286 570881.137313 -6420.08829799 -20436.3535003 -62552.2481815 -317737.058877 -1287234.63476 -388998.209269 924784.704714 1158593.88817 -14954.7813396 -46484.9891893 -185800.516917 -723848.668511 -703024.983363 -794923.877086 -156347.571436 2625385.38784 
881925.940503 26180.9219083 -327863.025408 -341672.439577 -189089.415697 -34970.516034 -8749.44555049 -5762.02014463 629448.653378 183662.116261 -172207.63153 -469283.823461 -131821.944547 -28113.2741083 -5800.14628116 -5883.9497124 661056.799959 78152.0387553 -317318.568806 -223492.533701 -92172.6661865 -95057.0305624 -5465.6325116 -5702.40694697 
26180.9219083 915064.057838 -199065.363258 -425298.337863 -255718.103981 -43842.320604 -12495.5080157 -4825.34602424 74956.1853628 776390.882251 -21698.9492605 -626970.578564 -160388.968969 -31840.5228561 -8155.51546813 -2292.53249633 204332.650522 568699.560504 -260816.872274 -260748.568693 -111252.32839 -136943.41253 -4272.21666582 1001.18752648 
-327863.025408 -199065.363258 1095771.13975 -210285.110402 -264256.662039 -46951.1624819 -20617.3876748 -26732.4284885 -255612.67874 -202884.242448 355854.677001 271895.989645 -94698.6468061 -33863.6681233 -18210.3129503 -22481.1175788 -282981.940231 -144639.626538 79992.4468732 -138394.50588 102390.46453 417166.171807 -14054.2973996 -19478.7131624 
-341672.439577 -425298.337863 -210285.110402 836532.174178 179531.238825 -6479.84109099 -12849.6599846 -19478.0240847 -265750.778251 -424883.763081 13850.2526761 600116.791541 111345.000967 -5038.75090986 -13333.7254118 -16305.0275305 -329095.240052 -222991.283391 272871.203955 404261.988835 37496.2934982 -135479.732388 -11348.9001291 -15714.3303276 
-189089.415697 -255718.103981 -264256.662039 179531.238825 500042.41347 35612.0099969 2439.73894625 -8561.21952122 -148542.126642 -264978.334986 -143431.340835 332350.151424 216638.93935 17034.1142674 -78.1091094623 -8993.29346904 -193562.532919 -206091.702357 263990.427549 205070.260139 10642.5179088 -67861.5802415 -2324.56526452 -9862.82481528 
-34970.516034 -43842.320604 -46951.1624819 -6479.84109099 35612.0099969 65487.055859 21117.8226959 10026.951659 -24453.7990663 -47112.6352978 -16397.0331984 -38938.5272074 50113.9980832 52583.726571 16620.9894125 7583.28070321 -38838.1141204 -44963.5538956 -3829.28583258 19926.5133891 38401.5230549 11164.6039748 12501.5079473 5636.80548239 
-8749.44555049 -12495.5080157 -20617.3876748 -12849.6599846 2439.73894625 21117.8226959 18734.8805564 12419.559027 -3728.39317146 -14557.6872788 -7774.43360517 -29183.4597037 9464.26635728 20114.8982002 15836.3171998 9828.49200184 -9147.45678788 -16864.0812591 -14115.6568414 550.720866725 11440.1967012 7783.51238436 12201.8806573 8150.88427865 
-5762.02014463 -4825.34602424 -26732.4284885 -19478.0240847 -8561.21952122 10026.951659 12419.559027 42912.5275773 -6317.0628708 -5636.33542027 -8195.54124826 -39986.5436741 -652.644436146 9123.47695899 13120.5026085 38544.148082 -11764.1663707 -11301.3518186 -20773.6946237 -7173.87495713 3053.99888378 -772.532444316 12762.2233659 35969.3979647 
629448.653378 74956.1853628 -255612.67874 -265750.778251 -148542.126642 -24453.7990663 -3728.39317146 -6317.0628708 740346.08579 34052.2561761 -209493.860789 -416301.706514 -114765.164769 -22874.9746095 -2576.72867756 -8385.90660728 778277.445053 -113573.449537 -297143.77736 -191645.940034 -80128.879786 -83619.5505862 -2757.35226713 -9408.49548201 
183662.116261 776390.882251 -202884.242448 -424883.763081 -264978.334986 -47112.6352978 -14557.6872788 -5636.33542027 34052.2561761 990072.185238 -53919.2513244 -713945.8674 -197060.434112 -42606.5946644 -13120.6210358 -3471.67287822 169143.450514 724443.68107 -300871.701579 -301975.620667 -127355.741953 -154925.522808 -8289.4046824 -169.139894314 
-172207.63153 -21698.9492605 355854.677001 13850.2526761 -143431.340835 -16397.0331984 -7774.43360517 -8195.54124826 -209493.860789 -53919.2513244 659415.102235 -272885.627964 -95699.3999946 -12400.7511616 -8583.52958297 -6432.68141767 -206279.368445 93920.0628636 361147.409242 -47771.0183267 -58465.0126616 -132300.92789 -5384.68582168 -4866.45896094 
-469283.823461 -626970.578564 271895.989645 600116.791541 332350.151424 -38938.5272074 -29183.4597037 -39986.5436741 -416301.706514 -713945.8674 -272885.627964 1416902.36053 91782.3959578 -42592.1253255 -28462.0316835 -34497.3976025 -540054.355077 -493792.714715 205173.474916 386884.827111 159094.663866 338465.084761 -23492.2011756 -32278.779687 
-131821.944547 -160388.968969 -94698.6468061 111345.000967 216638.93935 50113.9980832 9464.26635728 -652.644436146 -114765.164769 -197060.434112 -95699.3999946 91782.3959578 269426.936661 40226.3017322 7935.8646478 -1846.50012338 -147399.606993 -150272.853933 73524.610492 147546.52175 62463.6667221 13464.0837946 4114.21989685 -3440.64173024 
-28113.2741083 -31840.5228561 -33863.6681233 -5038.75090986 17034.1142674 52583.726571 20114.8982002 9123.47695899 -22874.9746095 -42606.5946644 -12400.7511616 -42592.1253255 40226.3017322 55740.7828791 17597.7426352 6909.61851449 -33653.7175034 -37940.6472229 -9756.88898944 14243.9510408 34220.2034064 14738.7552902 12794.7258499 5353.61812837 
-5800.14628116 -8155.51546813 -18210.3129503 -13333.7254118 -78.1091094623 16620.9894125 15836.3171998 13120.5026085 -2576.72867756 -13120.6210358 -8583.52958297 -28462.0316835 7935.8646478 17597.7426352 17514.8958673 9694.40782954 -6380.74056505 -14677.8056846 -14337.1951341 -1027.70912346 8561.38723687 6113.3970445 13524.9779425 8223.68828332 
-5883.9497124 -2292.53249633 -22481.1175788 -16305.0275305 -8993.29346904 7583.28070321 9828.49200184 38544.148082 -8385.90660728 -3471.67287822 -6432.68141767 -34497.3976025 -1846.50012338 6909.61851449 9694.40782954 38030.132285 -13653.1069839 -8106.27284161 -17735.9315876 -6255.01175103 1609.71316985 -1935.319606 9489.72025752 36586.2093428 
661056.799959 204332.650522 -282981.940231 -329095.240052 -193562.532919 -38838.1141204 -9147.45678788 -11764.1663707 778277.445053 169143.450514 -206279.368445 -540054.355077 -147399.606993 -33653.7175034 -6380.74056505 -13653.1069839 1045767.09049 -95448.4373753 -408822.875176 -273707.552643 -119620.286291 -125654.461295 -7200.7070351 -15312.7706793 
78152.0387553 568699.560504 -144639.626538 -222991.283391 -206091.702357 -44963.5538956 -16864.0812591 -11301.3518186 -113573.449537 724443.68107 93920.0628636 -493792.714715 -150272.853933 -37940.6472229 -14677.8056846 -8106.27284161 -95448.4373753 989575.139254 -164561.485549 -351501.906051 -163196.794229 -196027.501652 -12988.4954508 -5850.51894653 
-317318.568806 -260816.872274 79992.4468732 272871.203955 263990.427549 -3829.28583258 -14115.6568414 -20773.6946237 -297143.77736 -300871.701579 361147.409242 205173.474916 73524.610492 -9756.88898944 -14337.1951341 -17735.9315876 -408822.875176 -164561.485549 830587.337299 44626.842162 -96025.4442266 -174912.274257 -14311.8415027 -16580.2587493 
-223492.533701 -260748.568693 -138394.50588 404261.988835 205070.260139 19926.5133891 550.720866725 -7173.87495713 -191645.940034 -301975.620667 -47771.0183267 386884.827111 147546.52175 14243.9510408 -1027.70912346 -6255.01175103 -273707.552643 -351501.906051 44626.842162 602706.904859 67257.8132696 -81122.0899279 -1531.17004333 -6728.84162503 
-92172.6661865 -111252.32839 102390.46453 37496.2934982 10642.5179088 38401.5230549 11440.1967012 3053.99888378 -80128.879786 -127355.741953 -58465.0126616 159094.663866 62463.6667221 34220.2034064 8561.38723687 1609.71316985 -119620.286291 -163196.794229 -96025.4442266 67257.8132696 280993.779387 22236.0041862 7555.9304198 798.997484319 
-95057.0305624 -136943.41253 417166.171807 -135479.732388 -67861.5802415 11164.6039748 7783.51238436 -772.532444316 -83619.5505862 -154925.522808 -132300.92789 338465.084761 13464.0837946 14738.7552902 6113.3970445 -1935.319606 -125654.461295 -196027.501652 -174912.274257 -81122.0899279 22236.0041862 551311.437633 6375.55350863 -2206.66819631 
-5465.6325116 -4272.21666582 -14054.2973996 -11348.9001291 -2324.56526452 12501.5079473 12201.8806573 12762.2233659 -2757.35226713 -8289.4046824 -5384.68582168 -23492.2011756 4114.21989685 12794.7258499 13524.9779425 9489.72025752 -7200.7070351 -12988.4954508 -14311.8415027 -1531.17004333 7555.9304198 6375.55350863 13824.3541623 8276.37594126 
-5702.40694697 1001.18752648 -19478.7131624 -15714.3303276 -9862.82481528 5636.80548239 8150.88427865 35969.3979647 -9408.49548201 -169.139894314 -4866.45896094 -32278.779687 -3440.64173024 5353.61812837 8223.68828332 36586.2093428 -15312.7706793 -5850.51894653 -16580.2587493 -6728.84162503 798.997484319 -2206.66819631 8276.37594126 37603.6847709 
46084.0926136 17236.8908581 6695.56798562 -9551.22867695 -11871.948294 -21975.5719457 -21587.0116137 -5030.79092692 28710.2902163 28912.7155772 6523.6183791 -21750.8102721 -25490.8667029 -20068.1961432 2846.97844115 316.270504384 28054.5722754 3381.98278342 -19027.0882695 -25674.5486876 -1076.91397051 4732.43960787 3716.16619095 5893.39007003 
17236.8908581 43507.8995363 19437.9835594 -2360.27990657 -18898.7796129 -26347.0050641 -28473.4424348 -4103.26693539 13832.8352327 31116.1187795 16364.2936476 -7201.55119629 -22634.7418261 -24245.5352778 -6558.37654734 -673.042812356 17678.494763 11556.8549688 -15746.5187749 -27132.0677521 -4003.50543024 10598.1829646 2519.91181343 4528.64744744 
6695.56798562 19437.9835594 79638.8908552 60588.298751 -31673.2497274 -54353.0074318 -70487.7695233 -9846.71446883 6934.24006712 17687.7635478 53703.3540194 44308.6075073 -46521.5936159 -54799.3658796 -21264.4859098 -48.5197363233 10630.4386849 11052.3297917 15719.2871718 -25159.4151241 -24344.9693988 6874.49836827 -3429.23198521 8657.06249141 
-9551.22867695 -2360.27990657 60588.298751 1224099.13157 -138406.922692 -533845.876904 -482750.761932 -117772.360206 -5517.2576133 -7452.48066187 79092.369939 971912.045912 -314782.59063 -473527.146267 -177515.988929 -72208.9517508 -25304.5973645 -104281.534348 551475.598324 75450.3622962 -300983.720421 -94650.5062002 -80630.8503118 -21074.7519746 
-11871.948294 -18898.7796129 -31673.2497274 -138406.922692 1541917.4041 -454679.741866 -695485.415537 -190901.34637 -12087.9820286 -18167.737797 -22587.0565339 114052.300832 724221.160532 -414668.392733 -246628.246373 -124134.045898 -42903.8592606 -102614.919557 -98536.6501696 423320.241899 82110.7455257 -103871.351225 -105442.010687 -52062.1965264 
-21975.5719457 -26347.0050641 -54353.0074318 -533845.876904 -454679.741866 1611096.26914 -310858.067652 -209036.998281 -15790.8277582 -26349.181901 -69388.0219747 -403898.859659 271754.55494 449886.013607 -70139.4682533 -136074.209 9704.47385098 100763.542371 -123655.497826 -188927.067744 223973.318451 117530.016007 -87980.0092777 -51408.7758325 
-21587.0116137 -28473.4424348 -70487.7695233 -482750.761932 -695485.415537 -310858.067652 1625178.66904 -15536.2003468 -15377.5133999 -26993.5332141 -56510.4063791 -537713.08987 -370150.693747 574990.663847 481872.003969 -50117.4312063 -617.809477486 105268.890634 -212981.415107 -37791.8463581 129726.424164 38843.5932518 -6779.10625662 -15668.7308512 
-5030.79092692 -4103.26693539 -9846.71446883 -117772.360206 -190901.34637 -209036.998281 -15536.2003468 552227.677535 -703.784716156 1246.33566946 -7198.15109748 -159708.643254 -216395.228949 -37568.0411535 37387.5836018 382939.9299 2758.28652836 -25127.1466444 -97247.7153496 -194085.658529 -105401.37892 19943.1272257 278025.130513 121135.355176 
28710.2902163 13832.8352327 6934.24006712 -5517.2576133 -12087.9820286 -15790.8277582 -15377.5133999 -703.784716156 33624.5272624 13978.5774886 5118.88661479 -13237.7969363 -17201.3028407 -19905.0178425 -2867.39582963 489.522083292 34344.2745848 5478.41650128 -22047.8120506 -24100.3764691 -6250.09931124 4406.72078659 2252.87036021 5916.00559812 
28912.7155772 31116.1187795 17687.7635478 -7452.48066187 -18167.737797 -26349.181901 -26993.5332141 1246.33566946 13978.5774886 56253.8840511 18862.4913325 -23007.3730259 -32651.2393035 -31599.2262395 -3653.54281867 1816.42851541 27187.2673376 23745.2223194 -20830.8922935 -39903.492463 -6030.00641146 4127.2152581 5011.97491827 6692.71133463 
6523.6183791 16364.2936476 53703.3540194 79092.369939 -22587.0565339 -69388.0219747 -56510.4063791 -7198.15109748 5118.88661479 18862.4913325 162181.42697 81269.390796 -114121.649446 -117096.433982 -39137.6330285 2923.52074355 16209.5359134 93950.1866271 61273.908254 -102874.457593 -67252.7229844 -5999.948817 -7564.80606452 12258.3046641 
-21750.8102721 -7201.55119629 44308.6075073 971912.045912 114052.300832 -403898.859659 -537713.08987 -159708.643254 -13237.7969363 -23007.3730259 81269.390796 1591183.90561 -513891.566733 -744160.783452 -265226.715083 -112929.061178 12359.4319869 67147.2926702 757871.690092 -65621.6438074 -468039.473765 -146837.502589 -113675.372624 -43204.4219635 
