24 2 3
0.394299266684 0.605700733316 
0.48001832863 0.51998167137 
0.490917710767 0.509082289233 
10.7499539774 29.4046788919 201.397490204 685.741742053 1188.17415249 979.020628092 455.929558551 545.58179574 7.48408595079 18.7921067904 50.5758598883 177.40352096 1217.36456773 1418.87162151 755.367753988 450.140483188 10.8987226805 25.1338556623 66.0176726358 151.627984217 372.170814605 1939.54393798 788.459184591 742.147827627 
794.68744211 1218.4636717 1120.30306732 638.434534891 186.172118522 88.4259325187 32.7814925782 16.7317403573 730.317827473 1126.26050362 1030.55773915 867.401203139 235.525053387 71.8010490607 22.8180254598 11.318598707 1324.41939383 990.255867573 752.678132123 624.714029169 305.420231277 60.3091847831 25.5438547258 12.6593065159 
569.602216247 849.24768546 507.969505646 318.045547227 365.531788171 387.138589293 574.253255792 524.211412166 520.056214785 910.72700071 526.099375631 271.393690109 179.346503766 293.578462123 760.334604558 634.46414832 725.492756069 936.836770409 433.036766784 225.014109751 207.0001005 257.239340852 266.362964375 1045.01719126 
25.9454315316 138.849447744 741.827058691 1184.71221905 1180.39811379 595.237066428 173.054506789 55.976155975 29.8992033986 133.615327392 515.199285507 1302.93171173 1389.82123008 555.79627139 125.754480179 42.982490328 63.7264328012 346.190643639 885.402946468 1101.94069109 764.43727324 761.462839424 137.774386475 35.0647868621 
58.1192509305 70.2808292817 129.24028443 657.050566976 944.504100916 1106.94412396 876.208004954 253.65283855 52.5302609977 90.2330739996 217.63962064 943.232810505 1234.84128086 1018.52108573 362.551880028 176.449987235 130.733467013 477.262161567 970.040016611 1262.6147669 721.526096378 273.062571171 169.964196159 90.7967241968 
838.808928971 874.135285197 1044.99097092 706.808651274 345.608375313 195.939605754 70.6912435868 19.0169389896 775.678257353 1034.21843313 1407.93700083 587.738396798 168.049021741 80.8300994413 27.6518240832 13.8969666201 1278.01428933 1688.14799512 716.057832505 252.402097909 89.3697926532 41.7087135047 17.1908147073 13.1084642641 
7662.18621459 2376.27167025 2624.20418365 -3647.96918287 -9531.13919678 -6367.51395084 965.522393003 5918.437869 5068.49305839 3633.43476953 2107.30528978 852.27328408 -5603.53616972 -7011.59270157 3423.05241549 -2469.42994597 4605.49595619 2616.30596486 2160.16544899 1977.853624 402.555553927 -7249.98200607 1336.68163717 -5849.07617906 
2376.27167025 13862.0795769 23255.2176388 4692.30142512 -18008.0236737 -14015.7351148 -2630.58478762 -9531.52673497 1361.41905136 6916.67762295 12172.1516833 12629.3801094 4020.17799137 -21133.4230057 -10023.9205643 -5942.46288828 2331.83272652 6486.67472161 9436.61086545 8063.13485716 12151.626674 -25080.4320605 -2274.2241152 -11115.223669 
2624.20418365 23255.2176388 410712.492779 45834.7167422 -172909.287621 -154743.473015 -63431.6557146 -91342.2149929 480.993570438 8668.31463147 24509.1267746 130436.357274 211105.662852 -193183.736537 -114155.688345 -67861.0302208 1941.85047253 8591.6096336 17365.025307 29807.4925534 121731.03078 -5272.38938774 -64852.6180756 -109312.001283 
-3647.96918287 4692.30142512 45834.7167422 1532524.27543 -402914.486183 -569372.556152 -263476.749739 -343639.532345 -2967.38108264 -923.920422912 10323.4081256 120682.582619 1131333.09397 -548487.316035 -434778.42536 -275182.041813 -2963.97858375 -1749.99293199 1244.35890442 60710.7315604 457669.23969 10398.2753793 -90042.8138398 -435265.820179 
-9531.13919678 -18008.0236737 -172909.287621 -402914.486183 2410857.72707 -730744.118298 -462850.079874 -613900.592222 -6199.51796816 -10647.3051218 -26412.5168934 -75157.5823715 705090.500995 508794.967193 -601919.964502 -493548.581331 -8048.59582405 -13535.8844775 -24187.4381553 -33631.1714016 -146800.256147 1120562.91009 -259508.688367 -634850.875716 
-6367.51395084 -14015.7351148 -154743.473015 -569372.556152 -730744.118298 2062438.68059 -127151.814779 -460043.469276 -3604.00157594 -6055.14391267 -12953.7124375 -91246.3488349 -955839.797709 1233905.29352 174496.435812 -338702.724861 -4292.98326576 -4977.81816643 -4701.38182151 -37497.7319198 -186342.878306 173986.911764 371748.246158 -307922.364443 
965.522393003 -2630.58478762 -63431.6557146 -263476.749739 -462850.079874 -127151.814779 945516.19378 -26940.8312786 -118.729638694 1441.99884011 -904.174909269 -31210.9336101 -466182.192544 -341060.530648 647174.221687 190860.340823 246.067962148 3647.85884522 8933.52793336 5819.36722472 -97326.8617426 -571457.148517 -6263.02959907 656400.217893 
5918.437869 -9531.52673497 -91342.2149929 -343639.532345 -613900.592222 -460043.469276 -26940.8312786 1539479.72898 5978.72458525 -3034.05640666 -8841.58763313 -66985.72847 -623923.909385 -631823.661784 335784.288857 992845.930237 6180.31055617 -1078.75358935 -10250.8684824 -35249.6764983 -161484.456502 -695888.145261 49856.4462017 847915.143576 
5068.49305839 1361.41905136 480.993570438 -2967.38108264 -6199.51796816 -3604.00157594 -118.729638694 5978.72458525 4879.34984529 1543.48914924 967.506433869 632.877485021 -4760.65030784 -5922.90165694 3674.64722621 -1014.31817484 4576.61242946 1857.95871018 1248.8787756 976.513197509 1035.04199602 -7735.99858499 1791.30928902 -3750.3158128 
3633.43476953 6916.67762295 8668.31463147 -923.920422912 -10647.3051218 -6055.14391267 1441.99884011 -3034.05640666 1543.48914924 7356.71478706 7895.53446452 5005.76273326 -3181.46486899 -11251.9135542 -4138.09690477 -3230.02580607 2275.69129547 6441.35185149 7913.9860498 6583.66086856 4444.0140636 -18053.9144985 -2507.39156963 -7097.39806082 
2107.30528978 12172.1516833 24509.1267746 10323.4081256 -26412.5168934 -12953.7124375 -904.174909269 -8841.58763313 967.506433869 7895.53446452 27184.5835636 26406.6123154 -10544.0858011 -36686.0867509 -11303.7865652 -3920.27766014 2496.6267094 9892.04112952 24638.991845 28360.5455769 15233.8949782 -61047.9288943 -8625.95101659 -10948.2203281 
852.27328408 12629.3801094 130436.357274 120682.582619 -75157.5823715 -91246.3488349 -31210.9336101 -66985.72847 632.877485021 5005.76273326 26406.6123154 209871.235878 58580.6483151 -168246.093066 -81238.3818024 -51012.6618577 1888.63909599 8978.3011845 36293.5975189 102983.202975 139184.799804 -129453.545958 -76148.8047769 -83726.1898434 
-5603.53616972 4020.17799137 211105.662852 1131333.09397 705090.500995 -955839.797709 -466182.192544 -623923.909385 -4760.65030784 -3181.46486899 -10544.0858011 58580.6483151 2588875.25091 -1275844.77027 -832656.109422 -520468.818559 -5588.070031 -7479.15987068 -8511.61887215 53926.6968886 501147.233266 932699.755211 -616711.237521 -849483.59907 
-7011.59270157 -21133.4230057 -193183.736537 -548487.316035 508794.967193 1233905.29352 -341060.530648 -631823.661784 -5922.90165694 -11251.9135542 -36686.0867509 -168246.093066 -1275844.77027 2833860.02631 -750302.194752 -585606.066264 -8384.04517098 -15207.06229 -35847.3899749 -108939.703829 -311331.277583 1150823.13015 257020.034046 -928133.685352 
3423.05241549 -10023.9205643 -114155.688345 -434778.42536 -601919.964502 174496.435812 647174.221687 335784.288857 3674.64722621 -4138.09690477 -11303.7865652 -81238.3818024 -832656.109422 -750302.194752 1768300.30773 -92336.3855127 3975.46781134 -2619.54670635 -13133.8396688 -42462.6516779 -207545.783512 -1037895.47107 667592.54385 632089.28097 
-2469.42994597 -5942.46288828 -67861.0302208 -275182.041813 -493548.581331 -338702.724861 190860.340823 992845.930237 -1014.31817484 -3230.02580607 -3920.27766014 -51012.6618577 -520468.818559 -585606.066264 -92336.3855127 1257588.55383 -1240.92213969 -1863.88400863 -12602.6056734 -41428.2639994 -142167.923013 -829336.026362 -222410.502301 1251050.1275 
4605.49595619 2331.83272652 1941.85047253 -2963.97858375 -8048.59582405 -4292.98326576 246.067962148 6180.31055617 4576.61242946 2275.69129547 2496.6267094 1888.63909599 -5588.070031 -8384.04517098 3975.46781134 -1240.92213969 5898.2768439 3504.87611715 3113.21720596 2712.04279751 1513.24286521 -11842.2837481 -118.3292498 -4781.0428318 
2616.30596486 6486.67472161 8591.6096336 -1749.99293199 -13535.8844775 -4977.81816643 3647.85884522 -1078.75358935 1857.95871018 6441.35185149 9892.04112952 8978.3011845 -7479.15987068 -15207.06229 -2619.54670635 -1863.88400863 3504.87611715 10938.0614029 12961.9954541 12075.102086 5436.30655768 -31152.059691 -6092.21759293 -7672.06433387 
2160.16544899 9436.61086545 17365.025307 1244.35890442 -24187.4381553 -4701.38182151 8933.52793336 -10250.8684824 1248.8787756 7913.9860498 24638.991845 36293.5975189 -8511.61887215 -35847.3899749 -13133.8396688 -12602.6056734 3113.21720596 12961.9954541 52374.1021642 60629.633677 16467.8133328 -93696.7528845 -25458.4637602 -26391.5451894 
1977.853624 8063.13485716 29807.4925534 60710.7315604 -33631.1714016 -37497.7319198 5819.36722472 -35249.6764983 976.513197509 6583.66086856 28360.5455769 102983.202975 53926.6968886 -108939.703829 -42462.6516779 -41428.2639994 2712.04279751 12075.102086 60629.633677 203825.029068 90414.8578168 -215572.670151 -79873.0201906 -74210.9751042 
402.555553927 12151.626674 121731.03078 457669.23969 -146800.256147 -186342.878306 -97326.8617426 -161484.456502 1035.04199602 4444.0140636 15233.8949782 139184.799804 501147.233266 -311331.277583 -207545.783512 -142167.923013 1513.24286521 5436.30655768 16467.8133328 90414.8578168 761379.768036 -416287.036681 -219036.293695 -239888.658232 
-7249.98200607 -25080.4320605 -5272.38938774 10398.2753793 1120562.91009 173986.911764 -571457.148517 -695888.145261 -7735.99858499 -18053.9144985 -61047.9288943 -129453.545958 932699.755211 1150823.13015 -1037895.47107 -829336.026362 -11842.2837481 -31152.059691 -93696.7528845 -215572.670151 -416287.036681 3265328.84528 -1111996.62629 -1384781.41584 
1336.68163717 -2274.2241152 -64852.6180756 -90042.8138398 -259508.688367 371748.246158 -6263.02959907 49856.4462017 1791.30928902 -2507.39156963 -8625.95101659 -76148.8047769 -616711.237521 257020.034046 667592.54385 -222410.502301 -118.3292498 -6092.21759293 -25458.4637602 -79873.0201906 -219036.293695 -1111996.62629 1789932.07044 -347357.119665 
-5849.07617906 -11115.223669 -109312.001283 -435265.820179 -634850.875716 -307922.364443 656400.217893 847915.143576 -3750.3158128 -7097.39806082 -10948.2203281 -83726.1898434 -849483.59907 -928133.685352 632089.28097 1251050.1275 -4781.0428318 -7672.06433387 -26391.5451894 -74210.9751042 -239888.658232 -1384781.41584 -347357.119665 2085082.82119 
1357929.12288 -89149.4264968 -678382.978185 -417307.058215 -107545.209234 -44761.3708487 -15531.8188283 -5251.26107014 1233242.65624 39754.7076871 -523983.098873 -567735.939175 -133708.41858 -35265.8751381 -8371.62936943 -3932.40278759 1148073.16867 -153659.909354 -426789.577779 -355977.885899 -186668.667938 -16972.5391423 -3796.75090654 -4207.8376474 
-89149.4264968 1068244.22779 -348169.877535 -436431.449334 -112901.98175 -50077.6560448 -19769.116694 -11744.7199399 -63237.2608541 860950.22979 -60749.8348076 -561226.609437 -129179.44662 -30874.4284322 -10059.0959504 -5623.553688 353637.634464 354204.218887 -216206.353716 -253462.639879 -203936.29319 -21215.2989792 -7363.49466995 -5657.7729174 
-678382.978185 -348169.877535 963816.537681 133705.987138 -27339.0302033 -25086.8113724 -12017.7838783 -6526.04364486 -629714.110554 -339923.917307 492513.800301 477513.31952 15581.9702894 -10262.3465277 -4257.69872712 -1451.01699417 -732546.333785 -15801.6127236 303978.672749 270515.369113 182061.272301 -1419.54589993 -5334.72212788 -1453.09962712 
-417307.058215 -436431.449334 133705.987138 616337.759864 92881.1338466 13708.8792773 100.225572268 -2995.47814886 -385238.58599 -395934.71114 99535.2724034 551042.489749 117898.542604 12872.024508 484.118866506 -659.151001601 -535048.282546 -147051.235049 232275.024938 264231.919403 178455.028538 8555.82088044 -850.798395551 -567.477767998 
-107545.209234 -112901.98175 -27339.0302033 92881.1338466 104640.932924 39805.9013532 9066.41825763 1391.83480533 -97909.6736148 -100498.012169 8267.17561422 80384.436044 78144.375002 24881.7528053 5456.29430795 1273.65201082 -133020.516093 -24905.8310169 65123.3756404 61683.2675581 14481.600459 10763.4635273 4295.31109222 1579.32883281 
-44761.3708487 -50077.6560448 -25086.8113724 13708.8792773 39805.9013532 49283.4737751 14173.6162792 2953.96758102 -39900.6464311 -40252.8514377 -8273.65600156 14189.9129486 40476.6816847 25948.5380619 6072.16320294 1739.85797216 -64405.7871592 -12912.620187 29265.7839584 14405.3072663 14388.3178859 12600.1633978 4671.06210581 1987.77273199 
-15531.8188283 -19769.116694 -12017.7838783 100.225572268 9066.41825763 14173.6162792 17371.5313153 6606.92797623 -13589.0730431 -15470.8634858 -5498.64583179 6208.8567 9359.96889494 9875.79424571 5844.09070012 3269.87181991 -25804.1813341 -1410.75523187 11231.9220319 736.147642481 1897.69092797 5698.90361112 4017.78051017 3632.4918424 
-5251.26107014 -11744.7199399 -6526.04364486 -2995.47814886 1391.83480533 2953.96758102 6606.92797623 15564.7724412 -3653.30575007 -8624.5819364 -1811.01280413 -376.466349019 1426.32672463 2824.54047712 4831.75696939 5382.74266847 -10885.7022147 1537.74467637 1121.15217779 -2131.48520511 -678.948983566 1989.03260475 4361.61239173 4686.59455272 
1233242.65624 -63237.2608541 -629714.110554 -385238.58599 -97909.6736148 -39900.6464311 -13589.0730431 -3653.30575007 1330869.00216 -17830.4480468 -582097.196496 -553140.667065 -131738.250325 -34273.2918024 -7985.03054591 -3804.1178818 1250572.51806 -195344.507387 -428659.039091 -397360.265777 -188867.259961 -26033.9076398 -8960.30705129 -5347.2311524 
39754.7076871 860950.22979 -339923.917307 -395934.71114 -100498.012169 -40252.8514377 -15470.8634858 -8624.5819364 -17830.4480468 1170004.97106 -297835.289753 -658969.079161 -147449.51811 -32169.882269 -10492.3282206 -5258.42550069 410043.450954 651637.132655 -249161.373988 -504268.33044 -259321.63707 -31196.9925222 -12251.3007093 -5480.94887888 
-523983.098873 -60749.8348076 492513.800301 99535.2724034 8267.17561422 -8273.65600156 -5498.64583179 -1811.01280413 -582097.196496 -297835.289753 874750.260359 43344.7868926 -29933.9762283 -4722.69972488 -2601.67781331 -904.207236298 -592361.845477 1436.338875 451932.290798 261427.883851 -110612.048979 -9922.52218286 -1579.58276489 -320.51412012 
-567735.939175 -561226.609437 477513.31952 551042.489749 80384.436044 14189.9129486 6208.8567 -376.466349019 -553140.667065 -658969.079161 43344.7868926 1054589.27472 118039.287165 859.213840414 -2198.47282918 -2524.34356053 -809702.632336 -371793.552589 181681.90382 555279.984475 440064.1997 9548.83698344 -2442.11816571 -2636.62188727 
-133708.41858 -129179.44662 15581.9702894 117898.542604 78144.375002 40476.6816847 9359.96889494 1426.32672463 -131738.250325 -147449.51811 -29933.9762283 118039.287165 153840.438624 31355.9624696 4916.87657368 969.179832159 -187651.417089 -69916.4015479 31273.4541419 81688.6276824 102348.358731 33931.907518 7037.01951495 1288.45104898 
-35265.8751381 -30874.4284322 -10262.3465277 12872.024508 24881.7528053 25948.5380619 9875.79424571 2824.54047712 -34273.2918024 -32169.882269 -4722.69972488 859.213840414 31355.9624696 30159.8602176 6845.96484987 1944.87241883 -46970.2730126 -8578.82219563 12015.6231345 2871.64389293 14513.0455977 16093.6879004 7633.41081851 2421.68386426 
-8371.62936943 -10059.0959504 -4257.69872712 484.118866506 5456.29430795 6072.16320294 5844.09070012 4831.75696939 -7985.03054591 -10492.3282206 -2601.67781331 -2198.47282918 4916.87657368 6845.96484987 8465.72096542 3048.94702006 -14856.3224739 -4979.13686758 1341.67827087 432.750608723 1548.77656088 5388.85499517 7593.53787935 3529.86102645 
-3932.40278759 -5623.553688 -1451.01699417 -659.151001601 1273.65201082 1739.85797216 3269.87181991 5382.74266847 -3804.1178818 -5258.42550069 -904.207236298 -2524.34356053 969.179832159 1944.87241883 3048.94702006 6528.09490827 -9073.4786239 -2461.05094302 -424.53708642 -72.2942930614 326.565421086 2190.13494796 2969.34047839 6545.32009897 
1148073.16867 353637.634464 -732546.333785 -535048.282546 -133020.516093 -64405.7871592 -25804.1813341 -10885.7022147 1250572.51806 410043.450954 -592361.845477 -809702.632336 -187651.417089 -46970.2730126 -14856.3224739 -9073.4786239 2098214.69074 -213149.244065 -717085.800611 -719708.425195 -356567.094001 -57778.7066869 -21833.4803901 -12091.9397894 
-153659.909354 354204.218887 -15801.6127236 -147051.235049 -24905.8310169 -12912.620187 -1410.75523187 1537.74467637 -195344.507387 651637.132655 1436.338875 -371793.552589 -69916.4015479 -8578.82219563 -4979.13686758 -2461.05094302 -213149.244065 1023990.33992 -102181.667873 -436817.861102 -231216.895074 -26548.0674136 -9895.58008129 -4181.02430896 
-426789.577779 -216206.353716 303978.672749 232275.024938 65123.3756404 29265.7839584 11231.9220319 1121.15217779 -428659.039091 -249161.373988 451932.290798 181681.90382 31273.4541419 12015.6231345 1341.67827087 -424.53708642 -717085.800611 -102181.667873 751523.707204 160020.333951 -85317.1074193 -5588.74900371 -1220.08239105 -150.633856691 
-355977.885899 -253462.639879 270515.369113 264231.919403 61683.2675581 14405.3072663 736.147642481 -2131.48520511 -397360.265777 -504268.33044 261427.883851 555279.984475 81688.6276824 2871.64389293 432.750608723 -72.2942930614 -719708.425195 -436817.861102 160020.333951 924683.47074 70789.3605325 3083.8836164 -2354.86627922 304.10373579 
-186668.667938 -203936.29319 182061.272301 178455.028538 14481.600459 14388.3178859 1897.69092797 -678.948983566 -188867.259961 -259321.63707 -110612.048979 440064.1997 102348.358731 14513.0455977 1548.77656088 326.565421086 -356567.094001 -231216.895074 -85317.1074193 70789.3605325 567439.70067 31978.0422553 2033.95588385 860.037152206 
-16972.5391423 -21215.2989792 -1419.54589993 8555.82088044 10763.4635273 12600.1633978 5698.90361112 1989.03260475 -26033.9076398 -31196.9925222 -9922.52218286 9548.83698344 33931.907518 16093.6879004 5388.85499517 2190.13494796 -57778.7066869 -26548.0674136 -5588.74900371 3083.8836164 31978.0422553 40290.2869576 11273.2438475 3290.06642743 
-3796.75090654 -7363.49466995 -5334.72212788 -850.798395551 4295.31109222 4671.06210581 4017.78051017 4361.61239173 -8960.30705129 -12251.3007093 -1579.58276489 -2442.11816571 7037.01951495 7633.41081851 7593.53787935 2969.34047839 -21833.4803901 -9895.58008129 -1220.08239105 -2354.86627922 2033.95588385 11273.2438475 18004.2684871 3992.54092317 
-4207.8376474 -5657.7729174 -1453.09962712 -567.477767998 1579.32883281 1987.77273199 3632.4918424 4686.59455272 -5347.2311524 -5480.94887888 -320.51412012 -2636.62188727 1288.45104898 2421.68386426 3529.86102645 6545.32009897 -12091.9397894 -4181.02430896 -150.633856691 304.10373579 860.037152206 3290.06642743 3992.54092317 7976.84971649 
974736.494689 25877.423186 -81859.3551598 -65862.9466983 -131657.951933 -171688.296755 -294803.057371 -254742.309958 692254.257723 200769.947393 -3060.36632604 -22741.6159028 -28721.4437661 -118593.392937 -396121.502903 -323785.883281 728092.051861 176694.260035 -23781.4883183 -30468.3102435 -61039.121538 -108079.091725 -122551.576076 -558866.723995 
25877.423186 1040020.20398 174708.115834 -22776.8251195 -173168.774352 -245794.302977 -433332.457043 -365533.383513 84521.403801 894901.077556 219324.095659 36353.4701391 -22148.9338029 -166447.788163 -582953.324296 -463550.000892 238754.1805 794789.022464 163621.353329 5152.7095711 -72410.9055371 -151358.006443 -172799.861856 -805748.492028 
-81859.3551598 174708.115834 442539.844047 101291.630484 -74650.3974287 -128049.129693 -238685.553135 -195295.154948 -22615.590315 212984.823635 362352.237493 99353.9766932 10145.4203379 -80015.0933365 -326418.19637 -255787.578138 55064.6738489 312104.337289 245468.168335 38608.347742 -29885.5191426 -76555.5933603 -86942.6772041 -457861.737509 
-65862.9466983 -22776.8251195 101291.630484 251050.891231 11162.4529652 -58673.0211019 -120281.496446 -95910.6853137 -11482.8809238 2832.8130962 86824.8641904 85113.1837612 29711.3569473 107793.003142 -168250.167945 -132542.172267 20785.8617687 33566.5453657 75156.3280875 43342.6485971 185.297396693 -27025.4076833 -25531.5316255 -120479.741907 
-131657.951933 -173168.774352 -74650.3974287 11162.4529652 583554.343679 19921.9260969 -124898.872648 -110262.726379 -98859.0450391 -182687.870457 -84479.9662545 587.599088672 14829.3252045 126956.309471 380068.935052 -156415.287066 -130389.412378 -184261.580171 -43348.6640753 3796.25409498 -3672.75560435 -22347.7984374 -34289.9262565 414513.882828 
-171688.296755 -245794.302977 -128049.129693 -58673.0211019 19921.9260969 614489.53726 47610.7793192 -77817.4921491 -149136.379992 -267033.327839 -136953.525883 -41230.8130266 8589.21525551 65476.9146361 530708.895969 -10420.9791203 -214707.694992 -266202.712559 -95913.8129491 -9223.7411169 38241.6717717 77183.7844851 58541.4016909 412081.10367 
-294803.057371 -433332.457043 -238685.553135 -120281.496446 -124898.872648 47610.7793192 1142917.4471 21473.2102188 -262605.101764 -467125.024483 -247743.781532 -93202.0253639 -11049.9598509 66439.3005384 571992.568733 443294.023722 -370422.069401 -471341.002112 -181498.489635 -31376.2928547 83964.2765662 206203.855125 213836.301888 550633.420423 
-254742.309958 -365533.383513 -195295.154948 -95910.6853137 -110262.726379 -77817.4921491 21473.2102188 1078088.54204 -232076.66349 -394642.438902 -196263.557347 -64233.7753889 -1354.9803253 -1609.25335013 -9027.20823915 899207.877042 -327177.591206 -395348.870312 -139703.394774 -19831.6157901 44617.0560873 101978.258039 169737.869439 565728.288517 
692254.257723 84521.403801 -22615.590315 -11482.8809238 -98859.0450391 -149136.379992 -262605.101764 -232076.66349 820437.110464 32292.0865726 -62654.0853906 -9926.56847892 -20569.6506132 -105519.485885 -356442.731844 -297616.674825 863810.596555 -47333.1588996 -32704.6077281 -16421.1150776 -51112.8262916 -92867.1437185 -108539.644633 -514832.100207 
200769.947393 894901.077556 212984.823635 2832.8130962 -182687.870457 -267033.327839 -467125.024483 -394642.438902 32292.0865726 1126218.67943 202792.368002 164.724410715 -38264.884133 -190180.621951 -632144.553696 -500877.798639 192725.971103 981235.311839 157994.560338 -14247.8741644 -85355.7133558 -166987.068614 -192059.175631 -873306.011514 
-3060.36632604 219324.095659 362352.237493 86824.8641904 -84479.9662545 -136953.525883 -247743.781532 -196263.557347 -62654.0853906 202792.368002 441769.196539 102554.316406 7833.81996758 -88032.2208846 -341383.080946 -262880.313693 13362.4913963 360479.013116 268210.246025 39578.8117161 -30564.7211667 -79660.0823703 -92131.7453979 -479274.013319 
-22741.6159028 36353.4701391 99353.9766932 85113.1837612 587.599088672 -41230.8130266 -93202.0253639 -64233.7753889 -9926.56847892 164.724410715 102554.316406 124766.543554 39939.736166 -16606.2166297 -139224.55474 -101667.980688 22541.2454432 59142.9725725 94005.354579 61571.5493788 12154.830275 -13853.8127817 -22391.6011467 -213170.53832 
-28721.4437661 -22148.9338029 10145.4203379 29711.3569473 14829.3252045 8589.21525551 -11049.9598509 -1354.9803253 -20569.6506132 -38264.884133 7833.81996758 39939.736166 59664.8731582 28524.70075 -43881.5949328 -33247.0003628 -22448.894432 -23749.1309221 23964.116464 44354.4904796 41611.9005333 33075.0444447 14314.371498 -111121.898066 
-118593.392937 -166447.788163 -80015.0933365 107793.003142 126956.309471 65476.9146361 66439.3005384 -1609.25335013 -105519.485885 -190180.621951 -88032.2208846 -16606.2166297 28524.70075 372805.511699 65424.8906525 -66416.5577514 -150393.603448 -185596.59156 -56014.0906591 13068.6096692 63609.8863419 124547.482853 92277.9008997 98500.4059038 
-396121.502903 -582953.324296 -326418.19637 -168250.167945 380068.935052 530708.895969 571992.568733 -9027.20823915 -356442.731844 -632144.553696 -341383.080946 -139224.55474 -43881.5949328 65424.8906525 1585449.43717 -137797.811665 -500902.653261 -638576.275979 -260090.649399 -69721.9787516 64000.9803531 191698.467294 243640.491904 969951.617839 
-323785.883281 -463550.000892 -255787.578138 -132542.172267 -156415.287066 -10420.9791203 443294.023722 899207.877042 -297616.674825 -500877.798639 -262880.313693 -101667.980688 -33247.0003628 -66416.5577514 -137797.811665 1400504.13762 -418695.153355 -505602.140166 -195364.929621 -58182.4932501 -14344.3366893 4047.11289233 64889.4025067 1123252.53768 
728092.051861 238754.1805 55064.6738489 20785.8617687 -130389.412378 -214707.694992 -370422.069401 -327177.591206 863810.596555 192725.971103 13362.4913963 22541.2454432 -22448.894432 -150393.603448 -500902.653261 -418695.153355 1164635.40494 -103.842733529 -43862.8216663 -29797.1975024 -77986.7153114 -135303.322573 -154270.31117 -723311.193986 
176694.260035 794789.022464 312104.337289 33566.5453657 -184261.580171 -266202.712559 -471341.002112 -395348.870312 -47333.1588996 981235.311839 360479.013116 59142.9725725 -23749.1309221 -185596.59156 -638576.275979 -505602.140166 -103.842733529 1159757.0669 183215.612979 -10149.8729668 -84223.3228529 -166881.193627 -191296.599502 -890317.848199 
-23781.4883183 163621.353329 245468.168335 75156.3280875 -43348.6640753 -95913.8129491 -181498.489635 -139703.394774 -32704.6077281 157994.560338 268210.246025 94005.354579 23964.116464 -56014.0906591 -260090.649399 -195364.929621 -43862.8216663 183215.612979 299140.070949 62142.2697822 -7817.66290065 -49185.25292 -64644.4095058 -378987.806718 
-30468.3102435 5152.7095711 38608.347742 43342.6485971 3796.25409498 -9223.7411169 -31376.2928547 -19831.6157901 -16421.1150776 -14247.8741644 39578.8117161 61571.5493788 44354.4904796 13068.6096692 -69721.9787516 -58182.4932501 -29797.1975024 -10149.8729668 62142.2697822 77028.8793925 45302.8329683 24122.669777 -2499.19924182 -166150.382209 
-61039.121538 -72410.9055371 -29885.5191426 185.297396693 -3672.75560435 38241.6717717 83964.2765662 44617.0560873 -51112.8262916 -85355.7133558 -30564.7211667 12154.830275 41611.9005333 63609.8863419 64000.9803531 -14344.3366893 -77986.7153114 -84223.3228529 -7817.66290065 45302.8329683 114576.549831 121208.342177 30670.2521427 -141730.276055 
-108079.091725 -151358.006443 -76555.5933603 -27025.4076833 -22347.7984374 77183.7844851 206203.855125 101978.258039 -92867.1437185 -166987.068614 -79660.0823703 -13853.8127817 33075.0444447 124547.482853 191698.467294 4047.11289233 -135303.322573 -166881.193627 -49185.25292 24122.669777 121208.342177 270077.14796 110710.772763 -174749.163557 
-122551.576076 -172799.861856 -86942.6772041 -25531.5316255 -34289.9262565 58541.4016909 213836.301888 169737.869439 -108539.644633 -192059.175631 -92131.7453979 -22391.6011467 14314.371498 92277.9008997 243640.491904 64889.4025067 -154270.31117 -191296.599502 -64644.4095058 -2499.19924182 30670.2521427 110710.772763 318297.260872 -46967.7663583 
-558866.723995 -805748.492028 -457861.737509 -120479.741907 414513.882828 412081.10367 550633.420423 565728.288517 -514832.100207 -873306.011514 -479274.013319 -213170.53832 -111121.898066 98500.4059038 969951.617839 1123252.53768 -723311.193986 -890317.848199 -378987.806718 -166150.382209 -141730.276055 -174749.163557 -46967.7663583 2522214.43708 
7224.38299971 10916.7748065 1782.77044482 -5333.13870341 -10682.5922153 -3926.47582786 -576.877255151 595.155750648 6826.9024065 8961.2470418 6478.6214665 -6089.33521955 -13146.4626936 -3835.99153764 386.03488008 418.983655904 9221.11207702 9395.94325244 3573.78550903 -7021.25236114 -2249.59743364 -12892.4596365 -434.91712763 407.385720413 
10916.7748065 76231.0006952 52390.5378155 -23241.2652817 -70569.502515 -37917.9928087 -7874.84270736 65.2899955519 9766.01949774 57676.2573391 76775.2776369 -23537.4658191 -89553.759293 -29723.6935631 -1921.20723741 518.571438876 20294.0419241 61139.9766851 49801.4746181 -28245.4942473 -34057.5522845 -65606.6282577 -4144.21860199 818.400164205 
1782.77044482 52390.5378155 1238600.34858 -253182.919331 -607682.585514 -324033.650514 -86198.7999272 -21675.7015495 -1448.34899315 37718.3673921 385982.085207 442028.626565 -508156.92994 -288364.094823 -52583.0134926 -15176.6919158 1257.39950525 62581.2049563 172338.373131 -344608.389049 -136915.798313 239477.436455 17883.4797577 -12013.706444 
-5333.13870341 -23241.2652817 -253182.919331 1256193.90447 -376075.904669 -451683.845915 -121195.803175 -25481.0273941 -5414.42807895 -13966.0368548 54765.8399746 328021.787545 56598.3132799 -333586.325933 -70693.0220589 -15726.1278737 -2858.16305696 121932.010969 169342.177474 -44569.7725709 -301987.799371 54502.2058855 7834.50759552 -4195.16692637 
-10682.5922153 -70569.502515 -607682.585514 -376075.904669 1293789.55328 -143632.517699 -66477.3932758 -18669.0573883 -8396.06864767 -56767.0367108 -296640.621926 -97864.3646717 645027.312132 -137293.782425 -34622.1022123 -13443.3355379 -15817.1212659 -112011.167775 -53172.5714537 491102.665675 95429.9710902 -311324.733323 -81404.1592939 -12802.8836535 
-3926.47582786 -37917.9928087 -324033.650514 -451683.845915 -143632.517699 806018.432638 139957.163643 15218.886483 -3683.16989196 -29934.7454638 -177356.756226 -477470.037157 -8648.89374415 622195.121336 64975.0489338 9923.43221293 -12379.010859 -111379.225696 -258826.870587 -38246.6853932 325340.587821 74645.5038461 15331.4714672 5514.22940181 
-576.877255151 -7874.84270736 -86198.7999272 -121195.803175 -66477.3932758 139957.163643 117818.037281 24548.5154166 708.831326052 -5007.41703945 -44062.5436678 -132980.489594 -60511.6686717 154945.957467 72220.7394315 14686.5907487 -1233.91118772 -27285.4579454 -69356.3149241 -17490.5526236 44948.428822 29039.6179253 33198.9551411 8179.23479238 
595.155750648 65.2899955519 -21675.7015495 -25481.0273941 -18669.0573883 15218.886483 24548.5154166 25397.9386862 1640.26238144 1319.36429583 -5941.90246532 -32108.7216476 -21607.9110696 15662.8094785 22237.5217558 18798.577271 1515.65286323 -4373.28444611 -13700.0537678 -10920.5194296 9491.75966838 -7840.94289509 11734.881062 14092.506945 
6826.9024065 9766.01949774 -1448.34899315 -5414.42807895 -8396.06864767 -3683.16989196 708.831326052 1640.26238144 9007.98002301 10951.5310413 7164.20343585 -5639.90969535 -17498.6280124 -5611.43942068 746.596666085 879.665962166 11455.6698131 10130.2119005 4848.01767927 -7177.99318796 -4227.47827151 -15044.3991154 -598.189289995 614.160471979 
8961.2470418 57676.2573391 37718.3673921 -13966.0368548 -56767.0367108 -29934.7454638 -5007.41703945 1319.36429583 10951.5310413 65913.3896035 77252.8217488 -27613.7832358 -94882.0167469 -30227.3168256 -1978.66163048 584.036045134 21095.8131556 58549.4458174 47312.2162797 -25822.4439861 -29800.9320274 -66579.4871912 -5338.83365712 584.221609189 
6478.6214665 76775.2776369 385982.085207 54765.8399746 -296640.621926 -177356.756226 -44062.5436678 -5941.90246532 7164.20343585 77252.8217488 601432.57883 -38911.0781685 -444988.902825 -169413.415093 -28428.7068611 -4107.50106607 14665.8127909 156229.313479 467958.833713 -112226.056048 -187263.025375 -296281.160475 -40186.8711785 -2896.84690568 
-6089.33521955 -23537.4658191 442028.626565 328021.787545 -97864.3646717 -477470.037157 -132980.489594 -32108.7216476 -5639.90969535 -27613.7832358 -38911.0781685 1412858.918 -760412.335671 -467201.749166 -89179.5326821 -23900.529379 -763.81511635 133471.638628 294857.455115 121672.15638 -202117.786339 -204782.255783 -122290.773993 -20046.6188922 
-13146.4626936 -89553.759293 -508156.92994 56598.3132799 645027.312132 -8648.89374415 -60511.6686717 -21607.9110696 -17498.6280124 -94882.0167469 -444988.902825 -760412.335671 1510538.97947 -126460.413728 -48997.4578453 -17299.2246362 -34120.2425893 -236777.235918 -517546.443988 162118.146212 160506.657804 420784.30544 57626.0373667 -12591.2243268 
-3835.99153764 -29723.6935631 -288364.094823 -333586.325933 -137293.782425 622195.121336 154945.957467 15662.8094785 -5611.43942068 -30227.3168256 -169413.415093 -467201.749166 -126460.413728 706469.983858 81592.5534813 10851.7968943 -13376.5439898 -102640.602258 -243662.653181 -99873.3108138 225394.346752 153542.960221 69013.1743337 11602.6289363 
386.03488008 -1921.20723741 -52583.0134926 -70693.0220589 -34622.1022123 64975.0489338 72220.7394315 22237.5217558 746.596666085 -1978.66163048 -28428.7068611 -89179.5326821 -48997.4578453 81592.5534813 70274.819692 15970.3891796 228.433036447 -15352.7547942 -43342.5958816 -30196.9408873 29909.5603151 15893.8879606 33706.322309 9154.08794199 
418.983655904 518.571438876 -15176.6919158 -15726.1278737 -13443.3355379 9923.43221293 14686.5907487 18798.577271 879.665962166 584.036045134 -4107.50106607 -23900.529379 -17299.2246362 10851.7968943 15970.3891796 17021.367 814.87289942 -3610.0168537 -10424.829737 -8493.55766797 7598.65714124 -7533.85105622 8069.134109 13579.5911652 
9221.11207702 20294.0419241 1257.39950525 -2858.16305696 -15817.1212659 -12379.010859 -1233.91118772 1515.65286323 11455.6698131 21095.8131556 14665.8127909 -763.81511635 -34120.2425893 -13376.5439898 228.433036447 814.87289942 23044.1215667 34362.9836695 15979.225276 -17202.5974337 -16810.8442237 -36067.4691466 -3529.40899889 223.989290721 
9395.94325244 61139.9766851 62581.2049563 121932.010969 -112011.167775 -111379.225696 -27285.4579454 -4373.28444611 10130.2119005 58549.4458174 156229.313479 133471.638628 -236777.235918 -102640.602258 -15352.7547942 -3610.0168537 34362.9836695 316403.201082 216868.881796 -156822.334932 -160131.136803 -216782.536707 -29409.9855351 -4489.07257026 
3573.78550903 49801.4746181 172338.373131 169342.177474 -53172.5714537 -258826.870587 -69356.3149241 -13700.0537678 4848.01767927 47312.2162797 467958.833713 294857.455115 -517546.443988 -243662.653181 -43342.5958816 -10424.829737 15979.225276 216868.881796 956541.739662 -129821.198458 -401838.809977 -562846.050737 -82924.4975644 -11959.2899973 
-7021.25236114 -28245.4942473 -344608.389049 -44569.7725709 491102.665675 -38246.6853932 -17490.5526236 -10920.5194296 -7177.99318796 -25822.4439861 -112226.056048 121672.15638 162118.146212 -99873.3108138 -30196.9408873 -8493.55766797 -17202.5974337 -156822.334932 -129821.198458 1143163.23084 -94979.2945685 -638776.564615 -94032.423136 -11528.8176945 
-2249.59743364 -34057.5522845 -136915.798313 -301987.799371 95429.9710902 325340.587821 44948.428822 9491.75966838 -4227.47827151 -29800.9320274 -187263.025375 -202117.786339 160506.657804 225394.346752 29909.5603151 7598.65714124 -16810.8442237 -160131.136803 -401838.809977 -94979.2945685 862799.825044 -164290.8125 -29524.3194261 4775.39245431 
-12892.4596365 -65606.6282577 239477.436455 54502.2058855 -311324.733323 74645.5038461 29039.6179253 -7840.94289509 -15044.3991154 -66579.4871912 -296281.160475 -204782.255783 420784.30544 153542.960221 15893.8879606 -7533.85105622 -36067.4691466 -216782.536707 -562846.050737 -638776.564615 -164290.8125 1620248.12509 4837.43389153 -6322.1252756 
-434.91712763 -4144.21860199 17883.4797577 7834.50759552 -81404.1592939 15331.4714672 33198.9551411 11734.881062 -598.189289995 -5338.83365712 -40186.8711785 -122290.773993 57626.0373667 69013.1743337 33706.322309 8069.134109 -3529.40899889 -29409.9855351 -82924.4975644 -94032.423136 -29524.3194261 4837.43389153 221729.01199 12854.1887793 
407.385720413 818.400164205 -12013.706444 -4195.16692637 -12802.8836535 5514.22940181 8179.23479238 14092.506945 614.160471979 584.221609189 -2896.84690568 -20046.6188922 -12591.2243268 11602.6289363 9154.08794199 13579.5911652 223.989290721 -4489.07257026 -11959.2899973 -11528.8176945 4775.39245431 -6322.1252756 12854.1887793 16445.7350134 
46063.6628453 17245.1950912 6686.86770221 -9728.56195038 -11880.5141061 -21913.1628629 -21512.9823216 -4960.5043976 28757.7411304 28892.1234834 6403.17067385 -21788.106841 -25528.5181342 -19965.595017 2885.18507279 343.99963178 28105.0032388 3352.24123892 -19220.126787 -25540.5655449 -1080.26359787 4770.21630694 3722.8415225 5890.65362262 
17245.1950912 43372.3015662 19444.9910257 -2584.01069157 -18959.611942 -26205.7213603 -28286.1188005 -4027.02488873 13894.62625 30989.0733864 16162.25244 -7040.71968183 -22807.739246 -24094.7216886 -6470.26619909 -632.505260911 17748.2777614 11570.6019541 -15987.2155056 -27035.7169419 -3995.00696375 10603.1157152 2549.21889339 4546.72508714 
6686.86770221 19444.9910257 80512.959965 62411.7573757 -32788.2397518 -55275.3723028 -71090.7935222 -9902.17049188 6957.70480595 17673.4647882 54503.2771534 45712.1871725 -47827.7963066 -55455.7107634 -21480.8919009 -82.234949131 10546.821044 10726.7097996 17010.9598072 -25200.8777654 -24940.8796089 6713.01349307 -3532.78608977 8677.03932018 
-9728.56195038 -2584.01069157 62411.7573757 1239114.88541 -143271.785248 -539976.317864 -487259.893543 -118706.073492 -5586.90273879 -7610.68537718 84745.0986556 981178.867136 -322127.933793 -478547.447855 -179240.391696 -72810.6043313 -25839.426416 -105019.381527 564394.108918 69968.9242035 -304673.277908 -96084.7511137 -81439.1784757 -21307.0176822 
-11880.5141061 -18959.611942 -32788.2397518 -143271.785248 1539415.02104 -451374.445466 -691373.391278 -189767.033254 -12132.2462351 -18217.6309734 -25374.3589106 110428.526598 724221.76641 -410659.166559 -244863.456364 -123403.433967 -42992.7472856 -101833.792529 -102820.095785 423479.71501 83556.3636485 -102907.840492 -104668.352718 -51813.2498498 
-21913.1628629 -26205.7213603 -55275.3723028 -539976.317864 -451374.445466 1610440.14324 -307710.954728 -207984.168653 -15824.327669 -26176.4748261 -70768.2484485 -407506.270631 274319.421361 450531.202916 -69156.8066517 -135418.496051 10342.9046319 101396.98226 -128772.60234 -186885.745423 224846.092294 117648.540398 -87343.5469592 -51232.624861 
-21512.9823216 -28286.1188005 -71090.7935222 -487259.893543 -691373.391278 -307710.954728 1622382.38927 -15148.2550773 -15402.1251291 -26860.3530756 -57829.9274295 -540579.849917 -365497.06463 575059.360199 480856.073756 -49746.1137732 -635.40598005 105178.632724 -216649.702801 -35955.3146881 130864.766891 39221.5923799 -6435.34442335 -15589.2241018 
-4960.5043976 -4027.02488873 -9902.17049188 -118706.073492 -189767.033254 -207984.168653 -15148.2550773 550495.230254 -664.47041442 1310.48259436 -7841.26413422 -160404.633836 -214752.135662 -36867.9212312 37470.553983 381749.3887 2724.57300552 -25371.9939208 -97955.3255064 -192830.418851 -104577.794755 20036.1133122 277147.14825 120827.698465 
28757.7411304 13894.62625 6957.70480595 -5586.90273879 -12132.2462351 -15824.327669 -15402.1251291 -664.47041442 33704.8792698 14042.4787227 5062.27249831 -13154.346531 -17370.9873524 -19926.6246303 -2857.07596966 499.403992503 34437.2630352 5494.51557159 -22148.2207762 -24054.920718 -6309.81974605 4419.76115945 2252.25215908 5909.1693149 
28892.1234834 30989.0733864 17673.4647882 -7610.68537718 -18217.6309734 -26176.4748261 -26860.3530756 1310.48259436 14042.4787227 56123.7466243 18751.4890911 -22818.9857546 -32866.7820912 -31490.682646 -3588.2749769 1847.01103056 27318.7014565 23875.5134024 -21069.0818308 -39911.6792511 -6082.54211358 4132.71729264 5031.53603082 6704.83501301 
6403.17067385 16162.25244 54503.2771534 84745.0986556 -25374.3589106 -70768.2484485 -57829.9274295 -7841.26413422 5062.27249831 18751.4890911 168148.750867 84875.0085543 -118611.459104 -120382.891446 -40312.8429873 2469.67252671 15978.8048994 96245.3921534 66398.3034894 -106039.719617 -69693.6903374 -6852.66359019 -8123.90678039 12087.4797823 
-21788.106841 -7040.71968183 45712.1871725 981178.867136 110428.526598 -407506.270631 -540579.849917 -160404.633836 -13154.346531 -22818.9857546 84875.0085543 1597033.47021 -518955.893042 -747266.932359 -266329.831018 -113382.490057 12946.9638025 67525.0650309 765003.066112 -69588.4182178 -470384.027976 -147844.497027 -114236.491912 -43421.6598125 
-25528.5181342 -22807.739246 -47827.7963066 -322127.933793 724221.76641 274319.421361 -365497.06463 -214752.135662 -17370.9873524 -32866.7820912 -118611.459104 -518955.893042 1789280.0766 -575253.124597 -349532.370725 -176689.459686 2375.0288131 193300.898822 -242624.348804 352142.474622 83000.2911523 -156408.826555 -153295.943462 -78489.5745889 
