24 2 3
0.394299266684 0.605700733316 
0.550741651414 0.449258348586 
0.827818464187 0.172181535813 
10.7499539774 29.4046788919 201.397490204 685.741742053 1188.17415249 979.020628092 455.929558551 545.58179574 7.48408595079 18.7921067904 50.5758598883 177.40352096 1217.36456773 1418.87162151 755.367753988 450.140483188 10.8987226805 25.1338556623 66.0176726358 151.627984217 372.170814605 1939.54393798 788.459184591 742.147827627 
794.68744211 1218.4636717 1120.30306732 638.434534891 186.172118522 88.4259325187 32.7814925782 16.7317403573 730.317827473 1126.26050362 1030.55773915 867.401203139 235.525053387 71.8010490607 22.8180254598 11.318598707 1324.41939383 990.255867573 752.678132123 624.714029169 305.420231277 60.3091847831 25.5438547258 12.6593065159 
499.145541604 813.90505987 810.429757976 920.760391984 773.215429031 159.042788106 58.0245974942 61.4764339344 458.159470151 868.055291682 858.152133123 1061.37374177 608.029915416 136.162352837 51.2254818355 54.8416131884 659.011997264 1065.70744529 1045.22036944 858.939545291 277.597427528 98.9101855774 41.399715913 49.2133137 
26.7338666885 70.3430571884 407.858249613 582.282407764 808.900715971 907.616957503 742.73677526 549.527970012 28.6161617449 63.5914039386 106.422965183 496.889658402 1054.85802739 790.050176928 895.14767098 660.423935433 41.0477437389 95.2283513856 206.145299027 462.86524491 765.645755237 1034.9331535 393.312029405 1096.8224228 
480.355613762 503.978662274 641.254979802 722.405972642 656.665505614 631.74624363 427.430352665 32.1626696112 444.084451823 593.021966835 885.483821646 784.257074976 722.843668649 535.865463807 130.376051158 0.0675011061156 768.162986019 1178.24432668 868.265266139 780.407252457 381.068465414 112.581508882 7.27019440772 8.28840855852e-130 
336.315346975 361.862573876 375.127492247 489.951046421 557.650174969 698.080967888 652.212500261 624.799897363 308.109631554 463.956645743 526.067316633 656.483941192 542.293338142 566.610618954 488.62666981 543.851837973 458.204247795 687.241429262 708.416063338 594.127907542 489.31498919 360.592485225 500.469297243 297.633580405 
7662.18621459 2376.27167025 2624.20418365 -3647.96918287 -9531.13919678 -6367.51395084 965.522393003 5918.437869 5068.49305839 3633.43476953 2107.30528978 852.27328408 -5603.53616972 -7011.59270157 3423.05241549 -2469.42994597 4605.49595619 2616.30596486 2160.16544899 1977.853624 402.555553927 -7249.98200607 1336.68163717 -5849.07617906 
2376.27167025 13862.0795769 23255.2176388 4692.30142512 -18008.0236737 -14015.7351148 -2630.58478762 -9531.52673497 1361.41905136 6916.67762295 12172.1516833 12629.3801094 4020.17799137 -21133.4230057 -10023.9205643 -5942.46288828 2331.83272652 6486.67472161 9436.61086545 8063.13485716 12151.626674 -25080.4320605 -2274.2241152 -11115.223669 
2624.20418365 23255.2176388 410712.492779 45834.7167422 -172909.287621 -154743.473015 -63431.6557146 -91342.2149929 480.993570438 8668.31463147 24509.1267746 130436.357274 211105.662852 -193183.736537 -114155.688345 -67861.0302208 1941.85047253 8591.6096336 17365.025307 29807.4925534 121731.03078 -5272.38938774 -64852.6180756 -109312.001283 
-3647.96918287 4692.30142512 45834.7167422 1532524.27543 -402914.486183 -569372.556152 -263476.749739 -343639.532345 -2967.38108264 -923.920422912 10323.4081256 120682.582619 1131333.09397 -548487.316035 -434778.42536 -275182.041813 -2963.97858375 -1749.99293199 1244.35890442 60710.7315604 457669.23969 10398.2753793 -90042.8138398 -435265.820179 
-9531.13919678 -18008.0236737 -172909.287621 -402914.486183 2410857.72707 -730744.118298 -462850.079874 -613900.592222 -6199.51796816 -10647.3051218 -26412.5168934 -75157.5823715 705090.500995 508794.967193 -601919.964502 -493548.581331 -8048.59582405 -13535.8844775 -24187.4381553 -33631.1714016 -146800.256147 1120562.91009 -259508.688367 -634850.875716 
-6367.51395084 -14015.7351148 -154743.473015 -569372.556152 -730744.118298 2062438.68059 -127151.814779 -460043.469276 -3604.00157594 -6055.14391267 -12953.7124375 -91246.3488349 -955839.797709 1233905.29352 174496.435812 -338702.724861 -4292.98326576 -4977.81816643 -4701.38182151 -37497.7319198 -186342.878306 173986.911764 371748.246158 -307922.364443 
965.522393003 -2630.58478762 -63431.6557146 -263476.749739 -462850.079874 -127151.814779 945516.19378 -26940.8312786 -118.729638694 1441.99884011 -904.174909269 -31210.9336101 -466182.192544 -341060.530648 647174.221687 190860.340823 246.067962148 3647.85884522 8933.52793336 5819.36722472 -97326.8617426 -571457.148517 -6263.02959907 656400.217893 
5918.437869 -9531.52673497 -91342.2149929 -343639.532345 -613900.592222 -460043.469276 -26940.8312786 1539479.72898 5978.72458525 -3034.05640666 -8841.58763313 -66985.72847 -623923.909385 -631823.661784 335784.288857 992845.930237 6180.31055617 -1078.75358935 -10250.8684824 -35249.6764983 -161484.456502 -695888.145261 49856.4462017 847915.143576 
5068.49305839 1361.41905136 480.993570438 -2967.38108264 -6199.51796816 -3604.00157594 -118.729638694 5978.72458525 4879.34984529 1543.48914924 967.506433869 632.877485021 -4760.65030784 -5922.90165694 3674.64722621 -1014.31817484 4576.61242946 1857.95871018 1248.8787756 976.513197509 1035.04199602 -7735.99858499 1791.30928902 -3750.3158128 
3633.43476953 6916.67762295 8668.31463147 -923.920422912 -10647.3051218 -6055.14391267 1441.99884011 -3034.05640666 1543.48914924 7356.71478706 7895.53446452 5005.76273326 -3181.46486899 -11251.9135542 -4138.09690477 -3230.02580607 2275.69129547 6441.35185149 7913.9860498 6583.66086856 4444.0140636 -18053.9144985 -2507.39156963 -7097.39806082 
2107.30528978 12172.1516833 24509.1267746 10323.4081256 -26412.5168934 -12953.7124375 -904.174909269 -8841.58763313 967.506433869 7895.53446452 27184.5835636 26406.6123154 -10544.0858011 -36686.0867509 -11303.7865652 -3920.27766014 2496.6267094 9892.04112952 24638.991845 28360.5455769 15233.8949782 -61047.9288943 -8625.95101659 -10948.2203281 
852.27328408 12629.3801094 130436.357274 120682.582619 -75157.5823715 -91246.3488349 -31210.9336101 -66985.72847 632.877485021 5005.76273326 26406.6123154 209871.235878 58580.6483151 -168246.093066 -81238.3818024 -51012.6618577 1888.63909599 8978.3011845 36293.5975189 102983.202975 139184.799804 -129453.545958 -76148.8047769 -83726.1898434 
-5603.53616972 4020.17799137 211105.662852 1131333.09397 705090.500995 -955839.797709 -466182.192544 -623923.909385 -4760.65030784 -3181.46486899 -10544.0858011 58580.6483151 2588875.25091 -1275844.77027 -832656.109422 -520468.818559 -5588.070031 -7479.15987068 -8511.61887215 53926.6968886 501147.233266 932699.755211 -616711.237521 -849483.59907 
-7011.59270157 -21133.4230057 -193183.736537 -548487.316035 508794.967193 1233905.29352 -341060.530648 -631823.661784 -5922.90165694 -11251.9135542 -36686.0867509 -168246.093066 -1275844.77027 2833860.02631 -750302.194752 -585606.066264 -8384.04517098 -15207.06229 -35847.3899749 -108939.703829 -311331.277583 1150823.13015 257020.034046 -928133.685352 
3423.05241549 -10023.9205643 -114155.688345 -434778.42536 -601919.964502 174496.435812 647174.221687 335784.288857 3674.64722621 -4138.09690477 -11303.7865652 -81238.3818024 -832656.109422 -750302.194752 1768300.30773 -92336.3855127 3975.46781134 -2619.54670635 -13133.8396688 -42462.6516779 -207545.783512 -1037895.47107 667592.54385 632089.28097 
-2469.42994597 -5942.46288828 -67861.0302208 -275182.041813 -493548.581331 -338702.724861 190860.340823 992845.930237 -1014.31817484 -3230.02580607 -3920.27766014 -51012.6618577 -520468.818559 -585606.066264 -92336.3855127 1257588.55383 -1240.92213969 -1863.88400863 -12602.6056734 -41428.2639994 -142167.923013 -829336.026362 -222410.502301 1251050.1275 
4605.49595619 2331.83272652 1941.85047253 -2963.97858375 -8048.59582405 -4292.98326576 246.067962148 6180.31055617 4576.61242946 2275.69129547 2496.6267094 1888.63909599 -5588.070031 -8384.04517098 3975.46781134 -1240.92213969 5898.2768439 3504.87611715 3113.21720596 2712.04279751 1513.24286521 -11842.2837481 -118.3292498 -4781.0428318 
2616.30596486 6486.67472161 8591.6096336 -1749.99293199 -13535.8844775 -4977.81816643 3647.85884522 -1078.75358935 1857.95871018 6441.35185149 9892.04112952 8978.3011845 -7479.15987068 -15207.06229 -2619.54670635 -1863.88400863 3504.87611715 10938.0614029 12961.9954541 12075.102086 5436.30655768 -31152.059691 -6092.21759293 -7672.06433387 
2160.16544899 9436.61086545 17365.025307 1244.35890442 -24187.4381553 -4701.38182151 8933.52793336 -10250.8684824 1248.8787756 7913.9860498 24638.991845 36293.5975189 -8511.61887215 -35847.3899749 -13133.8396688 -12602.6056734 3113.21720596 12961.9954541 52374.1021642 60629.633677 16467.8133328 -93696.7528845 -25458.4637602 -26391.5451894 
1977.853624 8063.13485716 29807.4925534 60710.7315604 -33631.1714016 -37497.7319198 5819.36722472 -35249.6764983 976.513197509 6583.66086856 28360.5455769 102983.202975 53926.6968886 -108939.703829 -42462.6516779 -41428.2639994 2712.04279751 12075.102086 60629.633677 203825.029068 90414.8578168 -215572.670151 -79873.0201906 -74210.9751042 
402.555553927 12151.626674 121731.03078 457669.23969 -146800.256147 -186342.878306 -97326.8617426 -161484.456502 1035.04199602 4444.0140636 15233.8949782 139184.799804 501147.233266 -311331.277583 -207545.783512 -142167.923013 1513.24286521 5436.30655768 16467.8133328 90414.8578168 761379.768036 -416287.036681 -219036.293695 -239888.658232 
-7249.98200607 -25080.4320605 -5272.38938774 10398.2753793 1120562.91009 173986.911764 -571457.148517 -695888.145261 -7735.99858499 -18053.9144985 -61047.9288943 -129453.545958 932699.755211 1150823.13015 -1037895.47107 -829336.026362 -11842.2837481 -31152.059691 -93696.7528845 -215572.670151 -416287.036681 3265328.84528 -1111996.62629 -1384781.41584 
1336.68163717 -2274.2241152 -64852.6180756 -90042.8138398 -259508.688367 371748.246158 -6263.02959907 49856.4462017 1791.30928902 -2507.39156963 -8625.95101659 -76148.8047769 -616711.237521 257020.034046 667592.54385 -222410.502301 -118.3292498 -6092.21759293 -25458.4637602 -79873.0201906 -219036.293695 -1111996.62629 1789932.07044 -347357.119665 
-5849.07617906 -11115.223669 -109312.001283 -435265.820179 -634850.875716 -307922.364443 656400.217893 847915.143576 -3750.3158128 -7097.39806082 -10948.2203281 -83726.1898434 -849483.59907 -928133.685352 632089.28097 1251050.1275 -4781.0428318 -7672.06433387 -26391.5451894 -74210.9751042 -239888.658232 -1384781.41584 -347357.119665 2085082.82119 
1357929.12288 -89149.4264968 -678382.978185 -417307.058215 -107545.209234 -44761.3708487 -15531.8188283 -5251.26107014 1233242.65624 39754.7076871 -523983.098873 -567735.939175 -133708.41858 -35265.8751381 -8371.62936943 -3932.40278759 1148073.16867 -153659.909354 -426789.577779 -355977.885899 -186668.667938 -16972.5391423 -3796.75090654 -4207.8376474 
-89149.4264968 1068244.22779 -348169.877535 -436431.449334 -112901.98175 -50077.6560448 -19769.116694 -11744.7199399 -63237.2608541 860950.22979 -60749.8348076 -561226.609437 -129179.44662 -30874.4284322 -10059.0959504 -5623.553688 353637.634464 354204.218887 -216206.353716 -253462.639879 -203936.29319 -21215.2989792 -7363.49466995 -5657.7729174 
-678382.978185 -348169.877535 963816.537681 133705.987138 -27339.0302033 -25086.8113724 -12017.7838783 -6526.04364486 -629714.110554 -339923.917307 492513.800301 477513.31952 15581.9702894 -10262.3465277 -4257.69872712 -1451.01699417 -732546.333785 -15801.6127236 303978.672749 270515.369113 182061.272301 -1419.54589993 -5334.72212788 -1453.09962712 
-417307.058215 -436431.449334 133705.987138 616337.759864 92881.1338466 13708.8792773 100.225572268 -2995.47814886 -385238.58599 -395934.71114 99535.2724034 551042.489749 117898.542604 12872.024508 484.118866506 -659.151001601 -535048.282546 -147051.235049 232275.024938 264231.919403 178455.028538 8555.82088044 -850.798395551 -567.477767998 
-107545.209234 -112901.98175 -27339.0302033 92881.1338466 104640.932924 39805.9013532 9066.41825763 1391.83480533 -97909.6736148 -100498.012169 8267.17561422 80384.436044 78144.375002 24881.7528053 5456.29430795 1273.65201082 -133020.516093 -24905.8310169 65123.3756404 61683.2675581 14481.600459 10763.4635273 4295.31109222 1579.32883281 
-44761.3708487 -50077.6560448 -25086.8113724 13708.8792773 39805.9013532 49283.4737751 14173.6162792 2953.96758102 -39900.6464311 -40252.8514377 -8273.65600156 14189.9129486 40476.6816847 25948.5380619 6072.16320294 1739.85797216 -64405.7871592 -12912.620187 29265.7839584 14405.3072663 14388.3178859 12600.1633978 4671.06210581 1987.77273199 
-15531.8188283 -19769.116694 -12017.7838783 100.225572268 9066.41825763 14173.6162792 17371.5313153 6606.92797623 -13589.0730431 -15470.8634858 -5498.64583179 6208.8567 9359.96889494 9875.79424571 5844.09070012 3269.87181991 -25804.1813341 -1410.75523187 11231.9220319 736.147642481 1897.69092797 5698.90361112 4017.78051017 3632.4918424 
-5251.26107014 -11744.7199399 -6526.04364486 -2995.47814886 1391.83480533 2953.96758102 6606.92797623 15564.7724412 -3653.30575007 -8624.5819364 -1811.01280413 -376.466349019 1426.32672463 2824.54047712 4831.75696939 5382.74266847 -10885.7022147 1537.74467637 1121.15217779 -2131.48520511 -678.948983566 1989.03260475 4361.61239173 4686.59455272 
1233242.65624 -63237.2608541 -629714.110554 -385238.58599 -97909.6736148 -39900.6464311 -13589.0730431 -3653.30575007 1330869.00216 -17830.4480468 -582097.196496 -553140.667065 -131738.250325 -34273.2918024 -7985.03054591 -3804.1178818 1250572.51806 -195344.507387 -428659.039091 -397360.265777 -188867.259961 -26033.9076398 -8960.30705129 -5347.2311524 
39754.7076871 860950.22979 -339923.917307 -395934.71114 -100498.012169 -40252.8514377 -15470.8634858 -8624.5819364 -17830.4480468 1170004.97106 -297835.289753 -658969.079161 -147449.51811 -32169.882269 -10492.3282206 -5258.42550069 410043.450954 651637.132655 -249161.373988 -504268.33044 -259321.63707 -31196.9925222 -12251.3007093 -5480.94887888 
-523983.098873 -60749.8348076 492513.800301 99535.2724034 8267.17561422 -8273.65600156 -5498.64583179 -1811.01280413 -582097.196496 -297835.289753 874750.260359 43344.7868926 -29933.9762283 -4722.69972488 -2601.67781331 -904.207236298 -592361.845477 1436.338875 451932.290798 261427.883851 -110612.048979 -9922.52218286 -1579.58276489 -320.51412012 
-567735.939175 -561226.609437 477513.31952 551042.489749 80384.436044 14189.9129486 6208.8567 -376.466349019 -553140.667065 -658969.079161 43344.7868926 1054589.27472 118039.287165 859.213840414 -2198.47282918 -2524.34356053 -809702.632336 -371793.552589 181681.90382 555279.984475 440064.1997 9548.83698344 -2442.11816571 -2636.62188727 
-133708.41858 -129179.44662 15581.9702894 117898.542604 78144.375002 40476.6816847 9359.96889494 1426.32672463 -131738.250325 -147449.51811 -29933.9762283 118039.287165 153840.438624 31355.9624696 4916.87657368 969.179832159 -187651.417089 -69916.4015479 31273.4541419 81688.6276824 102348.358731 33931.907518 7037.01951495 1288.45104898 
-35265.8751381 -30874.4284322 -10262.3465277 12872.024508 24881.7528053 25948.5380619 9875.79424571 2824.54047712 -34273.2918024 -32169.882269 -4722.69972488 859.213840414 31355.9624696 30159.8602176 6845.96484987 1944.87241883 -46970.2730126 -8578.82219563 12015.6231345 2871.64389293 14513.0455977 16093.6879004 7633.41081851 2421.68386426 
-8371.62936943 -10059.0959504 -4257.69872712 484.118866506 5456.29430795 6072.16320294 5844.09070012 4831.75696939 -7985.03054591 -10492.3282206 -2601.67781331 -2198.47282918 4916.87657368 6845.96484987 8465.72096542 3048.94702006 -14856.3224739 -4979.13686758 1341.67827087 432.750608723 1548.77656088 5388.85499517 7593.53787935 3529.86102645 
-3932.40278759 -5623.553688 -1451.01699417 -659.151001601 1273.65201082 1739.85797216 3269.87181991 5382.74266847 -3804.1178818 -5258.42550069 -904.207236298 -2524.34356053 969.179832159 1944.87241883 3048.94702006 6528.09490827 -9073.4786239 -2461.05094302 -424.53708642 -72.2942930614 326.565421086 2190.13494796 2969.34047839 6545.32009897 
1148073.16867 353637.634464 -732546.333785 -535048.282546 -133020.516093 -64405.7871592 -25804.1813341 -10885.7022147 1250572.51806 410043.450954 -592361.845477 -809702.632336 -187651.417089 -46970.2730126 -14856.3224739 -9073.4786239 2098214.69074 -213149.244065 -717085.800611 -719708.425195 -356567.094001 -57778.7066869 -21833.4803901 -12091.9397894 
-153659.909354 354204.218887 -15801.6127236 -147051.235049 -24905.8310169 -12912.620187 -1410.75523187 1537.74467637 -195344.507387 651637.132655 1436.338875 -371793.552589 -69916.4015479 -8578.82219563 -4979.13686758 -2461.05094302 -213149.244065 1023990.33992 -102181.667873 -436817.861102 -231216.895074 -26548.0674136 -9895.58008129 -4181.02430896 
-426789.577779 -216206.353716 303978.672749 232275.024938 65123.3756404 29265.7839584 11231.9220319 1121.15217779 -428659.039091 -249161.373988 451932.290798 181681.90382 31273.4541419 12015.6231345 1341.67827087 -424.53708642 -717085.800611 -102181.667873 751523.707204 160020.333951 -85317.1074193 -5588.74900371 -1220.08239105 -150.633856691 
-355977.885899 -253462.639879 270515.369113 264231.919403 61683.2675581 14405.3072663 736.147642481 -2131.48520511 -397360.265777 -504268.33044 261427.883851 555279.984475 81688.6276824 2871.64389293 432.750608723 -72.2942930614 -719708.425195 -436817.861102 160020.333951 924683.47074 70789.3605325 3083.8836164 -2354.86627922 304.10373579 
-186668.667938 -203936.29319 182061.272301 178455.028538 14481.600459 14388.3178859 1897.69092797 -678.948983566 -188867.259961 -259321.63707 -110612.048979 440064.1997 102348.358731 14513.0455977 1548.77656088 326.565421086 -356567.094001 -231216.895074 -85317.1074193 70789.3605325 567439.70067 31978.0422553 2033.95588385 860.037152206 
-16972.5391423 -21215.2989792 -1419.54589993 8555.82088044 10763.4635273 12600.1633978 5698.90361112 1989.03260475 -26033.9076398 -31196.9925222 -9922.52218286 9548.83698344 33931.907518 16093.6879004 5388.85499517 2190.13494796 -57778.7066869 -26548.0674136 -5588.74900371 3083.8836164 31978.0422553 40290.2869576 11273.2438475 3290.06642743 
-3796.75090654 -7363.49466995 -5334.72212788 -850.798395551 4295.31109222 4671.06210581 4017.78051017 4361.61239173 -8960.30705129 -12251.3007093 -1579.58276489 -2442.11816571 7037.01951495 7633.41081851 7593.53787935 2969.34047839 -21833.4803901 -9895.58008129 -1220.08239105 -2354.86627922 2033.95588385 11273.2438475 18004.2684871 3992.54092317 
-4207.8376474 -5657.7729174 -1453.09962712 -567.477767998 1579.32883281 1987.77273199 3632.4918424 4686.59455272 -5347.2311524 -5480.94887888 -320.51412012 -2636.62188727 1288.45104898 2421.68386426 3529.86102645 6545.32009897 -12091.9397894 -4181.02430896 -150.633856691 304.10373579 860.037152206 3290.06642743 3992.54092317 7976.84971649 
877452.281933 37836.2575505 -212456.218454 -342649.127816 -308714.876218 -39222.1596877 -7542.37309381 -4703.78421438 626619.254612 193537.966399 -158821.210229 -395828.775782 -228859.763813 -27421.4364358 -4624.61765338 -4601.41709668 660775.97644 91151.9577714 -310794.60995 -330334.996242 -83802.3752579 -18137.0802039 -4082.26635136 -4776.60620581 
37836.2575505 923244.470681 -16212.1896633 -428816.415328 -450657.833468 -51971.1314618 -10575.9526654 -2847.20564502 84929.609759 787030.004311 -4156.82250337 -508670.527805 -318765.578904 -33197.2736013 -6243.53283346 -925.878423093 218188.462093 584344.625993 -254492.3845 -435366.139683 -97848.450306 -13601.6028571 -2684.56859353 1460.05785408 
-212456.218454 -16212.1896633 666871.374976 -49433.1087127 -349548.171934 -22949.5609181 -5616.69124289 -10655.4340515 -149368.087463 -9242.14133616 533863.311518 -140718.929941 -214396.28989 -7822.25878219 -3498.66762582 -8816.93647977 -132483.870689 88072.7127275 279620.576565 -189269.871133 -34945.6643387 -1344.32611578 -2465.14360117 -7184.41341544 
-342649.127816 -428816.415328 -49433.1087127 801120.520088 55202.7432834 -8446.58828551 -10281.010471 -16697.0127575 -266284.489825 -430332.210215 984.351783305 713668.805696 10716.686525 -4468.29846559 -9503.6008383 -14781.2446609 -332113.520578 -234448.488495 250486.925252 292338.895543 50623.0887081 -4482.12672637 -8374.3377213 -14030.4359823 
-308714.876218 -450657.833468 -349548.171934 55202.7432834 1055336.00268 27659.8727304 -8157.71025053 -21120.0268236 -258116.239759 -471456.292095 -339765.053415 387337.317645 713926.680764 -1453.77830758 -9800.17797116 -20672.4568602 -350566.20401 -456338.778239 65082.269669 680771.36251 104847.636039 -13270.3068567 -10110.6503414 -20415.3287716 
-39222.1596877 -51971.1314618 -22949.5609181 -8446.58828551 27659.8727304 67947.9035103 18560.3377559 8421.32635652 -28686.6538522 -55025.8741925 -21522.1272792 -13083.5340912 49034.3738174 49713.4445317 13455.6890062 6114.68205977 -44823.6734378 -52054.000919 -2052.49064769 9478.3457661 45826.599453 29299.4683537 9948.25813489 4377.49329678 
-7542.37309381 -10575.9526654 -5616.69124289 -10281.010471 -8157.71025053 18560.3377559 13572.0962596 10041.3037082 -3164.66097873 -11829.7730808 -4935.3052282 -16112.6146714 136.189630677 16942.4663255 10798.7096559 8164.988347 -8098.99720639 -13334.7709121 -10484.372136 -8917.8821092 11734.6564779 13885.9433808 8446.04378382 6769.37872124 
-4703.78421438 -2847.20564502 -10655.4340515 -16697.0127575 -21120.0268236 8421.32635652 10041.3037082 37560.8334272 -5928.73249254 -2681.6797903 -5647.14464596 -26591.7410502 -11792.29813 7707.13473523 9416.19825996 35518.2631138 -10878.1726119 -7393.25792689 -17365.9142517 -18699.7146524 3564.50922453 7650.03102526 9322.66469006 33799.8545031 
626619.254612 84929.609759 -149368.087463 -266284.489825 -258116.239759 -28686.6538522 -3164.66097873 -5928.73249254 735197.777536 44260.9130944 -196216.702346 -347901.249431 -203390.286492 -22371.1531522 -2071.76738861 -7507.53182047 775561.704974 -99770.4211242 -290231.296241 -289062.577673 -72467.0212597 -13330.1740059 -1916.82268994 -8783.39198022 
193537.966399 787030.004311 -9242.14133616 -430332.210215 -471456.292095 -55025.8741925 -11829.7730808 -2681.6797903 44260.9130944 997811.472492 -35890.0982428 -589397.52348 -363058.64861 -42667.8886637 -9737.96008497 -1320.2665048 182944.191834 738274.309514 -294877.802813 -487148.332825 -112388.562614 -22532.705003 -5453.62918847 1182.53109586 
-158821.210229 -4156.82250337 533863.311518 984.351783305 -339765.053415 -21522.1272792 -4935.3052282 -5647.14464596 -196216.702346 -35890.0982428 664301.37463 -156417.059743 -254101.716092 -12491.8580439 -4949.48449585 -4234.45566608 -189189.254896 111722.576955 356219.22796 -227266.594867 -42519.4980828 -3201.04898354 -2906.60222714 -2858.80585954 
-395828.775782 -508670.527805 -140718.929941 713668.805696 387337.317645 -13083.5340912 -16112.6146714 -26591.7410502 -347901.249431 -589397.52348 -156417.059743 1053341.18098 98230.8140816 -19232.0899151 -14671.2134016 -23952.8590936 -443941.152388 -346037.721224 340822.057946 467996.635311 31821.6000118 -15439.4277603 -12655.8030005 -22566.1888959 
-228859.763813 -318765.578904 -214396.28989 10716.686525 713926.680764 49034.3738174 136.189630677 -11792.29813 -203390.286492 -363058.64861 -254101.716092 98230.8140816 708319.543419 26892.1324614 -1090.06198262 -11801.7767849 -274717.020965 -350362.446456 -77650.1053505 565740.404081 146185.340021 6433.70001483 -3486.08278841 -12143.7885578 
-27421.4364358 -33197.2736013 -7822.25878219 -4468.29846559 -1453.77830758 49713.4445317 16942.4663255 7707.13473523 -22371.1531522 -42667.8886637 -12491.8580439 -19232.0899151 26892.1324614 49767.0094656 14058.4679072 6045.37994064 -33489.839213 -37701.9500814 -8325.3376365 -3915.04296861 38246.7327938 30169.1140415 10219.8486177 4796.4744464 
-4624.61765338 -6243.53283346 -3498.66762582 -9503.6008383 -9800.17797116 13455.6890062 10798.7096559 9416.19825996 -2071.76738861 -9737.96008497 -4949.48449585 -14671.2134016 -1090.06198262 14058.4679072 10642.6932509 7819.3261956 -5098.20251347 -10668.0249498 -10316.0874218 -9316.73053902 8756.75269842 11748.1730383 8371.5313477 6522.58833977 
-4601.41709668 -925.878423093 -8816.93647977 -14781.2446609 -20672.4568602 6114.68205977 8164.988347 35518.2631138 -7507.53182047 -1320.2665048 -4234.45566608 -23952.8590936 -11801.7767849 6045.37994064 7819.3261956 34952.1837336 -12070.4268326 -5456.32263429 -15640.6564431 -17027.76052 2364.65643134 6152.36865822 7827.559929 33850.5814114 
660775.97644 218188.462093 -132483.870689 -332113.520578 -350566.20401 -44823.6734378 -8098.99720639 -10878.1726119 775561.704974 182944.191834 -189189.254896 -443941.152388 -274717.020965 -33489.839213 -5098.20251347 -12070.4268326 1043507.98173 -76380.7161877 -400183.573383 -413903.616272 -108863.123447 -24680.0688371 -5745.13968706 -13751.7439143 
91151.9577714 584344.625993 88072.7127275 -234448.488495 -456338.778239 -52054.000919 -13334.7709121 -7393.25792689 -99770.4211242 738274.309514 111722.576955 -346037.721224 -350362.446456 -37701.9500814 -10668.0249498 -5456.32263429 -76380.7161877 1003406.21797 -158884.802058 -577040.699724 -144538.318881 -33156.8788207 -9396.37949964 -4008.42279624 
-310794.60995 -254492.3845 279620.576565 250486.925252 65082.269669 -2052.49064769 -10484.372136 -17365.9142517 -290231.296241 -294877.802813 356219.22796 340822.057946 -77650.1053505 -8325.3376365 -10316.0874218 -15640.6564431 -400183.573383 -158884.802058 827106.133359 -144905.93071 -76760.2866226 -21102.6751712 -10743.4773367 -14525.3880787 
-330334.996242 -435366.139683 -189269.871133 292338.895543 680771.36251 9478.3457661 -8917.8821092 -18699.7146524 -289062.577673 -487148.332825 -227266.594867 467996.635311 565740.404081 -3915.04296861 -9316.73053902 -17027.76052 -413903.616272 -577040.699724 -144905.93071 1029169.7389 137260.134321 -6409.93592895 -8184.25372254 -15985.4368677 
-83802.3752579 -97848.450306 -34945.6643387 50623.0887081 104847.636039 45826.599453 11734.6564779 3564.50922453 -72467.0212597 -112388.562614 -42519.4980828 31821.6000118 146185.340021 38246.7327938 8756.75269842 2364.65643134 -108863.123447 -144538.318881 -76760.2866226 137260.134321 152948.235696 30620.8577742 7587.47516033 1745.02600018 
-18137.0802039 -13601.6028571 -1344.32611578 -4482.12672637 -13270.3068567 29299.4683537 13885.9433808 7650.03102526 -13330.1740059 -22532.705003 -3201.04898354 -15439.4277603 6433.70001483 30169.1140415 11748.1730383 6152.36865822 -24680.0688371 -33156.8788207 -21102.6751712 -6409.93592895 30620.8577742 38488.2934166 10887.8721955 5352.5353717 
-4082.26635136 -2684.56859353 -2465.14360117 -8374.3377213 -10110.6503414 9948.25813489 8446.04378382 9322.66469006 -1916.82268994 -5453.62918847 -2906.60222714 -12655.8030005 -3486.08278841 10219.8486177 8371.5313477 7827.559929 -5745.13968706 -9396.37949964 -10743.4773367 -8184.25372254 7587.47516033 10887.8721955 8611.67515497 6982.22773515 
-4776.60620581 1460.05785408 -7184.41341544 -14030.4359823 -20415.3287716 4377.49329678 6769.37872124 33799.8545031 -8783.39198022 1182.53109586 -2858.80585954 -22566.1888959 -12143.7885578 4796.4744464 6522.58833977 33850.5814114 -13751.7439143 -4008.42279624 -14525.3880787 -15985.4368677 1745.02600018 5352.5353717 6982.22773515 34191.20255 
15475.4745067 15017.4866905 -328.331431572 -6332.94755466 -11429.35481 -7999.91762677 -7082.2147935 2679.80501931 15679.8854859 13053.2946068 6635.90917419 -4542.40613268 -14712.8431171 -6613.13232418 -5885.22995509 -3615.47773779 17681.4573305 13831.7121989 4783.14952266 -3648.73824725 -6482.92276889 -16934.7745744 3957.75639795 -13187.6398595 
15017.4866905 43550.9400444 10024.8908524 -6225.60026352 -21249.5307163 -18384.1359029 -20407.2272939 -2326.82341069 15052.9542167 35395.0087406 24759.1662265 -3121.43972502 -31321.621953 -7270.52323333 -21382.0793759 -12111.4648965 19241.7728429 39327.2647953 22292.7945402 -1782.27773258 -16987.8522035 -36680.3354134 8727.09702971 -34138.4638586 
-328.331431572 10024.8908524 1030041.38104 -86654.182956 -240813.711386 -290720.326697 -248228.163425 -173321.555999 -1651.60747778 3225.28191283 11363.840726 799148.203537 -58144.2030134 -230618.750311 -300680.265153 -222642.500221 -291.338092952 6030.06256196 -8299.97071322 -99459.3814673 33071.4547116 470068.180437 -7858.45722986 -393260.550207 
-6332.94755466 -6225.60026352 -86654.182956 1094308.93465 -92009.1337837 -335379.333259 -321728.075217 -245979.66162 -8186.62945102 -9744.84200434 9568.87754637 -12815.3196869 750262.262058 -17295.9535765 -398176.645875 -313611.749011 -7805.83978217 -910.667320348 30634.7822859 -15239.6148054 -51999.4276439 456975.284082 -4260.60568153 -407393.911135 
-11429.35481 -21249.5307163 -240813.711386 -92009.1337837 1195454.08232 -99365.8055615 -395482.729264 -335103.816799 -12388.4215638 -18954.4862064 -7248.58079166 -109377.027676 426450.10844 84385.9660989 74155.9219225 -437023.480224 -15322.3616979 -15428.4765737 33645.3335469 142710.32509 220771.689044 -158064.774362 -183593.886756 -24717.8482915 
-7999.91762677 -18384.1359029 -290720.326697 -335379.333259 -99365.8055615 1221613.84739 -138564.802301 -331199.526045 -8025.62358381 -10697.6646343 -16567.5227595 -228666.462321 -105207.705403 489896.974018 204461.682194 -325193.67751 -10529.3625529 -17717.3510946 -1309.61499865 198934.573993 224478.687429 -194651.846465 -91851.0060898 -107354.080222 
-7082.2147935 -20407.2272939 -248228.163425 -321728.075217 -395482.729264 -138564.802301 1172120.85773 -40627.645434 -4648.92478959 -13821.1779214 -23748.8896112 -250808.433397 -520324.031067 -75472.426039 504712.822459 384111.060366 -6742.46700352 -21224.7971151 -45764.6831122 -88943.3328353 -180943.221666 -228454.27052 152504.987163 419567.78509 
2679.80501931 -2326.82341069 -173321.555999 -245979.66162 -335103.816799 -331199.526045 -40627.645434 1125879.22429 4168.36716347 1544.58550608 -4762.80051065 -189817.114599 -447001.965945 -237012.154632 -57206.2062162 930087.289234 3768.13895614 -3907.74745247 -35981.7910715 -132571.553995 -221908.406902 -292257.463184 122374.115166 560484.708483 
15679.8854859 15052.9542167 -1651.60747778 -8186.62945102 -12388.4215638 -8025.62358381 -4648.92478959 4168.36716347 17630.2478893 14235.3258056 7022.08253658 -5095.50159319 -16832.6556577 -8533.9494663 -4988.42015218 -3437.1293621 19483.6665281 14721.6261999 4771.54104682 -4000.1424693 -7015.61681136 -16176.3245724 3954.93522684 -15739.6851486 
13053.2946068 35395.0087406 3225.28191283 -9744.84200434 -18954.4862064 -10697.6646343 -13821.1779214 1544.58550608 14235.3258056 35510.2266195 21739.8966135 -4710.85866243 -30288.5745757 -9388.16596488 -17897.2391158 -9200.61071979 17996.747185 36181.1224891 17997.2288286 -2015.40182675 -12359.3054521 -30850.6100074 6730.70891262 -33680.4901292 
6635.90917419 24759.1662265 11363.840726 9568.87754637 -7248.58079166 -16567.5227595 -23748.8896112 -4762.80051065 7022.08253658 21739.8966135 42610.7296915 16341.5632496 -17508.8562456 -5701.67896946 -38359.5369065 -26144.1999696 11342.4037706 30814.2978462 41390.5816174 21711.0279126 1404.7982391 -39644.6001351 5083.57072989 -72102.0799807 
-4542.40613268 -3121.43972502 799148.203537 -12815.3196869 -109377.027676 -228666.462321 -250808.433397 -189817.114599 -5095.50159319 -4710.85866243 16341.5632496 892993.477056 -125221.748778 -181354.097981 -335309.11587 -257643.717421 -3954.08952214 1669.7774994 22303.7569721 12338.9363334 211239.026211 347074.028753 -114242.825211 -476428.611035 
-14712.8431171 -31321.621953 -58144.2030134 750262.262058 426450.10844 -105207.705403 -520324.031067 -447001.965945 -16832.6556577 -30288.5745757 -17508.8562456 -125221.748778 1647869.64633 -133423.57577 -736706.751473 -587887.483826 -19682.8494652 -28319.7791221 32486.4049022 228714.259731 305813.304959 623235.415752 -86813.752575 -1055433.00418 
-6613.13232418 -7270.52323333 -230618.750311 -17295.9535765 84385.9660989 489896.974018 -75472.426039 -237012.154632 -8533.9494663 -9388.16596488 -5701.67896946 -181354.097981 -133423.57577 957726.879169 -249256.858811 -370068.552206 -8983.70312187 -7439.74491783 36409.029207 173556.953107 187407.425598 10178.7244044 20479.8831356 -411608.567412 
-5885.22995509 -21382.0793759 -300680.265153 -398176.645875 74155.9219225 204461.682194 504712.822459 -57206.2062162 -4988.42015218 -17897.2391158 -38359.5369065 -335309.11587 -736706.751473 -249256.858811 1593781.83103 -211263.908699 -8151.04439169 -27688.352156 -84917.3795285 -223107.870559 -331101.88487 -404000.262543 170844.644368 908122.14968 
-3615.47773779 -12111.4648965 -222642.500221 -313611.749011 -437023.480224 -325193.67751 384111.060366 930087.289234 -3437.1293621 -9200.61071979 -26144.1999696 -257643.717421 -587887.483826 -370068.552206 -211263.908699 1465645.6022 -8051.13098282 -19938.9478388 -70441.1630457 -207197.762229 -355387.747874 -489816.371651 -6037.16458669 1156870.28821 
17681.4573305 19241.7728429 -291.338092952 -7805.83978217 -15322.3616979 -10529.3625529 -6742.46700352 3768.13895614 19483.6665281 17996.747185 11342.4037706 -3954.08952214 -19682.8494652 -8983.70312187 -8151.04439169 -8051.13098282 24813.4355771 20165.3438158 10320.3298392 -1563.56644777 -8178.69524403 -22878.9678737 5172.05909495 -27849.9387615 
13831.7121989 39327.2647953 6030.06256196 -910.667320348 -15428.4765737 -17717.3510946 -21224.7971151 -3907.74745247 14721.6261999 36181.1224891 30814.2978462 1669.7774994 -28319.7791221 -7439.74491783 -27688.352156 -19938.9478388 20165.3438158 50427.2525145 44627.2624545 15572.7307093 -20212.4376449 -53743.6321961 3372.82988146 -60209.3495345 
4783.14952266 22292.7945402 -8299.97071322 30634.7822859 33645.3335469 -1309.61499865 -45764.6831122 -35981.7910715 4771.54104682 17997.2288286 41390.5816174 22303.7569721 32486.4049022 36409.029207 -84917.3795285 -70441.1630457 10320.3298392 44627.2624545 138746.791988 131142.281817 -13717.4395021 -118859.821297 -21573.2162136 -170686.189086 
-3648.73824725 -1782.27773258 -99459.3814673 -15239.6148054 142710.32509 198934.573993 -88943.3328353 -132571.553995 -4000.1424693 -2015.40182675 21711.0279126 12338.9363334 228714.259731 173556.953107 -223107.870559 -207197.762229 -1563.56644777 15572.7307093 131142.281817 484622.659476 148254.71348 -255862.211291 -87357.4603988 -434809.147344 
-6482.92276889 -16987.8522035 33071.4547116 -51999.4276439 220771.689044 224478.687429 -180943.221666 -221908.406902 -7015.61681136 -12359.3054521 1404.7982391 211239.026211 305813.304959 187407.425598 -331101.88487 -355387.747874 -8178.69524403 -20212.4376449 -13717.4395021 148254.71348 975005.677695 -193617.054728 -145117.615651 -742417.148404 
-16934.7745744 -36680.3354134 470068.180437 456975.284082 -158064.774362 -194651.846465 -228454.27052 -292257.463184 -16176.3245724 -30850.6100074 -39644.6001351 347074.028753 623235.415752 10178.7244044 -404000.262543 -489816.371651 -22878.9678737 -53743.6321961 -118859.821297 -255862.211291 -193617.054728 1775424.07099 -106893.24304 -1023569.14057 
3957.75639795 8727.09702971 -7858.45722986 -4260.60568153 -183593.886756 -91851.0060898 152504.987163 122374.115166 3954.93522684 6730.70891262 5083.57072989 -114242.825211 -86813.752575 20479.8831356 170844.644368 -6037.16458669 5172.05909495 3372.82988146 -21573.2162136 -87357.4603988 -145117.615651 -106893.24304 527149.194131 -174752.547803 
-13187.6398595 -34138.4638586 -393260.550207 -407393.911135 -24717.8482915 -107354.080222 419567.78509 560484.708483 -15739.6851486 -33680.4901292 -72102.0799807 -476428.611035 -1055433.00418 -411608.567412 908122.14968 1156870.28821 -27849.9387615 -60209.3495345 -170686.189086 -434809.147344 -742417.148404 -1023569.14057 -174752.547803 2634293.4615 
1001678.43941 40924.8526027 -164228.653608 -208553.311481 -217747.025122 -249052.917933 -188903.307609 -14118.0762631 821897.869758 184271.224918 -215011.041063 -252423.421932 -269795.987331 -215040.295759 -53890.14538 -8.20321189904 589009.085105 12558.9644993 -186325.523473 -249369.769714 -129142.532421 -35970.749224 -759.474772379 -3.97645757415e-127 
40924.8526027 901828.781679 26277.6530724 -242162.707664 -249685.118462 -264764.001699 -197939.382634 -14480.0768943 32219.5340114 579232.019648 200968.236846 -231570.069104 -291318.141467 -230054.637582 -59468.6182255 -8.32412704785 344032.344893 324895.310578 -208042.955653 -272365.494251 -147857.2139 -39211.3094641 -1450.6822026 -3.45432888811e-127 
-164228.653608 26277.6530724 1104840.36869 -54851.5396857 -304421.837124 -331875.781337 -256788.868068 -18951.3419431 -124930.146479 177632.518132 798455.297889 -126039.439971 -358740.162405 -290696.650215 -75659.2913051 -22.1256459904 27299.3701482 653173.019478 -97665.5129317 -336762.5553 -193698.090864 -49905.1735061 -2441.05702463 -5.27278260137e-127 
-208553.311481 -242162.707664 -54851.5396857 1170888.48621 -49898.5033357 -327242.629739 -268285.704919 -19894.0893809 -165831.546169 -190686.266708 192276.101136 713599.042227 -196449.571498 -278119.808488 -74771.4599975 -16.4905019193 -207322.322864 -135156.295691 555445.273565 7811.27195016 -175222.113694 -43349.5421152 -2206.27114996 -5.64584175965e-127 
-217747.025122 -249685.118462 -304421.837124 -49898.5033357 1130698.06912 -65037.456284 -227082.967187 -16825.161603 -178816.18154 -229877.78989 -274354.323653 187314.108451 616204.831165 -59542.437 -60921.8654974 -6.34203494599 -237395.074868 -348949.604539 -14949.6819616 434954.507854 173290.229039 -6917.92262389 -32.4528997576 6.32502721484e-127 
-249052.917933 -264764.001699 -331875.781337 -327242.629739 -65037.456284 1194604.42293 53339.4450989 -9971.08103556 -208562.430038 -285267.213646 -386163.233942 -84457.4708087 443419.354882 488085.302083 32926.7278401 18.9636287791 -269509.620515 -297583.919841 -10952.1971263 170861.948813 279779.20509 123111.621735 4292.96184464 6.79360526034e-127 
-188903.307609 -197939.382634 -256788.868068 -268285.704919 -227082.967187 53339.4450989 1041098.54893 44562.2363882 -164546.737388 -220928.588086 -292283.035947 -190424.462175 55374.1852828 529738.06446 283035.729677 34.8441753172 -234474.011403 -197089.89269 -50828.9348606 239117.498302 191455.087139 49346.6274356 2473.62607735 4.47348152932e-127 
-14118.0762631 -14480.0768943 -18951.3419431 -19894.0893809 -16825.161603 -9971.08103556 44562.2363882 49677.5907318 -11430.362155 -14375.904369 -23888.001266 -15998.2866877 1305.49137047 55630.4625006 8748.92288891 7.67771770619 -11639.7704943 -11847.5817935 13319.5324416 5752.59234506 1395.42961082 2896.44776293 123.35012734 7.57296818783e-128 
821897.869758 32219.5340114 -124930.146479 -165831.546169 -178816.18154 -208562.430038 -164546.737388 -11430.362155 882898.951713 59490.5114438 -221356.035723 -222103.020039 -245963.156887 -201173.10279 -51783.2995813 -10.8481366994 684150.816812 -42627.0241642 -231821.449774 -253711.639767 -123262.067705 -32012.5484782 -716.086922711 -2.90952987347e-127 
184271.224918 579232.019648 177632.518132 -190686.266708 -229877.78989 -285267.213646 -220928.588086 -14375.904369 59490.5114438 959720.436178 -48651.3956531 -300646.786557 -332920.233413 -268323.157451 -68657.8303934 -11.5441536396 456119.169594 267399.535495 -191798.654389 -315089.564716 -168515.410684 -46659.2007763 -1455.87452447 1.24467436783e-126 
-215011.041063 200968.236846 798455.297889 192276.101136 -274354.323653 -386163.233942 -292283.035947 -23888.001266 -221356.035723 -48651.3956531 1424564.70226 -143127.940663 -504018.861347 -403482.387005 -103907.209715 -20.8721502936 -52848.4175036 895112.306447 -1604.35892279 -491444.351702 -273093.534054 -72126.2550992 -3995.38916613 4.17184960245e-127 
-252423.421932 -231570.069104 -126039.439971 713599.042227 187314.108451 -84457.4708087 -190424.462175 -15998.2866877 -222103.020039 -300646.786557 -143127.940663 1223667.78574 -169105.246126 -308584.236628 -80109.0084757 8.45274525611 -267107.725999 -189749.700293 594859.359691 91367.1503346 -181696.297143 -45779.285716 -1893.50087427 -5.15355092036e-127 
