24 3 3
0.344642344962 0.336860027025 0.318497628013 
0.409410128283 0.221129373761 0.369460497955 
0.406300410304 0.265977182189 0.327722407507 
8.23352085554 13.5514734763 112.107552229 525.352187616 1261.28869204 1066.69361093 497.707563752 611.065399104 6.72441297958 9.18646819268 23.7941379682 65.715362893 1072.99077294 1568.18388171 844.969896636 504.435066684 8.35182943002 13.3874158308 28.8048478089 62.6790824263 164.378253486 2108.9832321 876.389813661 833.025525262 
1305.94172235 1632.94305853 778.241124721 257.994464596 76.8892022678 30.397886818 8.42300764412 5.1695330715 1253.43327574 1706.89409091 755.413545181 264.446247888 79.1225601303 26.6196847228 7.87083701605 2.19975841725 2210.47533576 1358.14595527 371.040734288 98.8097234424 36.1821567542 13.0382715901 6.59574939627 1.71207350287 
134.457144499 611.8567651 1435.43906111 1221.73939638 378.86120293 193.782126041 79.3098158644 40.5544880782 65.1682362258 349.880443493 1197.75619814 1518.39735536 710.248209546 168.039901097 55.8813243621 30.6283317738 185.244648037 463.394384928 1089.52853613 1203.43011312 825.437570542 219.948485077 69.3817570044 39.6345051535 
19.1959687766 82.1486453917 592.812503074 1213.03934099 1350.07369152 639.238722648 154.203894388 45.2872332085 20.9246729748 74.0608000252 276.091080114 1385.17111332 1637.0890162 557.272625709 110.044822078 35.3458695777 45.6285529145 239.581607423 742.337721721 1212.27644051 851.472625652 848.698577646 126.443082834 29.5613913007 
17.3774526666 55.2743850743 86.2705052218 231.377686583 612.192849717 837.495054787 1242.96639959 1013.04566636 19.2641743411 53.8495268222 84.162741282 128.109466827 223.863664362 703.487876579 1621.49119508 1261.77135471 23.6552046579 69.5894272542 115.353020297 194.172260222 363.808482574 606.961818461 565.37093089 2157.08885565 
744.894149542 1174.68131849 995.480608214 597.902449219 273.749637519 131.111225895 74.8340949988 103.346516118 683.041641291 1257.0064263 1052.30787026 574.737235716 240.966272589 125.079748248 72.4076694579 90.4531361356 967.558769947 1397.27037121 917.094974492 383.65242466 183.529646123 102.15825029 61.4735870038 83.2619762773 
1034.92908113 1055.98842343 1034.36138467 410.098909243 264.681756671 188.899521225 82.5248656834 24.5160579505 949.80200675 1244.59364205 1251.74634599 362.808784478 146.951377544 86.7568244157 35.4947322929 17.8462864789 1543.96494109 1716.21021142 439.251616031 210.80140068 99.9417960728 47.0429068974 21.9134065793 16.8737212336 
65.2244169324 120.115245987 562.773256493 1709.62204193 987.633083651 472.014800948 148.849026181 29.768127877 71.5823997082 147.349185029 1039.21030227 1993.45523952 690.085509141 105.952794227 23.3406300711 25.0239400312 197.313453975 1016.89341804 1738.16825601 954.127249422 104.24001208 48.2512274221 12.0436034772 24.9627795704 
54.052521522 56.4882080185 77.7683787278 186.248229076 822.002758377 1345.26272401 1199.22638097 354.950799289 47.9914343897 79.1184019664 117.805963397 258.248850869 1368.54490568 1457.72410396 523.096955367 243.46938438 106.795715142 384.27440982 610.15351284 1247.72858539 1011.14434991 376.346380294 244.362978425 115.194068177 
6583.64161606 1158.4276229 294.68502807 -2280.05321422 -8113.29143778 -5396.81485281 269.321141585 7484.0840962 5393.33854677 1901.99246828 1059.33190764 640.853315737 -5567.23193794 -7018.93643725 5337.72580575 -1747.07366898 4805.33555746 1880.81640048 986.427558577 1711.50962456 1481.96264468 -7644.17083494 1651.85334848 -4873.73429929 
1158.4276229 4160.4494199 7042.01667564 3303.92116105 -8270.20082274 -5928.91809495 1121.36898515 -2587.06494694 919.223507711 2418.63532844 3904.26559707 4037.16587804 611.650776234 -8891.59590334 -1841.42580334 -1157.91938081 1503.13649832 2459.07734046 3355.91937714 3481.55328485 5515.01009681 -13660.806396 1118.64001989 -3772.53022145 
294.68502807 7042.01667564 241590.765048 35122.1631461 -103121.898009 -92243.7744636 -33868.046056 -54815.9113699 14.9217152714 2033.6873008 8315.93300552 23558.0765332 180707.489317 -111546.471644 -63584.4816595 -39499.1545683 517.014938464 2741.66994577 6489.15330038 9469.84047985 21380.6143814 44837.8404487 -23614.6767747 -61821.4567199 
-2280.05321422 3303.92116105 35122.1631461 1268390.57537 -305632.525732 -481784.401746 -220617.613924 -296502.06506 -2401.42189691 -178.030406214 4501.97887704 36123.0785721 949045.038603 -385345.134202 -365100.769989 -236644.739558 -2490.73729318 -1436.01231039 941.062381655 7277.83782626 86778.1180715 246836.135474 31454.9772485 -369361.381399 
-8113.29143778 -8270.20082274 -103121.898009 -305632.525732 2627978.79608 -908318.477998 -555725.14098 -738797.261098 -6642.21784312 -6533.30333153 -15516.2257981 -25818.7899924 904921.066239 486031.269216 -743131.351327 -593310.447163 -7686.73228335 -10463.7695576 -19003.4626189 -36517.2995451 -12567.1971471 1210074.89354 -346904.48335 -776931.949036 
-5396.81485281 -5928.91809495 -92243.7744636 -481784.401746 -908318.477998 2252879.06727 -186317.262068 -572889.418044 -4181.11472733 -2492.7227998 -5156.39659147 -25676.8341105 -952569.761494 1283541.40761 131235.895184 -424700.473071 -4278.17623863 -2096.86161445 -3176.54968421 -10512.2735103 -29455.1761789 102433.44596 362346.802138 -415261.210872 
269.321141585 1121.36898515 -33868.046056 -220617.613924 -555725.14098 -186317.262068 1051920.11176 -56782.7388561 9.62401027588 2330.12223018 3345.64183869 4437.58308373 -457232.758242 -453155.427178 702541.996937 197723.21732 357.256611678 4478.55522691 9269.65223629 23561.4454706 -13704.688048 -703517.193304 -37593.0502706 717148.022078 
7484.0840962 -2587.06494694 -54815.9113699 -296502.06506 -738797.261098 -572889.418044 -56782.7388561 1714890.37528 6887.64668733 519.619209833 -454.528836414 -17301.13328 -619915.493261 -803615.111461 334542.410853 1099336.59009 7272.90220923 2436.52456886 1137.79744907 1527.38636925 -59428.6438203 -879360.144886 11539.9376401 914874.24047 
5393.33854677 919.223507711 14.9217152714 -2401.42189691 -6642.21784312 -4181.11472733 9.62401027588 6887.64668733 5210.57705892 1126.81233632 558.777456719 519.299497577 -4869.03930825 -6238.49647167 4713.68879936 -1021.61936898 4760.09221059 1521.90878978 779.694420212 953.792227103 1520.95099558 -7835.47838083 2149.4821414 -3850.44240382 
1901.99246828 2418.63532844 2033.6873008 -178.030406214 -6533.30333153 -2492.7227998 2330.12223018 519.619209833 1126.81233632 2609.37250113 2658.6098086 2024.8298176 -3180.30167671 -5450.24658548 862.329372593 -651.405574054 1484.07463168 2580.87679331 2498.51596808 2970.78962139 3540.04767429 -9398.14213925 -843.790235808 -2832.37231369 
1059.33190764 3904.26559707 8315.93300552 4501.97887704 -15516.2257981 -5156.39659147 3345.64183869 -454.528836414 558.777456719 2658.6098086 8659.68432989 8534.44623033 -6718.60158212 -16031.6155479 1013.8420257 1324.85727875 1294.22369118 3821.77175917 7822.8622718 10375.5896264 8507.9016539 -31346.9143166 1211.73511094 -1687.16979681 
640.853315737 4037.16587804 23558.0765332 36123.0785721 -25818.7899924 -25676.8341105 4437.58308373 -17301.13328 519.299497577 2024.8298176 8534.44623033 39016.1095025 20809.9225793 -49241.6221083 -11499.8053157 -10163.1802033 1154.20515819 3660.77240066 10282.9447149 25254.6843983 37416.4619096 -55128.7751503 -6800.45810734 -15839.8353239 
-5567.23193794 611.650776234 180707.489317 949045.038603 904921.066239 -952569.761494 -457232.758242 -619915.493261 -4869.03930825 -3180.30167671 -6718.60158212 20809.9225793 2577071.84141 -1243235.40673 -824967.078226 -514911.336465 -5618.84897023 -6630.61756336 -8174.90373946 -7395.60475923 146720.321857 1301243.32163 -578821.764873 -841321.903582 
-7018.93643725 -8891.59590334 -111546.471644 -385345.134202 486031.269216 1283541.40761 -453155.427178 -803615.111461 -6238.49647167 -5450.24658548 -16031.6155479 -49241.6221083 -1243235.40673 3025556.52705 -971661.634235 -733697.505369 -7578.87127638 -8000.78062449 -14850.6758593 -31987.8660876 -72120.9703247 1122846.68539 180797.14237 -1169104.66359 
5337.72580575 -1841.42580334 -63584.4816595 -365100.769989 -743131.351327 131235.895184 702541.996937 334542.410853 4713.68879936 862.329372593 1013.8420257 -11499.8053157 -824967.078226 -971661.634235 1947853.28949 -146314.631913 5460.24651947 2465.03264736 3531.02126878 9298.09769225 -66645.8087317 -1303005.84999 695811.299945 653085.960649 
-1747.07366898 -1157.91938081 -39499.1545683 -236644.739558 -593310.447163 -424700.473071 197723.21732 1099336.59009 -1021.61936898 -651.405574054 1324.85727875 -10163.1802033 -514911.336465 -733697.505369 -146314.631913 1405434.82161 -955.121964502 581.035797573 -1889.45904502 -9469.48271862 -58938.9050337 -1017374.84705 -293503.646351 1381550.42636 
4805.33555746 1503.13649832 517.014938464 -2490.73729318 -7686.73228335 -4278.17623863 357.256611678 7272.90220923 4760.09221059 1484.07463168 1294.22369118 1154.20515819 -5618.84897023 -7578.87127638 5460.24651947 -955.121964502 5262.35679341 1995.00224865 1576.4158363 1991.36664413 2184.40653878 -10065.1981177 1277.06155146 -4221.41149499 
1880.81640048 2459.07734046 2741.66994577 -1436.01231039 -10463.7695576 -2096.86161445 4478.55522691 2436.52456886 1521.90878978 2580.87679331 3821.77175917 3660.77240066 -6630.61756336 -8000.78062449 2465.03264736 581.035797573 1995.00224865 4696.72792434 4718.67510316 5593.96223509 4987.96934556 -16635.7558518 -1865.32884287 -3491.25216213 
986.427558577 3355.91937714 6489.15330038 941.062381655 -19003.4626189 -3176.54968421 9269.65223629 1137.79744907 779.694420212 2498.51596808 7822.8622718 10282.9447149 -8174.90373946 -14850.6758593 3531.02126878 -1889.45904502 1576.4158363 4718.67510316 14399.60532 21558.1584027 13255.6811772 -41133.9757494 -5803.52229354 -8571.0377964 
1711.50962456 3481.55328485 9469.84047985 7277.83782626 -36517.2995451 -10512.2735103 23561.4454706 1527.38636925 953.792227103 2970.78962139 10375.5896264 25254.6843983 -7395.60475923 -31987.8660876 9298.09769225 -9469.48271862 1991.36664413 5593.96223509 21558.1584027 56777.4957494 40968.4770896 -85407.2046344 -21056.4663616 -20425.7891249 
1481.96264468 5515.01009681 21380.6143814 86778.1180715 -12567.1971471 -29455.1761789 -13704.688048 -59428.6438203 1520.95099558 3540.04767429 8507.9016539 37416.4619096 146720.321857 -72120.9703247 -66645.8087317 -58938.9050337 2184.40653878 4987.96934556 13255.6811772 40968.4770896 236192.007803 -116903.066085 -77196.982083 -103488.493786 
-7644.17083494 -13660.806396 44837.8404487 246836.135474 1210074.89354 102433.44596 -703517.193304 -879360.144886 -7835.47838083 -9398.14213925 -31346.9143166 -55128.7751503 1301243.32163 1122846.68539 -1303005.84999 -1017374.84705 -10065.1981177 -16635.7558518 -41133.9757494 -85407.2046344 -116903.066085 3362055.64228 -1391337.46179 -1700572.98005 
1651.85334848 1118.64001989 -23614.6767747 31454.9772485 -346904.48335 362346.802138 -37593.0502706 11539.9376401 2149.4821414 -843.790235808 1211.73511094 -6800.45810734 -578821.764873 180797.14237 695811.299945 -293503.646351 1277.06155146 -1865.32884287 -5803.52229354 -21056.4663616 -77196.982083 -1391337.46179 1960521.86635 -464539.166534 
-4873.73429929 -3772.53022145 -61821.4567199 -369361.381399 -776931.949036 -415261.210872 717148.022078 914874.24047 -3850.44240382 -2832.37231369 -1687.16979681 -15839.8353239 -841321.903582 -1169104.66359 653085.960649 1381550.42636 -4221.41149499 -3491.25216213 -8571.0377964 -20425.7891249 -103488.493786 -1700572.98005 -464539.166534 2305310.13095 
1720652.43164 -718566.520007 -709918.792601 -221061.460117 -55679.9163717 -16095.0850265 -2388.93902608 3058.28150828 1576338.42701 -629437.96722 -660340.78561 -217583.019408 -54228.6354277 -15297.9435274 -55.5871310697 605.511313013 1014816.83692 -704968.246323 -263762.905034 -44607.1673476 -4159.86837359 533.417937479 2131.37261804 16.5596066505 
-718566.520007 980043.525299 -92903.5173692 -107402.109014 -36337.4702036 -14285.2564793 -4738.24434859 -5810.40787776 -611310.531855 875620.079591 -107994.491578 -102579.417979 -34203.8457051 -11990.5950494 -5905.81732634 -1635.38009765 -200431.79644 298247.675687 -29448.4868824 -35794.9054134 -18715.9809218 -7495.08594457 -5552.73141022 -808.688674787 
-709918.792601 -92903.5173692 594233.67715 170561.552362 32831.3173218 6762.1481491 543.235469954 -2109.62048275 -685015.834219 -62221.8765788 538760.279652 168456.443579 33641.0603642 7425.89844719 -701.855705191 -344.115539161 -565083.305541 354426.881694 178868.532628 30996.1622204 3571.95580796 -751.189774179 -1930.5607163 -98.4763190189 
-221061.460117 -107402.109014 170561.552362 113680.830572 32904.0096529 9541.00951606 1985.54773953 -209.380712598 -215094.992547 -117762.76949 185228.318023 107527.547311 30566.3122046 8509.64422836 879.961846498 145.978423977 -176365.907641 56922.6902174 81586.64014 28130.7394165 7731.5682153 1858.61977081 -39.8658312057 175.51571242 
-55679.9163717 -36337.4702036 32831.3173218 32904.0096529 17221.2759467 7046.09907793 1789.0695604 225.615015551 -52475.5604191 -40460.8981472 37606.6744352 33129.5564916 15385.8115576 5754.29026249 902.606276599 157.519542733 -48727.1927063 3202.7436478 23603.9093651 13072.9706917 5947.81065916 2273.09739205 473.832643597 152.828306856 
-16095.0850265 -14285.2564793 6762.1481491 9541.00951606 7046.09907793 5256.12809776 1508.70805242 266.24861254 -14118.2600895 -15012.1782712 7853.96470227 9515.71091861 6958.71567707 3869.66470409 775.265563229 157.116795491 -18143.1242166 -2638.70075714 7822.72692886 6236.20368837 3933.60592503 2069.91173348 560.454054908 158.922643131 
-2388.93902608 -4738.24434859 543.235469954 1985.54773953 1789.0695604 1508.70805242 974.488714705 326.133837665 -1730.48276279 -4846.33527869 873.172840667 1892.29468917 1715.97660116 1415.56547577 515.061288869 164.747145844 -5134.04052787 -1454.02596832 1808.49456925 1753.68403341 1381.40188533 1111.73838495 380.556936461 152.190686786 
3058.28150828 -5810.40787776 -2109.62048275 -209.380712598 225.615015551 266.24861254 326.133837665 4253.13009907 3407.23488123 -5878.05460461 -1987.13246388 -359.115603006 164.60472819 313.47545892 3590.3651874 748.62241575 -931.469843803 -3739.01819741 -478.911714666 212.312710644 309.506802578 399.490499972 3976.94170472 251.148037963 
1576338.42701 -611310.531855 -685015.834219 -215094.992547 -52475.5604191 -14118.2600895 -1730.48276279 3407.23488123 1732339.14382 -749571.727656 -685537.37443 -225810.658735 -56755.4916358 -15199.3441125 42.6484135414 492.804336716 1160998.97836 -812894.938436 -291793.485261 -49659.8003474 -7669.98861453 -804.254692524 1984.72833461 -161.239340966 
-629437.96722 875620.079591 -62221.8765788 -117762.76949 -40460.8981472 -15012.1782712 -4846.33527869 -5878.05460461 -749571.727656 1113177.38458 -162487.45235 -136905.656563 -41965.9633109 -14111.0666348 -6455.5285639 -1679.98950399 -477485.740352 542701.64795 -2917.65083892 -34149.7337612 -14995.0106442 -6580.44661708 -5721.50976191 -851.555974627 
-660340.78561 -107994.491578 538760.279652 185228.318023 37606.6744352 7853.96470227 873.172840667 -1987.13246388 -685537.37443 -162487.45235 605169.620162 194722.641313 39506.2424467 9018.05960387 -233.98249073 -157.754255648 -471900.022233 238221.201793 193593.465231 37117.047388 4503.50047647 -73.140096982 -1564.10199873 102.049440111 
-217583.019408 -102579.417979 168456.443579 107527.547311 33129.5564916 9515.71091861 1892.29468917 -359.115603006 -225810.658735 -136905.656563 194722.641313 122969.356944 34686.7616818 9316.46652708 925.339384871 95.7494478629 -149326.816988 37376.9272601 73705.3200046 28297.5197093 8043.63901414 1856.77186004 -89.6645231871 136.303663431 
-54228.6354277 -34203.8457051 33641.0603642 30566.3122046 15385.8115576 6958.71567707 1715.97660116 164.60472819 -56755.4916358 -41965.9633109 39506.2424467 34686.7616818 17398.2322329 6076.21973419 898.277398029 155.721453036 -42877.5297552 466.14041946 20708.9015089 12408.3327156 6034.76246926 2637.79794808 466.42967417 155.165019699 
-15297.9435274 -11990.5950494 7425.89844719 8509.64422836 5754.29026249 3869.66470409 1415.56547577 313.47545892 -15199.3441125 -14111.0666348 9018.05960387 9316.46652708 6076.21973419 3897.31123392 830.845396417 171.508251821 -14946.7822047 -1866.84555981 5980.91683542 4813.43779533 3174.71268025 2100.9289521 579.159695645 164.471805785 
-55.5871310697 -5905.81732634 -701.855705191 879.961846498 902.606276599 775.265563229 515.061288869 3590.3651874 42.6484135414 -6455.5285639 -233.98249073 925.339384871 898.277398029 830.845396417 3366.86615108 625.534310692 -3533.39681611 -3186.39786705 541.67357558 908.8495871 695.02519891 687.271068348 3616.83717795 270.138075273 
605.511313013 -1635.38009765 -344.115539161 145.978423977 157.519542733 157.116795491 164.747145844 748.62241575 492.804336716 -1679.98950399 -157.754255648 95.7494478629 155.721453036 171.508251821 625.534310692 296.425959511 -928.690008146 -817.735559907 180.858944379 264.346913242 213.35941966 175.07157802 728.121401458 184.667311295 
1014816.83692 -200431.79644 -565083.305541 -176365.907641 -48727.1927063 -18143.1242166 -5134.04052787 -931.469843803 1160998.97836 -477485.740352 -471900.022233 -149326.816988 -42877.5297552 -14946.7822047 -3533.39681611 -928.690008146 1827222.79165 -1240025.42673 -445824.704343 -93814.2092237 -33389.6865075 -9717.29610593 -3117.89394562 -1333.57479251 
-704968.246323 298247.675687 354426.881694 56922.6902174 3202.7436478 -2638.70075714 -1454.02596832 -3739.01819741 -812894.938436 542701.64795 238221.201793 37376.9272601 466.14041946 -1866.84555981 -3186.39786705 -817.735559907 -1240025.42673 1136029.60605 123148.849146 -4878.96381423 -7382.73102525 -3164.09476326 -3465.94166816 -261.297192101 
-263762.905034 -29448.4868824 178868.532628 81586.64014 23603.9093651 7822.72692886 1808.49456925 -478.911714666 -291793.485261 -2917.65083892 193593.465231 73705.3200046 20708.9015089 5980.91683542 541.67357558 180.858944379 -445824.704343 123148.849146 260323.784355 47383.2458552 11529.7043286 2984.5736624 112.721843178 341.825153212 
-44607.1673476 -35794.9054134 30996.1622204 28130.7394165 13072.9706917 6236.20368837 1753.68403341 212.312710644 -49659.8003474 -34149.7337612 37117.047388 28297.5197093 12408.3327156 4813.43779533 908.8495871 264.346913242 -93814.2092237 -4878.96381423 47383.2458552 33036.7489172 13935.8773523 3298.80199365 708.057944089 330.440975589 
-4159.86837359 -18715.9809218 3571.95580796 7731.5682153 5947.81065916 3933.60592503 1381.40188533 309.506802578 -7669.98861453 -14995.0106442 4503.50047647 8043.63901414 6034.76246926 3174.71268025 695.02519891 213.35941966 -33389.6865075 -7382.73102525 11529.7043286 13935.8773523 11272.3866838 3115.55555126 674.477311267 244.416305529 
533.417937479 -7495.08594457 -751.189774179 1858.61977081 2273.09739205 2069.91173348 1111.73838495 399.490499972 -804.254692524 -6580.44661708 -73.140096982 1856.77186004 2637.79794808 2100.9289521 687.271068348 175.07157802 -9717.29610593 -3164.09476326 2984.5736624 3298.80199365 3115.55555126 2631.40601115 663.639710396 187.413940334 
2131.37261804 -5552.73141022 -1930.5607163 -39.8658312057 473.832643597 560.454054908 380.556936461 3976.94170472 1984.72833461 -5721.50976191 -1564.10199873 -89.6645231871 466.42967417 579.159695645 3616.83717795 728.121401458 -3117.89394562 -3465.94166816 112.721843178 708.057944089 674.477311267 663.639710396 4119.82389837 305.114906485 
16.5596066505 -808.688674787 -98.4763190189 175.51571242 152.828306856 158.922643131 152.190686786 251.148037963 -161.239340966 -851.555974627 102.049440111 136.303663431 155.165019699 164.471805785 270.138075273 184.667311295 -1333.57479251 -261.297192101 341.825153212 330.440975589 244.416305529 187.413940334 305.114906485 185.660703466 
144125.858589 96123.5320241 -109484.216326 -113169.40337 -19860.3593893 -1023.74173261 2770.93161559 517.398589243 42246.9342937 41383.5106662 56877.6925466 -105948.800573 -40033.0852577 2089.57090814 1224.10830883 2160.06910732 34082.6149051 13151.2393855 -51918.3854852 18092.3706123 -47595.9239869 17039.3389907 13242.7719726 3905.9736058 
96123.5320241 637337.299619 -163414.214418 -410617.906495 -98069.5089465 -37230.1844765 -14867.6761672 -9261.34113968 14791.8430959 165443.632219 361519.886827 -317871.521384 -202055.704015 -16332.6932014 -3104.40820871 -2391.03533373 23973.996325 29709.3025262 66663.6936611 107263.76496 -207643.80518 -26353.444769 9041.5942606 -2655.10178345 
-109484.216326 -163414.214418 1173867.03813 -406024.228729 -256425.811641 -146708.079786 -62945.1512492 -28865.3359782 -40710.1154156 -76198.8967391 252419.702319 352975.539742 -349632.042902 -92446.052289 -32121.4697542 -14286.6649613 -55560.4082816 -65907.1966929 150594.025059 60713.2261421 -21065.2115502 -27170.3768346 -23166.8396098 -18437.2182326 
-113169.40337 -410617.906495 -406024.228729 1072242.44248 7620.15588966 -80508.4175183 -44633.9329521 -24908.709309 -38607.3459488 -144418.265329 -387532.865738 283679.669614 385660.394249 -58888.3567002 -24988.6579997 -14904.5721475 -48921.5432755 -61178.671761 -122879.861059 -105625.009937 378877.961351 8686.62500327 -31485.9069671 -17473.5933544 
-19860.3593893 -98069.5089465 -256425.811641 7620.15588966 264158.897315 86134.7561693 15928.7293716 513.141231001 2594.09767229 -11945.1426416 -148386.001774 -65675.2089012 160148.141335 51586.0513321 12524.3339749 -846.27099701 20522.1877601 27104.9763567 -29168.8462156 -3936.50486016 -31324.5460926 7466.69878981 7669.40553134 1666.62873044 
-1023.74173261 -37230.1844765 -146708.079786 -80508.4175183 86134.7561693 135347.990619 37546.0254887 6441.65123649 10309.1291052 13419.0315236 -83751.9326278 -85966.9166047 53452.8969188 72199.8236256 17713.574114 2624.39394536 15343.9802684 22413.4667266 -4721.14787687 -34144.1938789 -24028.4607242 9896.38611418 11115.4828821 4124.48648879 
2770.93161559 -14867.6761672 -62945.1512492 -44633.9329521 15928.7293716 37546.0254887 49258.7815648 16942.2923278 5627.33425882 7885.73061366 -37864.2992136 -37597.0995669 522.936771429 32618.9858507 19767.5499925 9038.86129339 6111.76437795 18384.9720484 -565.977615743 -24295.9797131 -28720.1054209 8601.06894603 9241.01658674 11243.2407907 
517.398589243 -9261.34113968 -28865.3359782 -24908.709309 513.141231001 6441.65123649 16942.2923278 38620.9030423 3748.12293858 4430.39968671 -13282.1823398 -23595.6623268 -8063.53709849 9172.67047399 8984.96957243 18605.2190934 4447.4079206 16321.9114105 -8003.50046833 -18067.6733244 -18499.908396 1833.70375958 4342.47534338 17625.5837547 
42246.9342937 14791.8430959 -40710.1154156 -38607.3459488 2594.09767229 10309.1291052 5627.33425882 3748.12293858 47581.1400501 38287.5034214 -29237.7410971 -56528.545984 -11720.8256758 5532.50669572 2683.73909721 3402.22349252 47850.4675625 33708.6722498 -22991.7827656 -43795.0161237 -26744.8634537 5010.52389103 3892.49555201 3069.50308763 
41383.5106662 165443.632219 -76198.8967391 -144418.265329 -11945.1426416 13419.0315236 7885.73061366 4430.39968671 38287.5034214 262738.365907 37774.712145 -251723.619898 -105748.39898 10071.6165634 5103.72214067 3496.09870015 67523.4882819 177881.379272 98672.9792776 -176419.023498 -168565.546003 -11711.6917211 8721.49836843 3896.91602172 
56877.6925466 361519.886827 252419.702319 -387532.865738 -148386.001774 -83751.9326278 -37864.2992136 -13282.1823398 -29237.7410971 37774.712145 1031904.62205 -420617.907381 -508223.286438 -79945.3783789 -22752.104195 -8902.91670909 -17555.76119 60729.8608747 553837.010883 193663.06105 -605396.790222 -148974.724304 -24846.7954339 -11455.8616576 
-105948.800573 -317871.521384 352975.539742 283679.669614 -65675.2089012 -85966.9166047 -37597.0995669 -23595.6623268 -56528.545984 -251723.619898 -420617.907381 1178738.35795 -283190.784824 -107272.938566 -36888.0673695 -22516.4939308 -93821.4578504 -184845.004501 -202703.073983 330671.278329 270604.773515 -46541.5745559 -45674.6028306 -27690.3381225 
-40033.0852577 -202055.704015 -349632.042902 385660.394249 160148.141335 53452.8969188 522.936771429 -8063.53709849 -11720.8256758 -105748.39898 -508223.286438 -283190.784824 873852.752282 47186.0612303 -2525.63939494 -9629.87820043 -28958.1570174 -112441.681462 -365824.98814 -210454.604594 567461.030588 152462.752117 8081.63403586 -10325.9855271 
2089.57090814 -16332.6932014 -92446.052289 -58888.3567002 51586.0513321 72199.8236256 32618.9858507 9172.67047399 5532.50669572 10071.6165634 -79945.3783789 -107272.938566 47186.0612303 99707.7827096 21203.7000378 3516.64970848 16759.2445301 16032.9478121 -35454.3126204 -59603.8328463 -6359.96586118 37154.0862589 25918.1370118 5553.695715 
1224.10830883 -3104.40820871 -32121.4697542 -24988.6579997 12524.3339749 17713.574114 19767.5499925 8984.96957243 2683.73909721 5103.72214067 -22752.104195 -36888.0673695 -2525.63939494 21203.7000378 25538.5602408 7636.089443 5771.69560927 5023.9682426 -14014.432757 -19246.7948931 -18051.7428552 10235.2926553 17352.6969927 12929.3170055 
2160.06910732 -2391.03533373 -14286.6649613 -14904.5721475 -846.27099701 2624.39394536 9038.86129339 18605.2190934 3402.22349252 3496.09870015 -8902.91670909 -22516.4939308 -9629.87820043 3516.64970848 7636.089443 22998.2274962 2430.48007401 3909.85751122 -11521.3998943 -14815.0674232 -12946.8957079 2365.33565908 6554.93630376 24022.7534774 
34082.6149051 23973.996325 -55560.4082816 -48921.5432755 20522.1877601 15343.9802684 6111.76437795 4447.4079206 47850.4675625 67523.4882819 -17555.76119 -93821.4578504 -28958.1570174 16759.2445301 5771.69560927 2430.48007401 192977.970075 141650.358825 -62923.2230214 -147262.766323 -107973.771784 -15587.8841754 -969.802117735 89.1185219494 
13151.2393855 29709.3025262 -65907.1966929 -61178.671761 27104.9763567 22413.4667266 18384.9720484 16321.9114105 33708.6722498 177881.379272 60729.8608747 -184845.004501 -112441.681462 16032.9478121 5023.9682426 3909.85751122 141650.358825 454111.248136 67596.677993 -335977.86754 -280680.716636 -44983.9092048 -2360.12310075 644.33152759 
-51918.3854852 66663.6936611 150594.025059 -122879.861059 -29168.8462156 -4721.14787687 -565.977615743 -8003.50046833 -22991.7827656 98672.9792776 553837.010883 -202703.073983 -365824.98814 -35454.3126204 -14014.432757 -11521.3998943 -62923.2230214 67596.677993 952331.145932 -139358.628161 -619466.651953 -150918.284283 -32171.3745399 -15089.6619673 
18092.3706123 107263.76496 60713.2261421 -105625.009937 -3936.50486016 -34144.1938789 -24295.9797131 -18067.6733244 -43795.0161237 -176419.023498 193663.06105 330671.278329 -210454.604594 -59603.8328463 -19246.7948931 -14815.0674232 -147262.766323 -335977.86754 -139358.628161 1222296.07122 -388085.507684 -145448.334324 -46597.8380564 -19565.1291316 
-47595.9239869 -207643.80518 -21065.2115502 378877.961351 -31324.5460926 -24028.4607242 -28720.1054209 -18499.908396 -26744.8634537 -168565.546003 -605396.790222 270604.773515 567461.030588 -6359.96586118 -18051.7428552 -12946.8957079 -107973.771784 -280680.716636 -619466.651953 -388085.507684 1391112.04909 40142.4184286 -19768.9268799 -15278.892577 
17039.3389907 -26353.444769 -27170.3768346 8686.62500327 7466.69878981 9896.38611418 8601.06894603 1833.70375958 5010.52389103 -11711.6917211 -148974.724304 -46541.5745559 152462.752117 37154.0862589 10235.2926553 2365.33565908 -15587.8841754 -44983.9092048 -150918.284283 -145448.334324 40142.4184286 280845.137115 30411.1667535 5539.68969018 
13242.7719726 9041.5942606 -23166.8396098 -31485.9069671 7669.40553134 11115.4828821 9241.01658674 4342.47534338 3892.49555201 8721.49836843 -24846.7954339 -45674.6028306 8081.63403586 25918.1370118 17352.6969927 6554.93630376 -969.802117735 -2360.12310075 -32171.3745399 -46597.8380564 -19768.9268799 30411.1667535 59254.1603732 12202.7375682 
3905.9736058 -2655.10178345 -18437.2182326 -17473.5933544 1666.62873044 4124.48648879 11243.2407907 17625.5837547 3069.50308763 3896.91602172 -11455.8616576 -27690.3381225 -10325.9855271 5553.695715 12929.3170055 24022.7534774 89.1185219494 644.33152759 -15089.6619673 -19565.1291316 -15278.892577 5539.68969018 12202.7375682 31457.806368 
6886.26791124 8151.06232874 383.165616041 -7558.74855553 -10439.5824452 -801.090322432 2701.62173825 677.30372887 6251.64638749 6084.39549681 3940.93158348 -9365.60547503 -11097.0760805 562.66206392 3175.29276321 447.753260616 8282.43000765 5703.76182752 928.40155098 -8578.41214553 253.847131832 -9585.43689594 1981.23929076 1014.16923273 
8151.06232874 43079.4995635 14099.6362807 -18246.0448546 -40119.7838909 -12916.6151368 3486.21756452 2466.02814472 6580.3030571 28607.9077891 28293.0128934 -22387.6932423 -49422.3860042 -2431.78823528 8840.40435452 1920.23938754 14066.6615276 29803.9949832 15507.2003635 -22379.4010711 -13982.9255635 -32766.7126747 6532.32272667 3218.85970836 
383.165616041 14099.6362807 1161027.15586 -261133.184064 -567178.561988 -279112.197284 -55619.6574807 -12466.3569371 -2133.41768351 3110.16130318 55903.6790329 614452.290001 -413990.177136 -222692.031856 -25916.715081 -8733.78858055 -2808.79244533 -4557.99974203 -114359.319833 -367370.369481 -46962.3627938 477532.715285 64845.5167577 -6319.38774774 
-7558.74855553 -18246.0448546 -261133.184064 1415427.98293 -486636.583844 -513148.526068 -108582.695584 -20122.1999606 -8882.62745 -14468.1785991 87715.9528285 315688.110097 57637.1753914 -368465.370413 -57193.8161442 -12031.2457105 -11768.2821406 79722.5260998 219228.259664 -58604.9703116 -355884.801237 125630.704074 8643.99250893 -6967.42865801 
-10439.5824452 -40119.7838909 -567178.561988 -486636.583844 1434233.41841 -233633.065376 -77373.9752965 -18851.8655654 -8189.82674047 -25498.3925349 -103570.043312 -179559.450582 598947.960438 -225685.802212 -42847.1329504 -13597.3121066 -12539.545205 -42797.4985371 115693.143615 536117.688806 36307.1271542 -515943.387665 -103405.864112 -13431.6640558 
-801.090322432 -12916.6151368 -279112.197284 -513148.526068 -233633.065376 908171.513761 122150.103608 9289.87681954 -237.738873629 -5667.63619754 -67498.0220794 -565392.079128 -87894.6308299 680729.062994 40273.7031898 5687.34092413 -3610.61950738 -62865.9762624 -195415.173902 -58836.205811 348832.964593 -18709.6553358 -12576.0607651 3180.7269905 
2701.62173825 3486.21756452 -55619.6574807 -108582.695584 -77373.9752965 122150.103608 95734.7284122 17503.6570391 5118.64515355 4991.47851313 -7096.95036291 -126181.189163 -72208.1332079 127838.752645 56915.9365602 10621.4598624 6280.46546342 -6343.87594569 -35857.9268306 -10401.8777711 27518.1695265 -12977.027414 24118.810605 7663.26236639 
677.30372887 2466.02814472 -12466.3569371 -20122.1999606 -18851.8655654 9289.87681954 17503.6570391 21503.5567308 1493.01614945 2840.26422925 2311.43941593 -27254.3825081 -21972.7325711 10144.5150137 16752.3273079 15685.5529629 2097.68229967 1335.06757661 -5724.58462779 -9946.45221467 3917.98118862 -13181.199374 9860.04298804 11641.4621635 
6251.64638749 6580.3030571 -2133.41768351 -8882.62745 -8189.82674047 -237.738873629 5118.64515355 1493.01614945 7707.67084803 6879.58139997 4147.49285867 -8374.82448374 -14235.4627184 -1267.77465096 4397.21308071 746.103665767 9705.53452734 5502.11432502 2099.7312574 -8127.64620988 -1447.96224694 -9992.95608181 1597.20527711 663.979151755 
6084.39549681 28607.9077891 3110.16130318 -14468.1785991 -25498.3925349 -5667.63619754 4991.47851313 2840.26422925 6879.58139997 30642.4098971 27534.0064237 -17968.6165775 -50280.0256281 -5135.5584788 6896.51112375 1431.69183985 13862.5088841 26014.9826367 15316.182922 -16490.4572777 -8937.83454511 -35159.3920234 3530.13842172 1863.87098161 
3940.93158348 28293.0128934 55903.6790329 87715.9528285 -103570.043312 -67498.0220794 -7096.95036291 2311.43941593 4147.49285867 27534.0064237 188003.827303 55232.4509013 -216829.061792 -59072.5033792 103.481617811 880.306067199 8932.59474254 61718.2216987 173510.509739 -9357.00540047 -66955.3952874 -157902.012367 -10858.7842784 911.871153229 
-9365.60547503 -22387.6932423 614452.290001 315688.110097 -179559.450582 -565392.079128 -126181.189163 -27254.3825081 -8374.82448374 -17968.6165775 55232.4509013 1627298.81829 -1048992.98325 -505808.071558 -80895.3833846 -20491.3899384 -10834.7542413 111640.257574 420000.440113 101286.014519 -256481.32222 -225762.515934 -122339.61354 -17508.5062702 
-11097.0760805 -49422.3860042 -413990.177136 57637.1753914 598947.960438 -87894.6308299 -72208.1332079 -21972.7325711 -14235.4627184 -50280.0256281 -216829.061792 -1048992.98325 1593572.91887 -187224.690383 -59186.4976515 -16824.1974421 -26661.4015341 -158415.506433 -429831.270826 68523.1180368 74532.6021445 411170.599114 74242.8707298 -13561.011232 
562.66206392 -2431.78823528 -222692.031856 -368465.370413 -225685.802212 680729.062994 127838.752645 10144.5150137 -1267.77465096 -5135.5584788 -59072.5033792 -505808.071558 -187224.690383 694356.520546 56894.5084334 7257.56947068 -3601.03373627 -49228.8124607 -158664.335015 -94646.6344289 245095.29205 37297.6965266 17972.4212719 5775.4057917 
3175.29276321 8840.40435452 -25916.715081 -57193.8161442 -42847.1329504 40273.7031898 56915.9365602 16752.3273079 4397.21308071 6896.51112375 103.481617811 -80895.3833846 -59186.4976515 56894.5084334 59549.4595504 12240.70723 7267.1308532 2399.58800105 -16954.4167997 -33189.2287279 10315.364973 -8521.00769058 28826.0209245 9856.54846635 
447.753260616 1920.23938754 -8733.78858055 -12031.2457105 -13597.3121066 5687.34092413 10621.4598624 15685.5529629 746.103665767 1431.69183985 880.306067199 -20491.3899384 -16824.1974421 7257.56947068 12240.70723 14759.209107 1329.42050446 369.154657933 -5476.8413904 -7998.16051063 3879.25513179 -11130.4115438 7029.74119307 11997.8419576 
8282.43000765 14066.6615276 -2808.79244533 -11768.2821406 -12539.545205 -3610.61950738 6280.46546342 2097.68229967 9705.53452734 13862.5088841 8932.59474254 -10834.7542413 -26661.4015341 -3601.03373627 7267.1308532 1329.42050446 17548.9895206 18153.6963884 13623.0547751 -15618.5561146 -10579.325203 -25505.1243825 1154.27539082 1222.98962514 
5703.76182752 29803.9949832 -4557.99974203 79722.5260998 -42797.4985371 -62865.9762624 -6343.87594569 1335.06757661 5502.11432502 26014.9826367 61718.2216987 111640.257574 -158415.506433 -49228.8124607 2399.58800105 369.154657933 18153.6963884 176517.712548 210955.705795 -108720.175815 -117997.250213 -166233.133913 -12382.3818281 -294.172962382 
928.40155098 15507.2003635 -114359.319833 219228.259664 115693.143615 -195415.173902 -35857.9268306 -5724.58462779 2099.7312574 15316.182922 173510.509739 420000.440113 -429831.270826 -158664.335015 -16954.4167997 -5476.8413904 13623.0547751 210955.705795 842974.813769 -79049.8112003 -381930.295443 -537798.174467 -60427.9612154 -8347.33201379 
-8578.41214553 -22379.4010711 -367370.369481 -58604.9703116 536117.688806 -58836.205811 -10401.8777711 -9946.45221467 -8127.64620988 -16490.4572777 -9357.00540047 101286.014519 68523.1180368 -94646.6344289 -33189.2287279 -7998.16051063 -15618.5561146 -108720.175815 -79049.8112003 1326316.35545 -178949.518184 -830809.234581 -101855.686459 -11313.3731006 
253.847131832 -13982.9255635 -46962.3627938 -355884.801237 36307.1271542 348832.964593 27518.1695265 3917.98118862 -1447.96224694 -8937.83454511 -66955.3952874 -256481.32222 74532.6021445 245095.29205 10315.364973 3879.25513179 -10579.325203 -117997.250213 -381930.295443 -178949.518184 1005641.67427 -276899.322315 -42431.2955397 3145.33262283 
-9585.43689594 -32766.7126747 477532.715285 125630.704074 -515943.387665 -18709.6553358 -12977.027414 -13181.199374 -9992.95608181 -35159.3920234 -157902.012367 -225762.515934 411170.599114 37297.6965266 -8521.00769058 -11130.4115438 -25505.1243825 -166233.133913 -537798.174467 -830809.234581 -276899.322315 1869821.23094 -23738.874974 -8837.36631196 
1981.23929076 6532.32272667 64845.5167577 8643.99250893 -103405.864112 -12576.0607651 24118.810605 9860.04298804 1597.20527711 3530.13842172 -10858.7842784 -122339.61354 74242.8707298 17972.4212719 28826.0209245 7029.74119307 1154.27539082 -12382.3818281 -60427.9612154 -101855.686459 -42431.2955397 -23738.874974 230193.274065 9488.65056133 
1014.16923273 3218.85970836 -6319.38774774 -6967.42865801 -13431.6640558 3180.7269905 7663.26236639 11641.4621635 663.979151755 1863.87098161 911.871153229 -17508.5062702 -13561.011232 5775.4057917 9856.54846635 11997.8419576 1222.98962514 -294.172962382 -8347.33201379 -11313.3731006 3145.33262283 -8837.36631196 9488.65056133 14935.2715794 
7723.37268179 8152.62352729 3646.46477329 106.537713621 -5660.08029056 -4692.60155193 -13496.5112409 4220.1943874 7635.175827 6802.79035892 2909.33222884 1413.15178065 203.395412415 -5293.0396827 -12109.6709599 -1561.13496526 7296.05808615 7442.89165454 2572.63314618 333.547356448 -2264.93267255 -4703.3230539 3324.52698221 -14001.4014991 
8152.62352729 31221.3150748 21941.5889329 7675.56223611 -10840.0462913 -9873.54056846 -38528.5300112 -9748.97290021 7967.59364087 25669.2966945 16991.2693369 11788.7687246 8168.52197615 -1793.51206017 -48708.9976355 -20082.9406775 8165.71340669 27761.9783175 16367.2802617 7388.67579212 74.0671301488 -7275.52831271 2598.73230231 -55080.9188978 
3646.46477329 21941.5889329 39632.5860824 24086.5530718 -11972.0237062 -7824.71339236 -49664.3026639 -19846.153098 3360.96676837 17184.253707 32040.0193215 30359.3268682 23052.124731 10047.8984259 -74927.0012207 -41117.5886013 4816.04678537 21434.0900833 31854.1948778 23804.5554982 11844.1574267 4166.4228886 4357.66473608 -102277.132296 
106.537713621 7675.56223611 24086.5530718 366212.766668 3118.11426665 -82986.8184885 -172436.202326 -145776.513141 -280.048188752 6004.90141219 21778.4095214 30601.3784812 45103.014755 337659.229936 -238854.145776 -202012.740142 534.424064497 8920.89737447 22820.4190055 20883.8251394 1252.05310289 -15559.9726144 43681.9507939 -82533.5968662 
-5660.08029056 -10840.0462913 -11972.0237062 3118.11426665 1174050.87955 -123567.728546 -551290.791197 -473838.323789 -6008.90383499 -9370.75721358 -10387.7473456 -9747.92411782 -6693.31086766 224024.573902 455746.874276 -637562.804798 -7192.96515885 -11151.4970177 -12197.237503 -19930.1944342 -64860.6750938 -79003.2886421 -185438.724712 379774.582562 
-4692.60155193 -9873.54056846 -7824.71339236 -82986.8184885 -123567.728546 1150479.56447 -342558.817131 -578975.344796 -5018.51360892 -6781.04392334 -6727.71380447 426.630033118 24234.8019111 33943.7219428 512745.848862 -552823.731412 -7313.87138368 -7842.37463474 -7743.07898051 8416.27014582 38731.4751536 77635.5078033 -56661.6780945 -45222.2500094 
-13496.5112409 -38528.5300112 -49664.3026639 -172436.202326 -551290.791197 -342558.817131 1733509.49909 -565534.344522 -13147.0569371 -33111.710491 -42681.3375664 -40895.3154565 -43280.0855201 -218596.035253 218821.316418 172890.224806 -13724.7555162 -37664.3366463 -38364.876626 -13070.0224514 60080.2721784 129809.859865 115236.697667 -202302.83847 
4220.1943874 -9748.97290021 -19846.153098 -145776.513141 -473838.323789 -578975.344796 -565534.344522 1789499.45786 5490.78633349 -6397.73054471 -13922.2316922 -23946.0163134 -50788.4623978 -379992.837211 -812714.223964 1282270.71579 7419.34971598 -8901.64913111 -15309.3341816 -27826.6570464 -44856.4172254 -105069.677934 72900.8303256 121643.555477 
7635.175827 7967.59364087 3360.96676837 -280.048188752 -6008.90383499 -5018.51360892 -13147.0569371 5490.78633349 8409.87528091 7916.37094513 3459.98550685 1771.8785095 563.314870771 -6732.27320026 -13427.1089677 -1962.04294521 8093.09023852 8322.82827948 3068.95461306 989.5513291 -1456.70301861 -4048.87304729 3532.91882976 -18501.767224 
6802.79035892 25669.2966945 17184.253707 6004.90141219 -9370.75721358 -6781.04392334 -33111.710491 -6397.73054471 7916.37094513 27108.1007217 16727.8911503 11070.0023516 9575.30730083 -6548.48211865 -46787.338752 -19061.8515989 8052.61720889 27618.4716098 16199.133096 8567.81264559 2690.03952503 -2181.57797871 839.67773916 -61786.1738457 
