24 3 3
0.344642344962 0.318497628013 0.336860027025 
0.205700735117 0.369104567893 0.425194696991 
0.000166278683073 0.154639609054 0.845194112263 
8.23352085554 13.5514734763 112.107552229 525.352187616 1261.28869204 1066.69361093 497.707563752 611.065399104 6.72441297958 9.18646819268 23.7941379682 65.715362893 1072.99077294 1568.18388171 844.969896636 504.435066684 8.35182943002 13.3874158308 28.8048478089 62.6790824263 164.378253486 2108.9832321 876.389813661 833.025525262 
134.457144499 611.8567651 1435.43906111 1221.73939638 378.86120293 193.782126041 79.3098158644 40.5544880782 65.1682362258 349.880443493 1197.75619814 1518.39735536 710.248209546 168.039901097 55.8813243621 30.6283317738 185.244648037 463.394384928 1089.52853613 1203.43011312 825.437570542 219.948485077 69.3817570044 39.6345051535 
1305.94172235 1632.94305853 778.241124721 257.994464596 76.8892022678 30.397886818 8.42300764412 5.1695330715 1253.43327574 1706.89409091 755.413545181 264.446247888 79.1225601303 26.6196847228 7.87083701605 2.19975841725 2210.47533576 1358.14595527 371.040734288 98.8097234424 36.1821567542 13.0382715901 6.59574939627 1.71207350287 
16.6020329669 45.4776863459 62.5263615429 206.940021211 601.419636903 806.813069583 1287.42541325 1068.7957782 18.0150003955 42.8748615345 60.1871066167 99.4154793101 178.68736579 651.280628839 1705.40571483 1340.13384268 21.8151052691 56.8521350599 88.7685298387 165.145444225 328.174928692 557.977587021 573.073886038 2304.19238386 
745.774194842 1176.20319418 994.464139492 594.433762851 272.517585145 131.337605575 74.9995243555 106.269993556 684.006223092 1258.6813127 1050.4296614 571.110600093 240.485924624 125.253633382 72.8492463579 93.18339835 968.629522375 1397.41763594 914.202794466 381.982512915 183.345789942 102.421095234 62.2330611286 85.7675879958 
19.3486429133 85.5063750212 587.138488984 1191.73734687 1328.67930663 660.654127538 171.992358582 50.9433534652 21.1856652957 78.1730384679 283.005905417 1355.90869385 1606.91232545 587.322293222 123.878243136 39.6138351547 45.5636744354 240.416572199 735.104910571 1190.1320339 850.61648975 862.771401081 137.929833942 33.4650841182 
1148.0 648.5 1411.5 860.5 20.5 2.0 3.0 2.0 1218.5 621.0 1994.5 238.0 17.0 3.0 2.0 2.0 1466.0 429.0 2104.5 72.0 17.5 3.0 2.0 2.0 
323.927594304 357.462134247 382.545507811 486.450028311 558.774490882 680.684433669 657.045702478 649.110108299 312.527161611 468.206962456 511.728241468 648.487148765 538.575611872 529.603887656 484.541251727 602.329734445 442.498543396 644.372285847 681.245920554 579.00109996 494.205301366 371.914597081 551.368020139 331.394231658 
479.501228244 501.80574301 634.222768901 718.194782266 654.529898346 636.429836953 431.294886434 40.0208558447 440.301706285 589.560071121 880.429509605 783.175743268 719.915434595 543.379287904 138.584248149 0.653999072196 764.466101634 1176.04449365 869.675543079 779.448062163 382.491890279 115.678980176 8.19492902084 2.75141319333e-129 
6583.64161606 1158.4276229 294.68502807 -2280.05321422 -8113.29143778 -5396.81485281 269.321141585 7484.0840962 5393.33854677 1901.99246828 1059.33190764 640.853315737 -5567.23193794 -7018.93643725 5337.72580575 -1747.07366898 4805.33555746 1880.81640048 986.427558577 1711.50962456 1481.96264468 -7644.17083494 1651.85334848 -4873.73429929 
1158.4276229 4160.4494199 7042.01667564 3303.92116105 -8270.20082274 -5928.91809495 1121.36898515 -2587.06494694 919.223507711 2418.63532844 3904.26559707 4037.16587804 611.650776234 -8891.59590334 -1841.42580334 -1157.91938081 1503.13649832 2459.07734046 3355.91937714 3481.55328485 5515.01009681 -13660.806396 1118.64001989 -3772.53022145 
294.68502807 7042.01667564 241590.765048 35122.1631461 -103121.898009 -92243.7744636 -33868.046056 -54815.9113699 14.9217152714 2033.6873008 8315.93300552 23558.0765332 180707.489317 -111546.471644 -63584.4816595 -39499.1545683 517.014938464 2741.66994577 6489.15330038 9469.84047985 21380.6143814 44837.8404487 -23614.6767747 -61821.4567199 
-2280.05321422 3303.92116105 35122.1631461 1268390.57537 -305632.525732 -481784.401746 -220617.613924 -296502.06506 -2401.42189691 -178.030406214 4501.97887704 36123.0785721 949045.038603 -385345.134202 -365100.769989 -236644.739558 -2490.73729318 -1436.01231039 941.062381655 7277.83782626 86778.1180715 246836.135474 31454.9772485 -369361.381399 
-8113.29143778 -8270.20082274 -103121.898009 -305632.525732 2627978.79608 -908318.477998 -555725.14098 -738797.261098 -6642.21784312 -6533.30333153 -15516.2257981 -25818.7899924 904921.066239 486031.269216 -743131.351327 -593310.447163 -7686.73228335 -10463.7695576 -19003.4626189 -36517.2995451 -12567.1971471 1210074.89354 -346904.48335 -776931.949036 
-5396.81485281 -5928.91809495 -92243.7744636 -481784.401746 -908318.477998 2252879.06727 -186317.262068 -572889.418044 -4181.11472733 -2492.7227998 -5156.39659147 -25676.8341105 -952569.761494 1283541.40761 131235.895184 -424700.473071 -4278.17623863 -2096.86161445 -3176.54968421 -10512.2735103 -29455.1761789 102433.44596 362346.802138 -415261.210872 
269.321141585 1121.36898515 -33868.046056 -220617.613924 -555725.14098 -186317.262068 1051920.11176 -56782.7388561 9.62401027588 2330.12223018 3345.64183869 4437.58308373 -457232.758242 -453155.427178 702541.996937 197723.21732 357.256611678 4478.55522691 9269.65223629 23561.4454706 -13704.688048 -703517.193304 -37593.0502706 717148.022078 
7484.0840962 -2587.06494694 -54815.9113699 -296502.06506 -738797.261098 -572889.418044 -56782.7388561 1714890.37528 6887.64668733 519.619209833 -454.528836414 -17301.13328 -619915.493261 -803615.111461 334542.410853 1099336.59009 7272.90220923 2436.52456886 1137.79744907 1527.38636925 -59428.6438203 -879360.144886 11539.9376401 914874.24047 
5393.33854677 919.223507711 14.9217152714 -2401.42189691 -6642.21784312 -4181.11472733 9.62401027588 6887.64668733 5210.57705892 1126.81233632 558.777456719 519.299497577 -4869.03930825 -6238.49647167 4713.68879936 -1021.61936898 4760.09221059 1521.90878978 779.694420212 953.792227103 1520.95099558 -7835.47838083 2149.4821414 -3850.44240382 
1901.99246828 2418.63532844 2033.6873008 -178.030406214 -6533.30333153 -2492.7227998 2330.12223018 519.619209833 1126.81233632 2609.37250113 2658.6098086 2024.8298176 -3180.30167671 -5450.24658548 862.329372593 -651.405574054 1484.07463168 2580.87679331 2498.51596808 2970.78962139 3540.04767429 -9398.14213925 -843.790235808 -2832.37231369 
1059.33190764 3904.26559707 8315.93300552 4501.97887704 -15516.2257981 -5156.39659147 3345.64183869 -454.528836414 558.777456719 2658.6098086 8659.68432989 8534.44623033 -6718.60158212 -16031.6155479 1013.8420257 1324.85727875 1294.22369118 3821.77175917 7822.8622718 10375.5896264 8507.9016539 -31346.9143166 1211.73511094 -1687.16979681 
640.853315737 4037.16587804 23558.0765332 36123.0785721 -25818.7899924 -25676.8341105 4437.58308373 -17301.13328 519.299497577 2024.8298176 8534.44623033 39016.1095025 20809.9225793 -49241.6221083 -11499.8053157 -10163.1802033 1154.20515819 3660.77240066 10282.9447149 25254.6843983 37416.4619096 -55128.7751503 -6800.45810734 -15839.8353239 
-5567.23193794 611.650776234 180707.489317 949045.038603 904921.066239 -952569.761494 -457232.758242 -619915.493261 -4869.03930825 -3180.30167671 -6718.60158212 20809.9225793 2577071.84141 -1243235.40673 -824967.078226 -514911.336465 -5618.84897023 -6630.61756336 -8174.90373946 -7395.60475923 146720.321857 1301243.32163 -578821.764873 -841321.903582 
-7018.93643725 -8891.59590334 -111546.471644 -385345.134202 486031.269216 1283541.40761 -453155.427178 -803615.111461 -6238.49647167 -5450.24658548 -16031.6155479 -49241.6221083 -1243235.40673 3025556.52705 -971661.634235 -733697.505369 -7578.87127638 -8000.78062449 -14850.6758593 -31987.8660876 -72120.9703247 1122846.68539 180797.14237 -1169104.66359 
5337.72580575 -1841.42580334 -63584.4816595 -365100.769989 -743131.351327 131235.895184 702541.996937 334542.410853 4713.68879936 862.329372593 1013.8420257 -11499.8053157 -824967.078226 -971661.634235 1947853.28949 -146314.631913 5460.24651947 2465.03264736 3531.02126878 9298.09769225 -66645.8087317 -1303005.84999 695811.299945 653085.960649 
-1747.07366898 -1157.91938081 -39499.1545683 -236644.739558 -593310.447163 -424700.473071 197723.21732 1099336.59009 -1021.61936898 -651.405574054 1324.85727875 -10163.1802033 -514911.336465 -733697.505369 -146314.631913 1405434.82161 -955.121964502 581.035797573 -1889.45904502 -9469.48271862 -58938.9050337 -1017374.84705 -293503.646351 1381550.42636 
4805.33555746 1503.13649832 517.014938464 -2490.73729318 -7686.73228335 -4278.17623863 357.256611678 7272.90220923 4760.09221059 1484.07463168 1294.22369118 1154.20515819 -5618.84897023 -7578.87127638 5460.24651947 -955.121964502 5262.35679341 1995.00224865 1576.4158363 1991.36664413 2184.40653878 -10065.1981177 1277.06155146 -4221.41149499 
1880.81640048 2459.07734046 2741.66994577 -1436.01231039 -10463.7695576 -2096.86161445 4478.55522691 2436.52456886 1521.90878978 2580.87679331 3821.77175917 3660.77240066 -6630.61756336 -8000.78062449 2465.03264736 581.035797573 1995.00224865 4696.72792434 4718.67510316 5593.96223509 4987.96934556 -16635.7558518 -1865.32884287 -3491.25216213 
986.427558577 3355.91937714 6489.15330038 941.062381655 -19003.4626189 -3176.54968421 9269.65223629 1137.79744907 779.694420212 2498.51596808 7822.8622718 10282.9447149 -8174.90373946 -14850.6758593 3531.02126878 -1889.45904502 1576.4158363 4718.67510316 14399.60532 21558.1584027 13255.6811772 -41133.9757494 -5803.52229354 -8571.0377964 
1711.50962456 3481.55328485 9469.84047985 7277.83782626 -36517.2995451 -10512.2735103 23561.4454706 1527.38636925 953.792227103 2970.78962139 10375.5896264 25254.6843983 -7395.60475923 -31987.8660876 9298.09769225 -9469.48271862 1991.36664413 5593.96223509 21558.1584027 56777.4957494 40968.4770896 -85407.2046344 -21056.4663616 -20425.7891249 
1481.96264468 5515.01009681 21380.6143814 86778.1180715 -12567.1971471 -29455.1761789 -13704.688048 -59428.6438203 1520.95099558 3540.04767429 8507.9016539 37416.4619096 146720.321857 -72120.9703247 -66645.8087317 -58938.9050337 2184.40653878 4987.96934556 13255.6811772 40968.4770896 236192.007803 -116903.066085 -77196.982083 -103488.493786 
-7644.17083494 -13660.806396 44837.8404487 246836.135474 1210074.89354 102433.44596 -703517.193304 -879360.144886 -7835.47838083 -9398.14213925 -31346.9143166 -55128.7751503 1301243.32163 1122846.68539 -1303005.84999 -1017374.84705 -10065.1981177 -16635.7558518 -41133.9757494 -85407.2046344 -116903.066085 3362055.64228 -1391337.46179 -1700572.98005 
1651.85334848 1118.64001989 -23614.6767747 31454.9772485 -346904.48335 362346.802138 -37593.0502706 11539.9376401 2149.4821414 -843.790235808 1211.73511094 -6800.45810734 -578821.764873 180797.14237 695811.299945 -293503.646351 1277.06155146 -1865.32884287 -5803.52229354 -21056.4663616 -77196.982083 -1391337.46179 1960521.86635 -464539.166534 
-4873.73429929 -3772.53022145 -61821.4567199 -369361.381399 -776931.949036 -415261.210872 717148.022078 914874.24047 -3850.44240382 -2832.37231369 -1687.16979681 -15839.8353239 -841321.903582 -1169104.66359 653085.960649 1381550.42636 -4221.41149499 -3491.25216213 -8571.0377964 -20425.7891249 -103488.493786 -1700572.98005 -464539.166534 2305310.13095 
144125.858589 96123.5320241 -109484.216326 -113169.40337 -19860.3593893 -1023.74173261 2770.93161559 517.398589243 42246.9342937 41383.5106662 56877.6925466 -105948.800573 -40033.0852577 2089.57090814 1224.10830883 2160.06910732 34082.6149051 13151.2393855 -51918.3854852 18092.3706123 -47595.9239869 17039.3389907 13242.7719726 3905.9736058 
96123.5320241 637337.299619 -163414.214418 -410617.906495 -98069.5089465 -37230.1844765 -14867.6761672 -9261.34113968 14791.8430959 165443.632219 361519.886827 -317871.521384 -202055.704015 -16332.6932014 -3104.40820871 -2391.03533373 23973.996325 29709.3025262 66663.6936611 107263.76496 -207643.80518 -26353.444769 9041.5942606 -2655.10178345 
-109484.216326 -163414.214418 1173867.03813 -406024.228729 -256425.811641 -146708.079786 -62945.1512492 -28865.3359782 -40710.1154156 -76198.8967391 252419.702319 352975.539742 -349632.042902 -92446.052289 -32121.4697542 -14286.6649613 -55560.4082816 -65907.1966929 150594.025059 60713.2261421 -21065.2115502 -27170.3768346 -23166.8396098 -18437.2182326 
-113169.40337 -410617.906495 -406024.228729 1072242.44248 7620.15588966 -80508.4175183 -44633.9329521 -24908.709309 -38607.3459488 -144418.265329 -387532.865738 283679.669614 385660.394249 -58888.3567002 -24988.6579997 -14904.5721475 -48921.5432755 -61178.671761 -122879.861059 -105625.009937 378877.961351 8686.62500327 -31485.9069671 -17473.5933544 
-19860.3593893 -98069.5089465 -256425.811641 7620.15588966 264158.897315 86134.7561693 15928.7293716 513.141231001 2594.09767229 -11945.1426416 -148386.001774 -65675.2089012 160148.141335 51586.0513321 12524.3339749 -846.27099701 20522.1877601 27104.9763567 -29168.8462156 -3936.50486016 -31324.5460926 7466.69878981 7669.40553134 1666.62873044 
-1023.74173261 -37230.1844765 -146708.079786 -80508.4175183 86134.7561693 135347.990619 37546.0254887 6441.65123649 10309.1291052 13419.0315236 -83751.9326278 -85966.9166047 53452.8969188 72199.8236256 17713.574114 2624.39394536 15343.9802684 22413.4667266 -4721.14787687 -34144.1938789 -24028.4607242 9896.38611418 11115.4828821 4124.48648879 
2770.93161559 -14867.6761672 -62945.1512492 -44633.9329521 15928.7293716 37546.0254887 49258.7815648 16942.2923278 5627.33425882 7885.73061366 -37864.2992136 -37597.0995669 522.936771429 32618.9858507 19767.5499925 9038.86129339 6111.76437795 18384.9720484 -565.977615743 -24295.9797131 -28720.1054209 8601.06894603 9241.01658674 11243.2407907 
517.398589243 -9261.34113968 -28865.3359782 -24908.709309 513.141231001 6441.65123649 16942.2923278 38620.9030423 3748.12293858 4430.39968671 -13282.1823398 -23595.6623268 -8063.53709849 9172.67047399 8984.96957243 18605.2190934 4447.4079206 16321.9114105 -8003.50046833 -18067.6733244 -18499.908396 1833.70375958 4342.47534338 17625.5837547 
42246.9342937 14791.8430959 -40710.1154156 -38607.3459488 2594.09767229 10309.1291052 5627.33425882 3748.12293858 47581.1400501 38287.5034214 -29237.7410971 -56528.545984 -11720.8256758 5532.50669572 2683.73909721 3402.22349252 47850.4675625 33708.6722498 -22991.7827656 -43795.0161237 -26744.8634537 5010.52389103 3892.49555201 3069.50308763 
41383.5106662 165443.632219 -76198.8967391 -144418.265329 -11945.1426416 13419.0315236 7885.73061366 4430.39968671 38287.5034214 262738.365907 37774.712145 -251723.619898 -105748.39898 10071.6165634 5103.72214067 3496.09870015 67523.4882819 177881.379272 98672.9792776 -176419.023498 -168565.546003 -11711.6917211 8721.49836843 3896.91602172 
56877.6925466 361519.886827 252419.702319 -387532.865738 -148386.001774 -83751.9326278 -37864.2992136 -13282.1823398 -29237.7410971 37774.712145 1031904.62205 -420617.907381 -508223.286438 -79945.3783789 -22752.104195 -8902.91670909 -17555.76119 60729.8608747 553837.010883 193663.06105 -605396.790222 -148974.724304 -24846.7954339 -11455.8616576 
-105948.800573 -317871.521384 352975.539742 283679.669614 -65675.2089012 -85966.9166047 -37597.0995669 -23595.6623268 -56528.545984 -251723.619898 -420617.907381 1178738.35795 -283190.784824 -107272.938566 -36888.0673695 -22516.4939308 -93821.4578504 -184845.004501 -202703.073983 330671.278329 270604.773515 -46541.5745559 -45674.6028306 -27690.3381225 
-40033.0852577 -202055.704015 -349632.042902 385660.394249 160148.141335 53452.8969188 522.936771429 -8063.53709849 -11720.8256758 -105748.39898 -508223.286438 -283190.784824 873852.752282 47186.0612303 -2525.63939494 -9629.87820043 -28958.1570174 -112441.681462 -365824.98814 -210454.604594 567461.030588 152462.752117 8081.63403586 -10325.9855271 
2089.57090814 -16332.6932014 -92446.052289 -58888.3567002 51586.0513321 72199.8236256 32618.9858507 9172.67047399 5532.50669572 10071.6165634 -79945.3783789 -107272.938566 47186.0612303 99707.7827096 21203.7000378 3516.64970848 16759.2445301 16032.9478121 -35454.3126204 -59603.8328463 -6359.96586118 37154.0862589 25918.1370118 5553.695715 
1224.10830883 -3104.40820871 -32121.4697542 -24988.6579997 12524.3339749 17713.574114 19767.5499925 8984.96957243 2683.73909721 5103.72214067 -22752.104195 -36888.0673695 -2525.63939494 21203.7000378 25538.5602408 7636.089443 5771.69560927 5023.9682426 -14014.432757 -19246.7948931 -18051.7428552 10235.2926553 17352.6969927 12929.3170055 
2160.06910732 -2391.03533373 -14286.6649613 -14904.5721475 -846.27099701 2624.39394536 9038.86129339 18605.2190934 3402.22349252 3496.09870015 -8902.91670909 -22516.4939308 -9629.87820043 3516.64970848 7636.089443 22998.2274962 2430.48007401 3909.85751122 -11521.3998943 -14815.0674232 -12946.8957079 2365.33565908 6554.93630376 24022.7534774 
34082.6149051 23973.996325 -55560.4082816 -48921.5432755 20522.1877601 15343.9802684 6111.76437795 4447.4079206 47850.4675625 67523.4882819 -17555.76119 -93821.4578504 -28958.1570174 16759.2445301 5771.69560927 2430.48007401 192977.970075 141650.358825 -62923.2230214 -147262.766323 -107973.771784 -15587.8841754 -969.802117735 89.1185219494 
13151.2393855 29709.3025262 -65907.1966929 -61178.671761 27104.9763567 22413.4667266 18384.9720484 16321.9114105 33708.6722498 177881.379272 60729.8608747 -184845.004501 -112441.681462 16032.9478121 5023.9682426 3909.85751122 141650.358825 454111.248136 67596.677993 -335977.86754 -280680.716636 -44983.9092048 -2360.12310075 644.33152759 
-51918.3854852 66663.6936611 150594.025059 -122879.861059 -29168.8462156 -4721.14787687 -565.977615743 -8003.50046833 -22991.7827656 98672.9792776 553837.010883 -202703.073983 -365824.98814 -35454.3126204 -14014.432757 -11521.3998943 -62923.2230214 67596.677993 952331.145932 -139358.628161 -619466.651953 -150918.284283 -32171.3745399 -15089.6619673 
18092.3706123 107263.76496 60713.2261421 -105625.009937 -3936.50486016 -34144.1938789 -24295.9797131 -18067.6733244 -43795.0161237 -176419.023498 193663.06105 330671.278329 -210454.604594 -59603.8328463 -19246.7948931 -14815.0674232 -147262.766323 -335977.86754 -139358.628161 1222296.07122 -388085.507684 -145448.334324 -46597.8380564 -19565.1291316 
-47595.9239869 -207643.80518 -21065.2115502 378877.961351 -31324.5460926 -24028.4607242 -28720.1054209 -18499.908396 -26744.8634537 -168565.546003 -605396.790222 270604.773515 567461.030588 -6359.96586118 -18051.7428552 -12946.8957079 -107973.771784 -280680.716636 -619466.651953 -388085.507684 1391112.04909 40142.4184286 -19768.9268799 -15278.892577 
17039.3389907 -26353.444769 -27170.3768346 8686.62500327 7466.69878981 9896.38611418 8601.06894603 1833.70375958 5010.52389103 -11711.6917211 -148974.724304 -46541.5745559 152462.752117 37154.0862589 10235.2926553 2365.33565908 -15587.8841754 -44983.9092048 -150918.284283 -145448.334324 40142.4184286 280845.137115 30411.1667535 5539.68969018 
13242.7719726 9041.5942606 -23166.8396098 -31485.9069671 7669.40553134 11115.4828821 9241.01658674 4342.47534338 3892.49555201 8721.49836843 -24846.7954339 -45674.6028306 8081.63403586 25918.1370118 17352.6969927 6554.93630376 -969.802117735 -2360.12310075 -32171.3745399 -46597.8380564 -19768.9268799 30411.1667535 59254.1603732 12202.7375682 
3905.9736058 -2655.10178345 -18437.2182326 -17473.5933544 1666.62873044 4124.48648879 11243.2407907 17625.5837547 3069.50308763 3896.91602172 -11455.8616576 -27690.3381225 -10325.9855271 5553.695715 12929.3170055 24022.7534774 89.1185219494 644.33152759 -15089.6619673 -19565.1291316 -15278.892577 5539.68969018 12202.7375682 31457.806368 
1720652.43164 -718566.520007 -709918.792601 -221061.460117 -55679.9163717 -16095.0850265 -2388.93902608 3058.28150828 1576338.42701 -629437.96722 -660340.78561 -217583.019408 -54228.6354277 -15297.9435274 -55.5871310697 605.511313013 1014816.83692 -704968.246323 -263762.905034 -44607.1673476 -4159.86837359 533.417937479 2131.37261804 16.5596066505 
-718566.520007 980043.525299 -92903.5173692 -107402.109014 -36337.4702036 -14285.2564793 -4738.24434859 -5810.40787776 -611310.531855 875620.079591 -107994.491578 -102579.417979 -34203.8457051 -11990.5950494 -5905.81732634 -1635.38009765 -200431.79644 298247.675687 -29448.4868824 -35794.9054134 -18715.9809218 -7495.08594457 -5552.73141022 -808.688674787 
-709918.792601 -92903.5173692 594233.67715 170561.552362 32831.3173218 6762.1481491 543.235469954 -2109.62048275 -685015.834219 -62221.8765788 538760.279652 168456.443579 33641.0603642 7425.89844719 -701.855705191 -344.115539161 -565083.305541 354426.881694 178868.532628 30996.1622204 3571.95580796 -751.189774179 -1930.5607163 -98.4763190189 
-221061.460117 -107402.109014 170561.552362 113680.830572 32904.0096529 9541.00951606 1985.54773953 -209.380712598 -215094.992547 -117762.76949 185228.318023 107527.547311 30566.3122046 8509.64422836 879.961846498 145.978423977 -176365.907641 56922.6902174 81586.64014 28130.7394165 7731.5682153 1858.61977081 -39.8658312057 175.51571242 
-55679.9163717 -36337.4702036 32831.3173218 32904.0096529 17221.2759467 7046.09907793 1789.0695604 225.615015551 -52475.5604191 -40460.8981472 37606.6744352 33129.5564916 15385.8115576 5754.29026249 902.606276599 157.519542733 -48727.1927063 3202.7436478 23603.9093651 13072.9706917 5947.81065916 2273.09739205 473.832643597 152.828306856 
-16095.0850265 -14285.2564793 6762.1481491 9541.00951606 7046.09907793 5256.12809776 1508.70805242 266.24861254 -14118.2600895 -15012.1782712 7853.96470227 9515.71091861 6958.71567707 3869.66470409 775.265563229 157.116795491 -18143.1242166 -2638.70075714 7822.72692886 6236.20368837 3933.60592503 2069.91173348 560.454054908 158.922643131 
-2388.93902608 -4738.24434859 543.235469954 1985.54773953 1789.0695604 1508.70805242 974.488714705 326.133837665 -1730.48276279 -4846.33527869 873.172840667 1892.29468917 1715.97660116 1415.56547577 515.061288869 164.747145844 -5134.04052787 -1454.02596832 1808.49456925 1753.68403341 1381.40188533 1111.73838495 380.556936461 152.190686786 
3058.28150828 -5810.40787776 -2109.62048275 -209.380712598 225.615015551 266.24861254 326.133837665 4253.13009907 3407.23488123 -5878.05460461 -1987.13246388 -359.115603006 164.60472819 313.47545892 3590.3651874 748.62241575 -931.469843803 -3739.01819741 -478.911714666 212.312710644 309.506802578 399.490499972 3976.94170472 251.148037963 
1576338.42701 -611310.531855 -685015.834219 -215094.992547 -52475.5604191 -14118.2600895 -1730.48276279 3407.23488123 1732339.14382 -749571.727656 -685537.37443 -225810.658735 -56755.4916358 -15199.3441125 42.6484135414 492.804336716 1160998.97836 -812894.938436 -291793.485261 -49659.8003474 -7669.98861453 -804.254692524 1984.72833461 -161.239340966 
-629437.96722 875620.079591 -62221.8765788 -117762.76949 -40460.8981472 -15012.1782712 -4846.33527869 -5878.05460461 -749571.727656 1113177.38458 -162487.45235 -136905.656563 -41965.9633109 -14111.0666348 -6455.5285639 -1679.98950399 -477485.740352 542701.64795 -2917.65083892 -34149.7337612 -14995.0106442 -6580.44661708 -5721.50976191 -851.555974627 
-660340.78561 -107994.491578 538760.279652 185228.318023 37606.6744352 7853.96470227 873.172840667 -1987.13246388 -685537.37443 -162487.45235 605169.620162 194722.641313 39506.2424467 9018.05960387 -233.98249073 -157.754255648 -471900.022233 238221.201793 193593.465231 37117.047388 4503.50047647 -73.140096982 -1564.10199873 102.049440111 
-217583.019408 -102579.417979 168456.443579 107527.547311 33129.5564916 9515.71091861 1892.29468917 -359.115603006 -225810.658735 -136905.656563 194722.641313 122969.356944 34686.7616818 9316.46652708 925.339384871 95.7494478629 -149326.816988 37376.9272601 73705.3200046 28297.5197093 8043.63901414 1856.77186004 -89.6645231871 136.303663431 
-54228.6354277 -34203.8457051 33641.0603642 30566.3122046 15385.8115576 6958.71567707 1715.97660116 164.60472819 -56755.4916358 -41965.9633109 39506.2424467 34686.7616818 17398.2322329 6076.21973419 898.277398029 155.721453036 -42877.5297552 466.14041946 20708.9015089 12408.3327156 6034.76246926 2637.79794808 466.42967417 155.165019699 
-15297.9435274 -11990.5950494 7425.89844719 8509.64422836 5754.29026249 3869.66470409 1415.56547577 313.47545892 -15199.3441125 -14111.0666348 9018.05960387 9316.46652708 6076.21973419 3897.31123392 830.845396417 171.508251821 -14946.7822047 -1866.84555981 5980.91683542 4813.43779533 3174.71268025 2100.9289521 579.159695645 164.471805785 
-55.5871310697 -5905.81732634 -701.855705191 879.961846498 902.606276599 775.265563229 515.061288869 3590.3651874 42.6484135414 -6455.5285639 -233.98249073 925.339384871 898.277398029 830.845396417 3366.86615108 625.534310692 -3533.39681611 -3186.39786705 541.67357558 908.8495871 695.02519891 687.271068348 3616.83717795 270.138075273 
605.511313013 -1635.38009765 -344.115539161 145.978423977 157.519542733 157.116795491 164.747145844 748.62241575 492.804336716 -1679.98950399 -157.754255648 95.7494478629 155.721453036 171.508251821 625.534310692 296.425959511 -928.690008146 -817.735559907 180.858944379 264.346913242 213.35941966 175.07157802 728.121401458 184.667311295 
1014816.83692 -200431.79644 -565083.305541 -176365.907641 -48727.1927063 -18143.1242166 -5134.04052787 -931.469843803 1160998.97836 -477485.740352 -471900.022233 -149326.816988 -42877.5297552 -14946.7822047 -3533.39681611 -928.690008146 1827222.79165 -1240025.42673 -445824.704343 -93814.2092237 -33389.6865075 -9717.29610593 -3117.89394562 -1333.57479251 
-704968.246323 298247.675687 354426.881694 56922.6902174 3202.7436478 -2638.70075714 -1454.02596832 -3739.01819741 -812894.938436 542701.64795 238221.201793 37376.9272601 466.14041946 -1866.84555981 -3186.39786705 -817.735559907 -1240025.42673 1136029.60605 123148.849146 -4878.96381423 -7382.73102525 -3164.09476326 -3465.94166816 -261.297192101 
-263762.905034 -29448.4868824 178868.532628 81586.64014 23603.9093651 7822.72692886 1808.49456925 -478.911714666 -291793.485261 -2917.65083892 193593.465231 73705.3200046 20708.9015089 5980.91683542 541.67357558 180.858944379 -445824.704343 123148.849146 260323.784355 47383.2458552 11529.7043286 2984.5736624 112.721843178 341.825153212 
-44607.1673476 -35794.9054134 30996.1622204 28130.7394165 13072.9706917 6236.20368837 1753.68403341 212.312710644 -49659.8003474 -34149.7337612 37117.047388 28297.5197093 12408.3327156 4813.43779533 908.8495871 264.346913242 -93814.2092237 -4878.96381423 47383.2458552 33036.7489172 13935.8773523 3298.80199365 708.057944089 330.440975589 
-4159.86837359 -18715.9809218 3571.95580796 7731.5682153 5947.81065916 3933.60592503 1381.40188533 309.506802578 -7669.98861453 -14995.0106442 4503.50047647 8043.63901414 6034.76246926 3174.71268025 695.02519891 213.35941966 -33389.6865075 -7382.73102525 11529.7043286 13935.8773523 11272.3866838 3115.55555126 674.477311267 244.416305529 
533.417937479 -7495.08594457 -751.189774179 1858.61977081 2273.09739205 2069.91173348 1111.73838495 399.490499972 -804.254692524 -6580.44661708 -73.140096982 1856.77186004 2637.79794808 2100.9289521 687.271068348 175.07157802 -9717.29610593 -3164.09476326 2984.5736624 3298.80199365 3115.55555126 2631.40601115 663.639710396 187.413940334 
2131.37261804 -5552.73141022 -1930.5607163 -39.8658312057 473.832643597 560.454054908 380.556936461 3976.94170472 1984.72833461 -5721.50976191 -1564.10199873 -89.6645231871 466.42967417 579.159695645 3616.83717795 728.121401458 -3117.89394562 -3465.94166816 112.721843178 708.057944089 674.477311267 663.639710396 4119.82389837 305.114906485 
16.5596066505 -808.688674787 -98.4763190189 175.51571242 152.828306856 158.922643131 152.190686786 251.148037963 -161.239340966 -851.555974627 102.049440111 136.303663431 155.165019699 164.471805785 270.138075273 184.667311295 -1333.57479251 -261.297192101 341.825153212 330.440975589 244.416305529 187.413940334 305.114906485 185.660703466 
6762.44197966 8424.9351515 3847.22632254 351.230880133 -5301.38952114 -3577.05890587 -14081.3995189 3574.0136121 6632.07749198 7134.67957117 3097.4656336 1610.02480177 645.803439594 -4599.41737658 -12942.341465 -1578.29209654 6232.14742944 7819.06324589 2802.04580871 555.710319416 -2111.59813312 -4700.65133275 3050.08838352 -13646.8057211 
8424.9351515 27162.3808852 16905.2270705 4472.67813559 -12364.5677489 -10459.7703992 -30276.0644271 -3864.81866761 8179.17744716 21574.7405056 12113.6172423 7407.11790112 3866.81378172 -3308.08330323 -37638.7593719 -12194.6242028 8189.46119359 23458.8363451 11074.0173284 3859.54488097 -3290.21130583 -9674.5095466 6448.56850051 -40065.7073961 
3847.22632254 16905.2270705 26245.7554271 14502.447236 -14640.93444 -11178.8100907 -32837.8334692 -2843.07805618 3451.16191289 11815.7687798 19068.6773998 18207.3082288 12402.6022409 2928.06790901 -48863.7386891 -19009.8477821 4767.12337808 14905.1718308 18265.5652018 13342.6731183 4108.05379915 -3495.61325089 9827.18125791 -61720.1553352 
351.230880133 4472.67813559 14502.447236 370533.638515 -2166.8647573 -87571.9388214 -164687.985853 -135433.205335 -153.436804835 2428.03338677 12245.0155633 19478.6032311 32262.4826085 348062.175001 -225414.56243 -188908.310556 477.518759601 4387.29642041 12665.0591617 10404.2920115 -7962.15338049 -26463.2010404 44351.1124313 -37859.9243635 
-5301.38952114 -12364.5677489 -14640.93444 -2166.8647573 1250538.94228 -136606.086071 -582504.298761 -496954.800982 -5677.22348082 -11129.4487407 -12887.5279125 -14704.186546 -19534.3904842 231443.041903 502912.40072 -670422.665459 -6998.50049973 -13183.9328091 -15596.033922 -27007.5521933 -77733.6746607 -94366.5355977 -198162.173117 433048.402799 
-3577.05890587 -10459.7703992 -11178.8100907 -87571.9388214 -136606.086071 1189494.51151 -352120.389207 -587980.458017 -3847.56484015 -8544.99647749 -11397.8459493 -4678.27505816 4791.97168262 -14761.5303213 590055.659638 -551617.418675 -6229.2674762 -8661.00986518 -11543.8510657 2649.35268027 22027.6160534 33603.9204398 -55038.6169569 23191.8561904 
-14081.3995189 -30276.0644271 -32837.8334692 -164687.985853 -582504.298761 -352120.389207 1819624.79684 -643116.825598 -13209.7889403 -24308.9188392 -26529.5372127 -24187.3300005 -18355.3903356 -205355.055488 174471.384828 137474.635989 -13403.6923156 -28509.9010121 -21296.527902 3753.52568331 82516.5211237 167575.681549 118191.617883 -308827.225009 
3574.0136121 -3864.81866761 -2843.07805618 -135433.205335 -496954.800982 -587980.458017 -643116.825598 1866619.17304 4625.5972141 1030.14181402 4290.13523555 -3133.26255816 -16079.8929336 -354409.198324 -942580.043231 1306256.52278 6965.20953077 -215.524155938 3629.72538915 -7557.54650047 -17554.5534961 -62479.09122 71332.2216169 5879.55883566 
6632.07749198 8179.17744716 3451.16191289 -153.436804835 -5677.22348082 -3847.56484015 -13209.7889403 4625.5972141 7363.87808958 8139.35562689 3475.50243356 1770.96524273 823.01307738 -6144.35965246 -13419.7755786 -2008.57923911 6984.33521751 8633.24674752 3119.45387913 1006.11410893 -1489.13666626 -3889.3728377 3571.43180989 -17936.072259 
7134.67957117 21574.7405056 11815.7687798 2428.03338677 -11129.4487407 -8544.99647749 -24308.9188392 1030.14181402 8139.35562689 22679.0376783 11513.5555399 6333.38956623 4458.19472667 -10166.4429326 -33900.5461711 -9056.54403431 8126.09647748 23245.3638783 10682.2700685 4431.64163242 -1515.96947072 -6003.30687285 4961.7155321 -43927.8112452 
3097.4656336 12113.6172423 19068.6773998 12245.0155633 -12887.5279125 -11397.8459493 -26529.5372127 4290.13523555 3475.50243356 11513.5555399 19639.218182 17397.0432018 13408.8412905 -294.362684539 -46134.6925357 -19005.1054276 4792.62677045 14516.3935635 18464.9516898 14392.069821 7238.42866557 3130.7084429 10458.8538454 -72994.0327986 
1610.02480177 7407.11790112 18207.3082288 19478.6032311 -14704.186546 -4678.27505816 -24187.3300005 -3133.26255816 1770.96524273 6333.38956623 17397.0432018 30337.4317429 32776.9856072 14721.7531444 -60838.3789497 -42499.1895556 3133.51755353 10496.2679304 22033.9494567 29173.2258944 27446.7032388 23638.5582033 19330.004568 -135252.226845 
645.803439594 3866.81378172 12402.6022409 32262.4826085 -19534.3904842 4791.97168262 -18355.3903356 -16079.8929336 823.01307738 4458.19472667 13408.8412905 32776.9856072 72497.6668689 65069.5184815 -97188.1919436 -91846.0281086 2150.90799566 8154.40234149 24901.5859004 48382.738148 70541.1588856 77369.4108748 38616.8197391 -270117.023885 
-4599.41737658 -3308.08330323 2928.06790901 348062.175001 231443.041903 -14761.5303213 -205355.055488 -354409.198324 -6144.35965246 -10166.4429326 -294.362684539 14721.7531444 65069.5184815 930804.615653 -386153.749774 -607836.972235 -5965.06644203 -9213.59581684 7181.73850776 41065.734938 102348.619979 302067.305306 127384.295183 -564869.031654 
-12942.341465 -37638.7593719 -48863.7386891 -225414.56243 502912.40072 590055.659638 174471.384828 -942580.043231 -13419.7755786 -33900.5461711 -46134.6925357 -60838.3789497 -97188.1919436 -386153.749774 2141474.71109 -1503839.37614 -15341.1041876 -39931.2659963 -56487.9573186 -57759.8720815 -14494.5889194 -21561.1443969 47653.0318047 157922.901095 
-1578.29209654 -12194.6242028 -19009.8477821 -188908.310556 -670422.665459 -551617.418675 137474.635989 1306256.52278 -2008.57923911 -9056.54403431 -19005.1054276 -42499.1895556 -91846.0281086 -607836.972235 -1503839.37614 2276091.79474 -3881.31338501 -15900.8126481 -29895.9921837 -80691.6524613 -190075.215713 -374752.158719 -251976.152482 947173.297592 
6232.14742944 8189.46119359 4767.12337808 477.518759601 -6998.50049973 -6229.2674762 -13403.6923156 6965.20953077 6984.33521751 8126.09647748 4792.62677045 3133.51755353 2150.90799566 -5965.06644203 -15341.1041876 -3881.31338501 8048.63867229 9160.53111783 4370.57766003 2302.23221673 -324.608821098 -3139.50603944 6505.24558601 -26923.1103924 
7819.06324589 23458.8363451 14905.1718308 4387.29642041 -13183.9328091 -8661.00986518 -28509.9010121 -215.524155938 8633.24674752 23245.3638783 14516.3935635 10496.2679304 8154.40234149 -9213.59581684 -39931.2659963 -15900.8126481 9160.53111783 27749.2679993 15365.3950433 8754.049517 2577.97867949 -4217.4745644 6462.47795994 -65852.2257524 
2802.04580871 11074.0173284 18265.5652018 12665.0591617 -15596.033922 -11543.8510657 -21296.527902 3629.72538915 3119.45387913 10682.2700685 18464.9516898 22033.9494567 24901.5859004 7181.73850776 -56487.9573186 -29895.9921837 4370.57766003 15365.3950433 27264.3717985 29016.0942703 25860.3717942 16665.0903522 7752.80072338 -126294.701642 
555.710319416 3859.54488097 13342.6731183 10404.2920115 -27007.5521933 2649.35268027 3753.52568331 -7557.54650047 1006.11410893 4431.64163242 14392.069821 29173.2258944 48382.738148 41065.734938 -57759.8720815 -80691.6524613 2302.23221673 8754.049517 29016.0942703 64454.4895278 93074.0264827 67837.9040241 11045.3268588 -276484.122897 
-2111.59813312 -3290.21130583 4108.05379915 -7962.15338049 -77733.6746607 22027.6160534 82516.5211237 -17554.5534961 -1489.13666626 -1515.96947072 7238.42866557 27446.7032388 70541.1588856 102348.619979 -14494.5889194 -190075.215713 -324.608821098 2577.97867949 25860.3717942 93074.0264827 246871.191833 234339.176026 7029.27490404 -609427.410898 
-4700.65133275 -9674.5095466 -3495.61325089 -26463.2010404 -94366.5355977 33603.9204398 167575.681549 -62479.09122 -3889.3728377 -6003.30687285 3130.7084429 23638.5582033 77369.4108748 302067.305306 -21561.1443969 -374752.158719 -3139.50603944 -4217.4745644 16665.0903522 67837.9040241 234339.176026 642982.39879 131274.108379 -1085741.69697 
3050.08838352 6448.56850051 9827.18125791 44351.1124313 -198162.173117 -55038.6169569 118191.617883 71332.2216169 3571.43180989 4961.7155321 10458.8538454 19330.004568 38616.8197391 127384.295183 47653.0318047 -251976.152482 6505.24558601 6462.47795994 7752.80072338 11045.3268588 7029.27490404 131274.108379 629661.102308 -799730.336719 
-13646.8057211 -40065.7073961 -61720.1553352 -37859.9243635 433048.402799 23191.8561904 -308827.225009 5879.55883566 -17936.072259 -43927.8112452 -72994.0327986 -135252.226845 -270117.023885 -564869.031654 157922.901095 947173.297592 -26923.1103924 -65852.2257524 -126294.701642 -276484.122897 -609427.410898 -1085741.69697 -799730.336719 2990453.60527 
1132121.61133 -210244.762544 -458450.130378 -277580.119378 -95917.4080502 -36957.4389285 -19636.4577596 -33335.2942909 774411.333898 1575.65742107 -382681.565655 -236825.269437 -76750.3785789 -32059.4145698 -16309.0402691 -31361.3228095 762876.854947 -109147.400064 -374304.805802 -146014.957717 -59064.1920772 -27761.7079959 -16210.2903326 -30373.500958 
-210244.762544 966171.321539 -248305.908113 -281569.047405 -102968.250741 -48914.6546067 -30660.2701932 -43508.4279352 -115175.384795 741511.446088 -230099.323564 -216334.774614 -74530.3768835 -42777.1864033 -26418.8459401 -36175.5538873 -11878.8520228 505076.364194 -239787.346299 -115283.032632 -53617.0867301 -33197.2035771 -21477.6127087 -29835.2302241 
-458450.130378 -248305.908113 732141.953574 93627.4028121 -33363.5342709 -25224.1929137 -20316.2429678 -40109.347742 -351314.291658 -245525.734845 585008.92128 102979.841614 -14443.493064 -21895.1566429 -19746.2471124 -35063.8395718 -375188.970435 -85196.6812599 473226.848665 67977.3540461 -12750.3433075 -19862.4115943 -16591.837956 -31613.9581584 
-277580.119378 -281569.047405 93627.4028121 388601.986797 77441.8643393 5114.79569287 -1489.1870851 -4147.69577211 -185019.597695 -259637.239113 143670.14587 261135.850217 42682.9107188 3573.3533477 -3636.29413918 -2769.12920484 -198701.722149 -79846.9888057 169905.056618 89509.2505204 24011.8607733 1762.34314995 -3294.27328686 -3345.52682099 
-95917.4080502 -102968.250741 -33363.5342709 77441.8643393 101820.127534 30218.6796921 13419.5288446 9348.99265206 -55768.038176 -102286.890001 -32391.7499254 83492.1334157 63926.4315333 24914.2732211 11127.1093299 6986.73060272 -64138.9203757 -88561.5340206 20028.6135658 61083.3020814 38899.4321702 19091.3145968 8519.55239775 5078.23958453 
-36957.4389285 -48914.6546067 -25224.1929137 5114.79569287 30218.6796921 41517.7722923 20251.6340594 13993.4047122 -23403.6574719 -52936.023453 -28454.1456445 7917.04721152 33060.6349008 35671.3258046 17035.1699352 11109.6487172 -41098.0902283 -54824.0392134 -12266.0829255 24245.6805529 32912.2002204 28201.1080851 13929.1779346 8900.04557435 
-19636.4577596 -30660.2701932 -20316.2429678 -1489.1870851 13419.5288446 20251.6340594 21021.3428588 17409.6522428 -11916.5949101 -34560.7317574 -21053.1404427 976.756594966 14430.1056913 19999.8125369 18123.4092626 14000.3830245 -22987.5424313 -35347.182208 -13291.2404878 9990.51035007 16658.6792495 18618.5546697 14348.7456634 12009.4751944 
-33335.2942909 -43508.4279352 -40109.347742 -4147.69577211 9348.99265206 13993.4047122 17409.6522428 80348.7161332 -31813.7691917 -48140.4843386 -33999.1419188 -3341.58500082 11624.1656822 12572.9927057 19824.7389331 73273.083129 -48882.7573048 -52152.5386222 -23511.0433352 8491.89279848 12949.4497014 13148.0026658 20776.5382885 69180.4558081 
774411.333898 -115175.384795 -351314.291658 -185019.597695 -55768.038176 -23403.6574719 -11916.5949101 -31813.7691917 950958.807135 -196583.678082 -426462.200972 -198592.203561 -61366.3397947 -24590.6615788 -10554.0045654 -32809.7185806 953813.360796 -372349.470659 -353717.110265 -116154.584858 -47328.9601734 -19237.0648879 -11281.6649052 -33744.5050477 
1575.65742107 741511.446088 -245525.734845 -259637.239113 -102286.890001 -52936.023453 -34560.7317574 -48140.4843386 -196583.678082 1019611.54147 -295625.584754 -296037.797152 -103666.238773 -53752.4374234 -33203.6332274 -40742.1720576 -92240.3983344 707547.413905 -290762.73939 -154823.023544 -67801.8229056 -40572.6523383 -27016.9602739 -34329.8171186 
-382681.565655 -230099.323564 585008.92128 143670.14587 -32391.7499254 -28454.1456445 -21053.1404427 -33999.1419188 -426462.200972 -295625.584754 729653.593226 94831.6017904 -25838.5070503 -26006.5993093 -21410.8105928 -29141.4923379 -465023.002973 -46369.7528116 535531.089602 56669.7173834 -14578.44824 -22318.8144011 -17697.0856896 -26213.7028701 
