24 3 3
0.344642344962 0.336860027025 0.318497628013 
0.383150689829 0.20581875151 0.411030558661 
0.39416511646 0.279851068285 0.325983815255 
8.23352085554 13.5514734763 112.107552229 525.352187616 1261.28869204 1066.69361093 497.707563752 611.065399104 6.72441297958 9.18646819268 23.7941379682 65.715362893 1072.99077294 1568.18388171 844.969896636 504.435066684 8.35182943002 13.3874158308 28.8048478089 62.6790824263 164.378253486 2108.9832321 876.389813661 833.025525262 
1305.94172235 1632.94305853 778.241124721 257.994464596 76.8892022678 30.397886818 8.42300764412 5.1695330715 1253.43327574 1706.89409091 755.413545181 264.446247888 79.1225601303 26.6196847228 7.87083701605 2.19975841725 2210.47533576 1358.14595527 371.040734288 98.8097234424 36.1821567542 13.0382715901 6.59574939627 1.71207350287 
134.457144499 611.8567651 1435.43906111 1221.73939638 378.86120293 193.782126041 79.3098158644 40.5544880782 65.1682362258 349.880443493 1197.75619814 1518.39735536 710.248209546 168.039901097 55.8813243621 30.6283317738 185.244648037 463.394384928 1089.52853613 1203.43011312 825.437570542 219.948485077 69.3817570044 39.6345051535 
16.944057071 72.8979994751 346.421167416 1241.67579255 1445.77946008 726.993175902 189.287984057 56.0003634504 19.4566994819 70.8742424797 256.179987705 1171.48463278 1751.87062548 647.833395098 135.184323903 43.1160930794 41.2683146759 217.831183678 739.838484042 1283.65505517 854.400220848 769.221196776 153.473044225 36.3125005834 
17.9143457521 47.9517308342 64.536002351 204.277116642 598.260702988 802.214313296 1286.95329053 1073.89249761 20.2010192903 45.7075872024 62.2401730076 100.559128738 177.388887375 639.606010326 1706.20602944 1344.09116462 24.056083912 59.4023636727 90.5402929624 165.285590272 326.107118545 552.939297807 570.803570919 2306.86568191 
673.262392335 1075.47560394 1176.45004259 610.425013188 272.881593139 125.750499324 68.686665657 93.0681898239 616.915095556 1143.66236437 996.193071805 822.864500078 245.79870037 121.806500914 66.6602726538 82.0994942515 877.363527475 1299.23021622 890.820319001 377.460172222 249.067172993 269.793590612 56.4772597598 75.7877417149 
1059.19698172 1076.73545283 1024.54059365 393.001946726 257.699040626 181.546546348 79.4182543702 23.8611837257 970.568921983 1267.12927327 1234.85395304 346.36185338 140.646452252 83.7720911305 35.157377066 17.5100778836 1572.02437837 1712.75317526 425.129726878 206.171073578 96.7773179601 45.2100449172 21.548924193 16.3853588453 
71.6872393172 131.527273238 594.144150043 1669.48771897 972.990550824 475.240653285 150.972489378 29.9499249422 78.9042551668 162.884937077 1067.37060365 1937.96640891 689.117491272 110.709734217 24.3136126252 24.7329570876 214.758358756 1050.3160214 1696.44475202 935.658353353 109.545533575 51.6861875519 12.9019079689 24.6888853705 
55.1999406291 56.1049106357 77.680858887 184.874045503 815.219848468 1345.50219277 1204.29282613 357.125376983 49.1627050789 79.015028376 117.054215991 255.813836622 1360.39896265 1463.74425988 525.787424927 245.023566478 107.539959015 382.421066513 608.677459344 1243.07691006 1015.09285197 377.318616783 245.6733209 116.199815414 
6583.64161606 1158.4276229 294.68502807 -2280.05321422 -8113.29143778 -5396.81485281 269.321141585 7484.0840962 5393.33854677 1901.99246828 1059.33190764 640.853315737 -5567.23193794 -7018.93643725 5337.72580575 -1747.07366898 4805.33555746 1880.81640048 986.427558577 1711.50962456 1481.96264468 -7644.17083494 1651.85334848 -4873.73429929 
1158.4276229 4160.4494199 7042.01667564 3303.92116105 -8270.20082274 -5928.91809495 1121.36898515 -2587.06494694 919.223507711 2418.63532844 3904.26559707 4037.16587804 611.650776234 -8891.59590334 -1841.42580334 -1157.91938081 1503.13649832 2459.07734046 3355.91937714 3481.55328485 5515.01009681 -13660.806396 1118.64001989 -3772.53022145 
294.68502807 7042.01667564 241590.765048 35122.1631461 -103121.898009 -92243.7744636 -33868.046056 -54815.9113699 14.9217152714 2033.6873008 8315.93300552 23558.0765332 180707.489317 -111546.471644 -63584.4816595 -39499.1545683 517.014938464 2741.66994577 6489.15330038 9469.84047985 21380.6143814 44837.8404487 -23614.6767747 -61821.4567199 
-2280.05321422 3303.92116105 35122.1631461 1268390.57537 -305632.525732 -481784.401746 -220617.613924 -296502.06506 -2401.42189691 -178.030406214 4501.97887704 36123.0785721 949045.038603 -385345.134202 -365100.769989 -236644.739558 -2490.73729318 -1436.01231039 941.062381655 7277.83782626 86778.1180715 246836.135474 31454.9772485 -369361.381399 
-8113.29143778 -8270.20082274 -103121.898009 -305632.525732 2627978.79608 -908318.477998 -555725.14098 -738797.261098 -6642.21784312 -6533.30333153 -15516.2257981 -25818.7899924 904921.066239 486031.269216 -743131.351327 -593310.447163 -7686.73228335 -10463.7695576 -19003.4626189 -36517.2995451 -12567.1971471 1210074.89354 -346904.48335 -776931.949036 
-5396.81485281 -5928.91809495 -92243.7744636 -481784.401746 -908318.477998 2252879.06727 -186317.262068 -572889.418044 -4181.11472733 -2492.7227998 -5156.39659147 -25676.8341105 -952569.761494 1283541.40761 131235.895184 -424700.473071 -4278.17623863 -2096.86161445 -3176.54968421 -10512.2735103 -29455.1761789 102433.44596 362346.802138 -415261.210872 
269.321141585 1121.36898515 -33868.046056 -220617.613924 -555725.14098 -186317.262068 1051920.11176 -56782.7388561 9.62401027588 2330.12223018 3345.64183869 4437.58308373 -457232.758242 -453155.427178 702541.996937 197723.21732 357.256611678 4478.55522691 9269.65223629 23561.4454706 -13704.688048 -703517.193304 -37593.0502706 717148.022078 
7484.0840962 -2587.06494694 -54815.9113699 -296502.06506 -738797.261098 -572889.418044 -56782.7388561 1714890.37528 6887.64668733 519.619209833 -454.528836414 -17301.13328 -619915.493261 -803615.111461 334542.410853 1099336.59009 7272.90220923 2436.52456886 1137.79744907 1527.38636925 -59428.6438203 -879360.144886 11539.9376401 914874.24047 
5393.33854677 919.223507711 14.9217152714 -2401.42189691 -6642.21784312 -4181.11472733 9.62401027588 6887.64668733 5210.57705892 1126.81233632 558.777456719 519.299497577 -4869.03930825 -6238.49647167 4713.68879936 -1021.61936898 4760.09221059 1521.90878978 779.694420212 953.792227103 1520.95099558 -7835.47838083 2149.4821414 -3850.44240382 
1901.99246828 2418.63532844 2033.6873008 -178.030406214 -6533.30333153 -2492.7227998 2330.12223018 519.619209833 1126.81233632 2609.37250113 2658.6098086 2024.8298176 -3180.30167671 -5450.24658548 862.329372593 -651.405574054 1484.07463168 2580.87679331 2498.51596808 2970.78962139 3540.04767429 -9398.14213925 -843.790235808 -2832.37231369 
1059.33190764 3904.26559707 8315.93300552 4501.97887704 -15516.2257981 -5156.39659147 3345.64183869 -454.528836414 558.777456719 2658.6098086 8659.68432989 8534.44623033 -6718.60158212 -16031.6155479 1013.8420257 1324.85727875 1294.22369118 3821.77175917 7822.8622718 10375.5896264 8507.9016539 -31346.9143166 1211.73511094 -1687.16979681 
640.853315737 4037.16587804 23558.0765332 36123.0785721 -25818.7899924 -25676.8341105 4437.58308373 -17301.13328 519.299497577 2024.8298176 8534.44623033 39016.1095025 20809.9225793 -49241.6221083 -11499.8053157 -10163.1802033 1154.20515819 3660.77240066 10282.9447149 25254.6843983 37416.4619096 -55128.7751503 -6800.45810734 -15839.8353239 
-5567.23193794 611.650776234 180707.489317 949045.038603 904921.066239 -952569.761494 -457232.758242 -619915.493261 -4869.03930825 -3180.30167671 -6718.60158212 20809.9225793 2577071.84141 -1243235.40673 -824967.078226 -514911.336465 -5618.84897023 -6630.61756336 -8174.90373946 -7395.60475923 146720.321857 1301243.32163 -578821.764873 -841321.903582 
-7018.93643725 -8891.59590334 -111546.471644 -385345.134202 486031.269216 1283541.40761 -453155.427178 -803615.111461 -6238.49647167 -5450.24658548 -16031.6155479 -49241.6221083 -1243235.40673 3025556.52705 -971661.634235 -733697.505369 -7578.87127638 -8000.78062449 -14850.6758593 -31987.8660876 -72120.9703247 1122846.68539 180797.14237 -1169104.66359 
5337.72580575 -1841.42580334 -63584.4816595 -365100.769989 -743131.351327 131235.895184 702541.996937 334542.410853 4713.68879936 862.329372593 1013.8420257 -11499.8053157 -824967.078226 -971661.634235 1947853.28949 -146314.631913 5460.24651947 2465.03264736 3531.02126878 9298.09769225 -66645.8087317 -1303005.84999 695811.299945 653085.960649 
-1747.07366898 -1157.91938081 -39499.1545683 -236644.739558 -593310.447163 -424700.473071 197723.21732 1099336.59009 -1021.61936898 -651.405574054 1324.85727875 -10163.1802033 -514911.336465 -733697.505369 -146314.631913 1405434.82161 -955.121964502 581.035797573 -1889.45904502 -9469.48271862 -58938.9050337 -1017374.84705 -293503.646351 1381550.42636 
4805.33555746 1503.13649832 517.014938464 -2490.73729318 -7686.73228335 -4278.17623863 357.256611678 7272.90220923 4760.09221059 1484.07463168 1294.22369118 1154.20515819 -5618.84897023 -7578.87127638 5460.24651947 -955.121964502 5262.35679341 1995.00224865 1576.4158363 1991.36664413 2184.40653878 -10065.1981177 1277.06155146 -4221.41149499 
1880.81640048 2459.07734046 2741.66994577 -1436.01231039 -10463.7695576 -2096.86161445 4478.55522691 2436.52456886 1521.90878978 2580.87679331 3821.77175917 3660.77240066 -6630.61756336 -8000.78062449 2465.03264736 581.035797573 1995.00224865 4696.72792434 4718.67510316 5593.96223509 4987.96934556 -16635.7558518 -1865.32884287 -3491.25216213 
986.427558577 3355.91937714 6489.15330038 941.062381655 -19003.4626189 -3176.54968421 9269.65223629 1137.79744907 779.694420212 2498.51596808 7822.8622718 10282.9447149 -8174.90373946 -14850.6758593 3531.02126878 -1889.45904502 1576.4158363 4718.67510316 14399.60532 21558.1584027 13255.6811772 -41133.9757494 -5803.52229354 -8571.0377964 
1711.50962456 3481.55328485 9469.84047985 7277.83782626 -36517.2995451 -10512.2735103 23561.4454706 1527.38636925 953.792227103 2970.78962139 10375.5896264 25254.6843983 -7395.60475923 -31987.8660876 9298.09769225 -9469.48271862 1991.36664413 5593.96223509 21558.1584027 56777.4957494 40968.4770896 -85407.2046344 -21056.4663616 -20425.7891249 
1481.96264468 5515.01009681 21380.6143814 86778.1180715 -12567.1971471 -29455.1761789 -13704.688048 -59428.6438203 1520.95099558 3540.04767429 8507.9016539 37416.4619096 146720.321857 -72120.9703247 -66645.8087317 -58938.9050337 2184.40653878 4987.96934556 13255.6811772 40968.4770896 236192.007803 -116903.066085 -77196.982083 -103488.493786 
-7644.17083494 -13660.806396 44837.8404487 246836.135474 1210074.89354 102433.44596 -703517.193304 -879360.144886 -7835.47838083 -9398.14213925 -31346.9143166 -55128.7751503 1301243.32163 1122846.68539 -1303005.84999 -1017374.84705 -10065.1981177 -16635.7558518 -41133.9757494 -85407.2046344 -116903.066085 3362055.64228 -1391337.46179 -1700572.98005 
1651.85334848 1118.64001989 -23614.6767747 31454.9772485 -346904.48335 362346.802138 -37593.0502706 11539.9376401 2149.4821414 -843.790235808 1211.73511094 -6800.45810734 -578821.764873 180797.14237 695811.299945 -293503.646351 1277.06155146 -1865.32884287 -5803.52229354 -21056.4663616 -77196.982083 -1391337.46179 1960521.86635 -464539.166534 
-4873.73429929 -3772.53022145 -61821.4567199 -369361.381399 -776931.949036 -415261.210872 717148.022078 914874.24047 -3850.44240382 -2832.37231369 -1687.16979681 -15839.8353239 -841321.903582 -1169104.66359 653085.960649 1381550.42636 -4221.41149499 -3491.25216213 -8571.0377964 -20425.7891249 -103488.493786 -1700572.98005 -464539.166534 2305310.13095 
1720652.43164 -718566.520007 -709918.792601 -221061.460117 -55679.9163717 -16095.0850265 -2388.93902608 3058.28150828 1576338.42701 -629437.96722 -660340.78561 -217583.019408 -54228.6354277 -15297.9435274 -55.5871310697 605.511313013 1014816.83692 -704968.246323 -263762.905034 -44607.1673476 -4159.86837359 533.417937479 2131.37261804 16.5596066505 
-718566.520007 980043.525299 -92903.5173692 -107402.109014 -36337.4702036 -14285.2564793 -4738.24434859 -5810.40787776 -611310.531855 875620.079591 -107994.491578 -102579.417979 -34203.8457051 -11990.5950494 -5905.81732634 -1635.38009765 -200431.79644 298247.675687 -29448.4868824 -35794.9054134 -18715.9809218 -7495.08594457 -5552.73141022 -808.688674787 
-709918.792601 -92903.5173692 594233.67715 170561.552362 32831.3173218 6762.1481491 543.235469954 -2109.62048275 -685015.834219 -62221.8765788 538760.279652 168456.443579 33641.0603642 7425.89844719 -701.855705191 -344.115539161 -565083.305541 354426.881694 178868.532628 30996.1622204 3571.95580796 -751.189774179 -1930.5607163 -98.4763190189 
-221061.460117 -107402.109014 170561.552362 113680.830572 32904.0096529 9541.00951606 1985.54773953 -209.380712598 -215094.992547 -117762.76949 185228.318023 107527.547311 30566.3122046 8509.64422836 879.961846498 145.978423977 -176365.907641 56922.6902174 81586.64014 28130.7394165 7731.5682153 1858.61977081 -39.8658312057 175.51571242 
-55679.9163717 -36337.4702036 32831.3173218 32904.0096529 17221.2759467 7046.09907793 1789.0695604 225.615015551 -52475.5604191 -40460.8981472 37606.6744352 33129.5564916 15385.8115576 5754.29026249 902.606276599 157.519542733 -48727.1927063 3202.7436478 23603.9093651 13072.9706917 5947.81065916 2273.09739205 473.832643597 152.828306856 
-16095.0850265 -14285.2564793 6762.1481491 9541.00951606 7046.09907793 5256.12809776 1508.70805242 266.24861254 -14118.2600895 -15012.1782712 7853.96470227 9515.71091861 6958.71567707 3869.66470409 775.265563229 157.116795491 -18143.1242166 -2638.70075714 7822.72692886 6236.20368837 3933.60592503 2069.91173348 560.454054908 158.922643131 
-2388.93902608 -4738.24434859 543.235469954 1985.54773953 1789.0695604 1508.70805242 974.488714705 326.133837665 -1730.48276279 -4846.33527869 873.172840667 1892.29468917 1715.97660116 1415.56547577 515.061288869 164.747145844 -5134.04052787 -1454.02596832 1808.49456925 1753.68403341 1381.40188533 1111.73838495 380.556936461 152.190686786 
3058.28150828 -5810.40787776 -2109.62048275 -209.380712598 225.615015551 266.24861254 326.133837665 4253.13009907 3407.23488123 -5878.05460461 -1987.13246388 -359.115603006 164.60472819 313.47545892 3590.3651874 748.62241575 -931.469843803 -3739.01819741 -478.911714666 212.312710644 309.506802578 399.490499972 3976.94170472 251.148037963 
1576338.42701 -611310.531855 -685015.834219 -215094.992547 -52475.5604191 -14118.2600895 -1730.48276279 3407.23488123 1732339.14382 -749571.727656 -685537.37443 -225810.658735 -56755.4916358 -15199.3441125 42.6484135414 492.804336716 1160998.97836 -812894.938436 -291793.485261 -49659.8003474 -7669.98861453 -804.254692524 1984.72833461 -161.239340966 
-629437.96722 875620.079591 -62221.8765788 -117762.76949 -40460.8981472 -15012.1782712 -4846.33527869 -5878.05460461 -749571.727656 1113177.38458 -162487.45235 -136905.656563 -41965.9633109 -14111.0666348 -6455.5285639 -1679.98950399 -477485.740352 542701.64795 -2917.65083892 -34149.7337612 -14995.0106442 -6580.44661708 -5721.50976191 -851.555974627 
-660340.78561 -107994.491578 538760.279652 185228.318023 37606.6744352 7853.96470227 873.172840667 -1987.13246388 -685537.37443 -162487.45235 605169.620162 194722.641313 39506.2424467 9018.05960387 -233.98249073 -157.754255648 -471900.022233 238221.201793 193593.465231 37117.047388 4503.50047647 -73.140096982 -1564.10199873 102.049440111 
-217583.019408 -102579.417979 168456.443579 107527.547311 33129.5564916 9515.71091861 1892.29468917 -359.115603006 -225810.658735 -136905.656563 194722.641313 122969.356944 34686.7616818 9316.46652708 925.339384871 95.7494478629 -149326.816988 37376.9272601 73705.3200046 28297.5197093 8043.63901414 1856.77186004 -89.6645231871 136.303663431 
-54228.6354277 -34203.8457051 33641.0603642 30566.3122046 15385.8115576 6958.71567707 1715.97660116 164.60472819 -56755.4916358 -41965.9633109 39506.2424467 34686.7616818 17398.2322329 6076.21973419 898.277398029 155.721453036 -42877.5297552 466.14041946 20708.9015089 12408.3327156 6034.76246926 2637.79794808 466.42967417 155.165019699 
-15297.9435274 -11990.5950494 7425.89844719 8509.64422836 5754.29026249 3869.66470409 1415.56547577 313.47545892 -15199.3441125 -14111.0666348 9018.05960387 9316.46652708 6076.21973419 3897.31123392 830.845396417 171.508251821 -14946.7822047 -1866.84555981 5980.91683542 4813.43779533 3174.71268025 2100.9289521 579.159695645 164.471805785 
-55.5871310697 -5905.81732634 -701.855705191 879.961846498 902.606276599 775.265563229 515.061288869 3590.3651874 42.6484135414 -6455.5285639 -233.98249073 925.339384871 898.277398029 830.845396417 3366.86615108 625.534310692 -3533.39681611 -3186.39786705 541.67357558 908.8495871 695.02519891 687.271068348 3616.83717795 270.138075273 
605.511313013 -1635.38009765 -344.115539161 145.978423977 157.519542733 157.116795491 164.747145844 748.62241575 492.804336716 -1679.98950399 -157.754255648 95.7494478629 155.721453036 171.508251821 625.534310692 296.425959511 -928.690008146 -817.735559907 180.858944379 264.346913242 213.35941966 175.07157802 728.121401458 184.667311295 
1014816.83692 -200431.79644 -565083.305541 -176365.907641 -48727.1927063 -18143.1242166 -5134.04052787 -931.469843803 1160998.97836 -477485.740352 -471900.022233 -149326.816988 -42877.5297552 -14946.7822047 -3533.39681611 -928.690008146 1827222.79165 -1240025.42673 -445824.704343 -93814.2092237 -33389.6865075 -9717.29610593 -3117.89394562 -1333.57479251 
-704968.246323 298247.675687 354426.881694 56922.6902174 3202.7436478 -2638.70075714 -1454.02596832 -3739.01819741 -812894.938436 542701.64795 238221.201793 37376.9272601 466.14041946 -1866.84555981 -3186.39786705 -817.735559907 -1240025.42673 1136029.60605 123148.849146 -4878.96381423 -7382.73102525 -3164.09476326 -3465.94166816 -261.297192101 
-263762.905034 -29448.4868824 178868.532628 81586.64014 23603.9093651 7822.72692886 1808.49456925 -478.911714666 -291793.485261 -2917.65083892 193593.465231 73705.3200046 20708.9015089 5980.91683542 541.67357558 180.858944379 -445824.704343 123148.849146 260323.784355 47383.2458552 11529.7043286 2984.5736624 112.721843178 341.825153212 
-44607.1673476 -35794.9054134 30996.1622204 28130.7394165 13072.9706917 6236.20368837 1753.68403341 212.312710644 -49659.8003474 -34149.7337612 37117.047388 28297.5197093 12408.3327156 4813.43779533 908.8495871 264.346913242 -93814.2092237 -4878.96381423 47383.2458552 33036.7489172 13935.8773523 3298.80199365 708.057944089 330.440975589 
-4159.86837359 -18715.9809218 3571.95580796 7731.5682153 5947.81065916 3933.60592503 1381.40188533 309.506802578 -7669.98861453 -14995.0106442 4503.50047647 8043.63901414 6034.76246926 3174.71268025 695.02519891 213.35941966 -33389.6865075 -7382.73102525 11529.7043286 13935.8773523 11272.3866838 3115.55555126 674.477311267 244.416305529 
533.417937479 -7495.08594457 -751.189774179 1858.61977081 2273.09739205 2069.91173348 1111.73838495 399.490499972 -804.254692524 -6580.44661708 -73.140096982 1856.77186004 2637.79794808 2100.9289521 687.271068348 175.07157802 -9717.29610593 -3164.09476326 2984.5736624 3298.80199365 3115.55555126 2631.40601115 663.639710396 187.413940334 
2131.37261804 -5552.73141022 -1930.5607163 -39.8658312057 473.832643597 560.454054908 380.556936461 3976.94170472 1984.72833461 -5721.50976191 -1564.10199873 -89.6645231871 466.42967417 579.159695645 3616.83717795 728.121401458 -3117.89394562 -3465.94166816 112.721843178 708.057944089 674.477311267 663.639710396 4119.82389837 305.114906485 
16.5596066505 -808.688674787 -98.4763190189 175.51571242 152.828306856 158.922643131 152.190686786 251.148037963 -161.239340966 -851.555974627 102.049440111 136.303663431 155.165019699 164.471805785 270.138075273 184.667311295 -1333.57479251 -261.297192101 341.825153212 330.440975589 244.416305529 187.413940334 305.114906485 185.660703466 
144125.858589 96123.5320241 -109484.216326 -113169.40337 -19860.3593893 -1023.74173261 2770.93161559 517.398589243 42246.9342937 41383.5106662 56877.6925466 -105948.800573 -40033.0852577 2089.57090814 1224.10830883 2160.06910732 34082.6149051 13151.2393855 -51918.3854852 18092.3706123 -47595.9239869 17039.3389907 13242.7719726 3905.9736058 
96123.5320241 637337.299619 -163414.214418 -410617.906495 -98069.5089465 -37230.1844765 -14867.6761672 -9261.34113968 14791.8430959 165443.632219 361519.886827 -317871.521384 -202055.704015 -16332.6932014 -3104.40820871 -2391.03533373 23973.996325 29709.3025262 66663.6936611 107263.76496 -207643.80518 -26353.444769 9041.5942606 -2655.10178345 
-109484.216326 -163414.214418 1173867.03813 -406024.228729 -256425.811641 -146708.079786 -62945.1512492 -28865.3359782 -40710.1154156 -76198.8967391 252419.702319 352975.539742 -349632.042902 -92446.052289 -32121.4697542 -14286.6649613 -55560.4082816 -65907.1966929 150594.025059 60713.2261421 -21065.2115502 -27170.3768346 -23166.8396098 -18437.2182326 
-113169.40337 -410617.906495 -406024.228729 1072242.44248 7620.15588966 -80508.4175183 -44633.9329521 -24908.709309 -38607.3459488 -144418.265329 -387532.865738 283679.669614 385660.394249 -58888.3567002 -24988.6579997 -14904.5721475 -48921.5432755 -61178.671761 -122879.861059 -105625.009937 378877.961351 8686.62500327 -31485.9069671 -17473.5933544 
-19860.3593893 -98069.5089465 -256425.811641 7620.15588966 264158.897315 86134.7561693 15928.7293716 513.141231001 2594.09767229 -11945.1426416 -148386.001774 -65675.2089012 160148.141335 51586.0513321 12524.3339749 -846.27099701 20522.1877601 27104.9763567 -29168.8462156 -3936.50486016 -31324.5460926 7466.69878981 7669.40553134 1666.62873044 
-1023.74173261 -37230.1844765 -146708.079786 -80508.4175183 86134.7561693 135347.990619 37546.0254887 6441.65123649 10309.1291052 13419.0315236 -83751.9326278 -85966.9166047 53452.8969188 72199.8236256 17713.574114 2624.39394536 15343.9802684 22413.4667266 -4721.14787687 -34144.1938789 -24028.4607242 9896.38611418 11115.4828821 4124.48648879 
2770.93161559 -14867.6761672 -62945.1512492 -44633.9329521 15928.7293716 37546.0254887 49258.7815648 16942.2923278 5627.33425882 7885.73061366 -37864.2992136 -37597.0995669 522.936771429 32618.9858507 19767.5499925 9038.86129339 6111.76437795 18384.9720484 -565.977615743 -24295.9797131 -28720.1054209 8601.06894603 9241.01658674 11243.2407907 
517.398589243 -9261.34113968 -28865.3359782 -24908.709309 513.141231001 6441.65123649 16942.2923278 38620.9030423 3748.12293858 4430.39968671 -13282.1823398 -23595.6623268 -8063.53709849 9172.67047399 8984.96957243 18605.2190934 4447.4079206 16321.9114105 -8003.50046833 -18067.6733244 -18499.908396 1833.70375958 4342.47534338 17625.5837547 
42246.9342937 14791.8430959 -40710.1154156 -38607.3459488 2594.09767229 10309.1291052 5627.33425882 3748.12293858 47581.1400501 38287.5034214 -29237.7410971 -56528.545984 -11720.8256758 5532.50669572 2683.73909721 3402.22349252 47850.4675625 33708.6722498 -22991.7827656 -43795.0161237 -26744.8634537 5010.52389103 3892.49555201 3069.50308763 
41383.5106662 165443.632219 -76198.8967391 -144418.265329 -11945.1426416 13419.0315236 7885.73061366 4430.39968671 38287.5034214 262738.365907 37774.712145 -251723.619898 -105748.39898 10071.6165634 5103.72214067 3496.09870015 67523.4882819 177881.379272 98672.9792776 -176419.023498 -168565.546003 -11711.6917211 8721.49836843 3896.91602172 
56877.6925466 361519.886827 252419.702319 -387532.865738 -148386.001774 -83751.9326278 -37864.2992136 -13282.1823398 -29237.7410971 37774.712145 1031904.62205 -420617.907381 -508223.286438 -79945.3783789 -22752.104195 -8902.91670909 -17555.76119 60729.8608747 553837.010883 193663.06105 -605396.790222 -148974.724304 -24846.7954339 -11455.8616576 
-105948.800573 -317871.521384 352975.539742 283679.669614 -65675.2089012 -85966.9166047 -37597.0995669 -23595.6623268 -56528.545984 -251723.619898 -420617.907381 1178738.35795 -283190.784824 -107272.938566 -36888.0673695 -22516.4939308 -93821.4578504 -184845.004501 -202703.073983 330671.278329 270604.773515 -46541.5745559 -45674.6028306 -27690.3381225 
-40033.0852577 -202055.704015 -349632.042902 385660.394249 160148.141335 53452.8969188 522.936771429 -8063.53709849 -11720.8256758 -105748.39898 -508223.286438 -283190.784824 873852.752282 47186.0612303 -2525.63939494 -9629.87820043 -28958.1570174 -112441.681462 -365824.98814 -210454.604594 567461.030588 152462.752117 8081.63403586 -10325.9855271 
2089.57090814 -16332.6932014 -92446.052289 -58888.3567002 51586.0513321 72199.8236256 32618.9858507 9172.67047399 5532.50669572 10071.6165634 -79945.3783789 -107272.938566 47186.0612303 99707.7827096 21203.7000378 3516.64970848 16759.2445301 16032.9478121 -35454.3126204 -59603.8328463 -6359.96586118 37154.0862589 25918.1370118 5553.695715 
1224.10830883 -3104.40820871 -32121.4697542 -24988.6579997 12524.3339749 17713.574114 19767.5499925 8984.96957243 2683.73909721 5103.72214067 -22752.104195 -36888.0673695 -2525.63939494 21203.7000378 25538.5602408 7636.089443 5771.69560927 5023.9682426 -14014.432757 -19246.7948931 -18051.7428552 10235.2926553 17352.6969927 12929.3170055 
2160.06910732 -2391.03533373 -14286.6649613 -14904.5721475 -846.27099701 2624.39394536 9038.86129339 18605.2190934 3402.22349252 3496.09870015 -8902.91670909 -22516.4939308 -9629.87820043 3516.64970848 7636.089443 22998.2274962 2430.48007401 3909.85751122 -11521.3998943 -14815.0674232 -12946.8957079 2365.33565908 6554.93630376 24022.7534774 
34082.6149051 23973.996325 -55560.4082816 -48921.5432755 20522.1877601 15343.9802684 6111.76437795 4447.4079206 47850.4675625 67523.4882819 -17555.76119 -93821.4578504 -28958.1570174 16759.2445301 5771.69560927 2430.48007401 192977.970075 141650.358825 -62923.2230214 -147262.766323 -107973.771784 -15587.8841754 -969.802117735 89.1185219494 
13151.2393855 29709.3025262 -65907.1966929 -61178.671761 27104.9763567 22413.4667266 18384.9720484 16321.9114105 33708.6722498 177881.379272 60729.8608747 -184845.004501 -112441.681462 16032.9478121 5023.9682426 3909.85751122 141650.358825 454111.248136 67596.677993 -335977.86754 -280680.716636 -44983.9092048 -2360.12310075 644.33152759 
-51918.3854852 66663.6936611 150594.025059 -122879.861059 -29168.8462156 -4721.14787687 -565.977615743 -8003.50046833 -22991.7827656 98672.9792776 553837.010883 -202703.073983 -365824.98814 -35454.3126204 -14014.432757 -11521.3998943 -62923.2230214 67596.677993 952331.145932 -139358.628161 -619466.651953 -150918.284283 -32171.3745399 -15089.6619673 
18092.3706123 107263.76496 60713.2261421 -105625.009937 -3936.50486016 -34144.1938789 -24295.9797131 -18067.6733244 -43795.0161237 -176419.023498 193663.06105 330671.278329 -210454.604594 -59603.8328463 -19246.7948931 -14815.0674232 -147262.766323 -335977.86754 -139358.628161 1222296.07122 -388085.507684 -145448.334324 -46597.8380564 -19565.1291316 
-47595.9239869 -207643.80518 -21065.2115502 378877.961351 -31324.5460926 -24028.4607242 -28720.1054209 -18499.908396 -26744.8634537 -168565.546003 -605396.790222 270604.773515 567461.030588 -6359.96586118 -18051.7428552 -12946.8957079 -107973.771784 -280680.716636 -619466.651953 -388085.507684 1391112.04909 40142.4184286 -19768.9268799 -15278.892577 
17039.3389907 -26353.444769 -27170.3768346 8686.62500327 7466.69878981 9896.38611418 8601.06894603 1833.70375958 5010.52389103 -11711.6917211 -148974.724304 -46541.5745559 152462.752117 37154.0862589 10235.2926553 2365.33565908 -15587.8841754 -44983.9092048 -150918.284283 -145448.334324 40142.4184286 280845.137115 30411.1667535 5539.68969018 
13242.7719726 9041.5942606 -23166.8396098 -31485.9069671 7669.40553134 11115.4828821 9241.01658674 4342.47534338 3892.49555201 8721.49836843 -24846.7954339 -45674.6028306 8081.63403586 25918.1370118 17352.6969927 6554.93630376 -969.802117735 -2360.12310075 -32171.3745399 -46597.8380564 -19768.9268799 30411.1667535 59254.1603732 12202.7375682 
3905.9736058 -2655.10178345 -18437.2182326 -17473.5933544 1666.62873044 4124.48648879 11243.2407907 17625.5837547 3069.50308763 3896.91602172 -11455.8616576 -27690.3381225 -10325.9855271 5553.695715 12929.3170055 24022.7534774 89.1185219494 644.33152759 -15089.6619673 -19565.1291316 -15278.892577 5539.68969018 12202.7375682 31457.806368 
5808.42391652 5799.65938726 3315.4687023 -7378.60144974 -10552.7125717 -664.990946931 2740.5235409 932.229421437 5493.92518225 5000.68647828 3137.74269162 -6174.08108454 -11302.2299823 96.3875783939 3250.70833282 496.860803438 7196.25957502 4493.25842134 156.031352898 -8854.10962568 1112.15633132 -7073.52769368 1900.01071879 1069.92091999 
5799.65938726 29126.8974548 25328.2802854 -19122.6746075 -36528.914109 -10376.6210917 2843.48580095 2929.88687974 5507.92658838 23502.271138 22988.6867808 -9764.1120498 -50564.8756794 -2090.07223946 8265.23495324 2154.94050825 11270.0308795 24327.5833808 13009.4140239 -23639.1682455 -10397.1548813 -23631.734393 5712.25818922 3348.77104639 
3315.4687023 25328.2802854 392431.821912 3789.88725723 -262622.206383 -137657.556373 -22458.3353455 -2127.36005482 1966.96246677 16859.6903118 89746.7100821 37180.3471798 -41808.0578885 -102027.847481 -1280.66928766 -637.135383348 5588.65801504 34877.7154579 31169.9854395 -109846.286452 -109601.30344 46936.2017096 100351.254949 523.774321298 
-7378.60144974 -19122.6746075 3789.88725723 1393823.56573 -593318.709988 -608399.652179 -140433.595837 -28960.2189278 -9477.15536439 -21305.8893549 45125.5429242 538606.306698 -9284.14488631 -447918.266307 -77710.1681755 -18036.2255349 -14695.8907101 42470.4265942 148099.227561 -118866.096051 -342924.156699 295744.47163 857.854891421 -10685.8372151 
-10552.7125717 -36528.914109 -262622.206383 -593318.709988 1392550.32225 -344331.450026 -115568.202313 -29628.1268566 -9436.66228957 -28038.0113883 -99239.3871377 76673.608495 476969.009752 -328640.128671 -67192.8101687 -21095.6185917 -13832.3382569 -40858.7331313 92938.4195725 465251.133609 49029.6665228 -397578.77618 -135188.307119 -19761.0650163 
-664.990946931 -10376.6210917 -137657.556373 -608399.652179 -344331.450026 958997.580399 134306.754225 8125.93599374 -567.095355095 -4485.6510568 -61720.7310719 -495406.527588 -211407.127149 724017.106258 44668.9848836 4901.04107941 -3773.62882133 -60730.7741691 -230185.587694 -146644.257473 374655.035381 79468.9473538 -15368.8847597 2579.15018166 
2740.5235409 2843.48580095 -22458.3353455 -140433.595837 -115568.202313 134306.754225 116520.860322 22048.5096065 4609.40070678 4705.59390207 -4137.33228527 -117050.957135 -116987.581541 146696.443466 68801.8783764 13362.5545094 5598.29477131 -7056.54958084 -47146.3451259 -38769.0354535 33109.1313895 15324.4708563 29601.7016527 9338.33149044 
932.229421437 2929.88687974 -2127.36005482 -28960.2189278 -29628.1268566 8125.93599374 22048.5096065 26679.1439378 1902.69806486 3761.30996983 4098.76801634 -24064.5845158 -35614.9926257 9866.37739527 21196.8410858 18853.5826094 2648.61454744 2477.07302707 -8041.14512979 -18632.180308 5016.6253957 -9190.05328211 12134.1114782 13586.9542716 
5493.92518225 5507.92658838 1966.96246677 -9477.15536439 -9436.66228957 -567.095355095 4609.40070678 1902.69806486 6649.26211697 5753.54587043 3794.35684111 -4490.03022538 -14649.0207093 -1896.08840632 3967.59907131 870.375441141 8399.64481792 4765.25269432 1444.54740823 -8786.20499018 -503.618517588 -7361.76370142 1359.66797287 682.474315852 
5000.68647828 23502.271138 16859.6903118 -21305.8893549 -28038.0113883 -4485.6510568 4705.59390207 3761.30996983 5753.54587043 25829.7812427 23940.0877102 -5967.71156917 -53555.0930117 -4536.23601445 6764.91923801 1770.70653398 11249.3175989 22803.2619359 12344.9856151 -21037.1532086 -7443.85737539 -23201.8526225 3409.11512949 1876.18292706 
3137.74269162 22988.6867808 89746.7100821 45125.5429242 -99239.3871377 -61720.7310719 -4137.33228527 4098.76801634 3794.35684111 23940.0877102 128375.363228 104329.591041 -209200.716295 -56289.3435263 2961.37806914 2089.28293126 7883.18955859 50265.2978967 121773.450746 -16982.9128702 -47465.0620698 -108492.465927 -8791.44387414 1809.94653963 
-6174.08108454 -9764.1120498 37180.3471798 538606.306698 76673.608495 -495406.527588 -117050.957135 -24064.5845158 -4490.03022538 -5967.71156917 104329.591041 1239627.1263 -782384.637215 -459727.579867 -73744.1488854 -17642.6095813 -3837.12553436 123615.611515 570562.699138 361052.968451 -312991.13798 -606290.696975 -116709.735584 -15402.5830302 
-11302.2299823 -50564.8756794 -41808.0578885 -9284.14488631 476969.009752 -211407.127149 -116987.581541 -35614.9926257 -14649.0207093 -53555.0930117 -209200.716295 -782384.637215 1495006.80534 -316838.172559 -91443.8843652 -26935.2811874 -27049.8321398 -153788.827681 -476624.171172 -56874.1215174 88158.9412414 600238.316377 47694.183573 -21754.4886815 
96.3875783939 -2090.07223946 -102027.847481 -447918.266307 -328640.128671 724017.106258 146696.443466 9866.37739527 -1896.08840632 -4536.23601445 -56289.3435263 -459727.579867 -316838.172559 766750.162994 65750.8341166 6786.42326289 -4761.13214041 -50638.523721 -198170.138257 -188391.308016 261223.48089 145097.08069 29210.2427408 6430.29781332 
3250.70833282 8265.23495324 -1280.66928766 -77710.1681755 -67192.8101687 44668.9848836 68801.8783764 21196.8410858 3967.59907131 6764.91923801 2961.37806914 -73744.1488854 -91443.8843652 65750.8341166 70687.3196495 15055.9831061 6661.26472076 2053.1704951 -24459.9709496 -54596.1021072 14509.2025119 8642.63617609 35406.7945628 11783.0045901 
496.860803438 2154.94050825 -637.135383348 -18036.2255349 -21095.6185917 4901.04107941 13362.5545094 18853.5826094 870.375441141 1770.70653398 2089.28293126 -17642.6095813 -26935.2811874 6786.42326289 15055.9831061 18005.1194933 1454.6731184 924.756864604 -6871.40252829 -14385.1657416 4512.05129911 -8631.25401729 8421.17547942 14575.1655256 
7196.25957502 11270.0308795 5588.65801504 -14695.8907101 -13832.3382569 -3773.62882133 5598.29477131 2648.61454744 8399.64481792 11249.3175989 7883.18955859 -3837.12553436 -27049.8321398 -4761.13214041 6661.26472076 1454.6731184 14315.45439 14763.6785063 11948.3745271 -16002.4719337 -7909.02548492 -19200.8309198 876.554197259 1208.26671777 
4493.25842134 24327.5833808 34877.7154579 42470.4265942 -40858.7331313 -60730.7741691 -7056.54958084 2477.07302707 4765.25269432 22803.2619359 50265.2978967 123615.611515 -153788.827681 -50638.523721 2053.1704951 924.756864604 14763.6785063 132930.470332 190990.914672 -100428.224951 -98976.5252447 -125806.164718 -13300.2459587 -173.902637144 
156.031352898 13009.4140239 31169.9854395 148099.227561 92938.4195725 -230185.587694 -47146.3451259 -8041.14512979 1444.54740823 12344.9856151 121773.450746 570562.699138 -476624.171172 -198170.138257 -24459.9709496 -6871.40252829 11948.3745271 190990.914672 810501.171517 -101521.489407 -368127.930381 -461275.029466 -72613.4816522 -9902.529811 
-8854.10962568 -23639.1682455 -109846.286452 -118866.096051 465251.133609 -146644.257473 -38769.0354535 -18632.180308 -8786.20499018 -21037.1532086 -16982.9128702 361052.968451 -56874.1215174 -188391.308016 -54596.1021072 -14385.1657416 -16002.4719337 -100428.224951 -101521.489407 1308015.91501 -181472.057269 -757430.114354 -133441.795354 -17719.7617406 
1112.15633132 -10397.1548813 -109601.30344 -342924.156699 49029.6665228 374655.035381 33109.1313895 5016.6253957 -503.618517588 -7443.85737539 -47465.0620698 -312991.13798 88158.9412414 261223.48089 14509.2025119 4512.05129911 -7909.02548492 -98976.5252447 -368127.930381 -181472.057269 895162.461871 -193742.860434 -47965.6048144 3031.54175663 
-7073.52769368 -23631.734393 46936.2017096 295744.47163 -397578.77618 79468.9473538 15324.4708563 -9190.05328211 -7361.76370142 -23201.8526225 -108492.465927 -606290.696975 600238.316377 145097.08069 8642.63617609 -8631.25401729 -19200.8309198 -125806.164718 -461275.029466 -757430.114354 -193742.860434 1570442.0381 -6442.43142939 -6544.60677836 
1900.01071879 5712.25818922 100351.254949 857.854891421 -135188.307119 -15368.8847597 29601.7016527 12134.1114782 1359.66797287 3409.11512949 -8791.44387414 -116709.735584 47694.183573 29210.2427408 35406.7945628 8421.17547942 876.554197259 -13300.2459587 -72613.4816522 -133441.795354 -47965.6048144 -6442.43142939 260942.682993 11944.3220185 
1069.92091999 3348.77104639 523.774321298 -10685.8372151 -19761.0650163 2579.15018166 9338.33149044 13586.9542716 682.474315852 1876.18292706 1809.94653963 -15402.5830302 -21754.4886815 6430.29781332 11783.0045901 14575.1655256 1208.26671777 -173.902637144 -9902.529811 -17719.7617406 3031.54175663 -6544.60677836 11944.3220185 18156.6704742 
7755.09947942 8865.37440071 4056.8349147 301.175310493 -5840.81314959 -4324.66671557 -15140.0038126 4326.99957242 7659.62412393 7560.12302334 3351.59964414 1694.05766244 624.468921249 -5002.0277802 -14006.2153477 -1881.63024722 7203.88315804 8185.14140293 3054.7445644 592.248615589 -2335.27422208 -4941.2062348 3966.39734813 -15725.9346322 
8865.37440071 28501.9759131 17782.2524939 4633.97258451 -12989.0210902 -11241.8914641 -31405.3968321 -4147.26600576 8830.31590418 22964.9495685 12982.2337994 7952.31175052 4234.26060712 -3613.62508775 -39939.3873571 -13411.0591848 8747.35421781 24622.0569113 12117.7434168 4327.9171067 -3235.30219615 -9331.58209562 6523.76245816 -43771.949819 
4056.8349147 17782.2524939 27068.5846132 14496.4310352 -15127.1862033 -11902.6876822 -33627.0287979 -2747.2003736 3970.57544882 12853.3074455 19876.5699435 18777.3488151 12724.4343632 2081.91760985 -50520.5686657 -19763.5849604 5282.82232884 15808.0188599 19149.5812071 13810.7577272 4171.73894475 -2881.95146928 9363.77375341 -64704.7413519 
301.175310493 4633.97258451 14496.4310352 358509.972463 -797.23234229 -84866.7899234 -160765.633331 -131511.895797 5.42808270682 2948.5881694 12431.4455165 19731.949783 30706.3173813 339104.856215 -220609.932348 -184318.6528 657.348691954 4817.12313975 12902.8094137 10920.1399284 -6990.30814906 -24941.9749407 34627.3447158 -31992.4827999 
-5840.81314959 -12989.0210902 -15127.1862033 -797.23234229 1243067.26039 -134277.189939 -579000.756026 -495035.061638 -6422.09225816 -11730.0875696 -13136.518755 -14744.7475688 -19501.1237765 226491.413337 506240.768297 -667197.611707 -7775.03157538 -13696.8051061 -15852.6800776 -26994.4749504 -77152.2781981 -101383.90986 -196258.136308 439113.316076 
-4324.66671557 -11241.8914641 -11902.6876822 -84866.7899234 -134277.189939 1184189.2699 -350891.822634 -586684.221543 -4754.14628774 -9428.21946935 -12111.8804958 -5482.01143707 3643.99751174 -16898.0301367 593547.987599 -548517.697284 -7075.10508736 -9377.93431986 -12449.0471633 1455.81857453 19795.358401 30757.4054147 -54331.8764741 31225.3806544 
-15140.0038126 -31405.3968321 -33627.0287979 -160765.633331 -579000.756026 -350891.822634 1818577.58925 -647746.947812 -14129.9778507 -25603.5870547 -28072.7691032 -25351.9138365 -17999.1744834 -197278.366852 174842.415321 133593.37386 -14124.262178 -29661.5057355 -23016.1386694 2608.52390686 82344.6474398 171229.835355 121577.749319 -310958.849438 
4326.99957242 -4147.26600576 -2747.2003736 -131511.895797 -495035.061638 -586684.221543 -647746.947812 1863545.5936 4840.27283699 434.92588686 4679.31945041 -2576.9951688 -14433.1805248 -344886.137305 -949555.067499 1301496.86232 7082.99044412 -696.095152399 4092.98730825 -6720.93090881 -16598.5820201 -58506.6161692 74530.9851876 -3184.73868942 
7659.62412393 8830.31590418 3970.57544882 5.42808270682 -6422.09225816 -4754.14628774 -14129.9778507 4840.27283699 8673.44443957 8866.05308811 3979.62219759 2008.82573572 907.857929049 -6565.80212619 -14666.5884087 -3203.41285519 8296.25925343 9285.53917591 3567.15060938 1158.41251907 -1692.71169944 -3356.49161086 4521.68403416 -21779.8422817 
7560.12302334 22964.9495685 12853.3074455 2948.5881694 -11730.0875696 -9428.21946935 -25603.5870547 434.92588686 8866.05308811 24238.1300078 12571.3914883 6983.7521915 4876.11216777 -10321.4659245 -36539.3175989 -10674.6554201 8755.65067683 24517.6908044 11836.0340409 5022.96341104 -1390.8902776 -5561.3701083 5069.4908052 -48249.5693525 
