64 1 3
1.0 
1.0 
1.0 
5.42 0.2 1.1 0.52 2.92 0.04 1.96 4.2 9.22 0.26 2.6 0.1 7.62 1.22 0.68 0.1 2.26 0.4 1.38 1.96 3.88 6.26 3.72 2.34 0.18 7.02 5.6 2.6 0.28 1.98 4.74 2.08 2.4 2.64 0.14 3.84 0.04 1.58 7.88 0.0 0.04 4.46 1.92 0.02 1.2 1.66 3.28 1.02 6.58 0.0 3.88 0.88 0.08 6.04 0.84 0.04 6.22 0.06 8.72 1.24 5.1 5.58 3.86 2.76 
2.46 6.6 6.66 4.86 0.04 0.52 11.62 15.8 4.74 3.16 3.84 0.22 2.08 8.38 1.86 0.88 6.86 0.66 4.94 0.88 11.9 3.56 3.88 14.3 7.58 2.84 7.66 5.16 1.96 7.4 4.54 8.26 0.56 3.34 0.24 1.2 0.0 5.26 3.64 0.14 0.0 7.78 13.8 2.7 0.12 1.6 7.4 3.28 2.86 0.0 2.1 2.26 1.3 0.5 4.86 0.0 18.76 2.44 2.54 5.68 0.62 7.56 7.24 8.18 
0.1 6.06 4.28 3.1 0.5 6.48 3.5 5.32 4.86 5.32 0.06 4.46 1.0 4.26 9.66 6.18 9.5 10.64 0.14 2.18 3.9 4.76 4.14 9.14 7.98 0.0 0.0 2.56 9.58 0.06 5.44 9.88 0.2 4.02 6.94 3.0 1.0 4.42 1.42 2.74 6.4 0.6 7.88 6.68 3.96 0.0 2.7 2.84 2.44 5.22 0.54 2.96 4.82 0.04 0.0 6.02 6.42 0.0 2.56 0.08 0.04 3.04 2.24 4.3 
487.6836 -0.544 50.318 51.0416 28.6536 0.1432 -1.8632 -7.744 -11.2724 23.6708 1.108 -0.242 380.0996 -3.7924 1.5544 -0.182 25.4708 -2.048 2.7004 93.3968 152.9904 574.9708 418.6376 59.8372 1.6244 967.9516 451.728 106.208 3.6624 189.3484 444.8092 31.0064 -8.708 212.3712 0.6412 460.6672 -0.2168 46.2564 1041.1104 0.0 -0.1568 -18.3332 68.2136 -0.0484 -5.804 3.3028 200.3624 -4.2284 710.1964 0.0 -12.1496 -0.5896 -0.4336 805.7032 2.8472 -0.0968 138.2676 0.1148 31.2376 3.8192 137.818 365.6764 453.9788 34.8608 
-0.544 1.68 -0.22 -0.104 -0.384 0.012 -0.352 2.52 -0.844 -0.052 -0.5 0.24 -1.044 0.996 1.064 0.04 -0.052 -0.06 -0.236 0.008 0.404 -1.232 -0.684 1.592 -0.036 -1.384 -0.82 -0.2 -0.056 -0.316 -0.728 -0.356 -0.48 -0.488 -0.028 -0.688 0.112 -0.316 -1.576 0.0 0.152 1.448 1.636 0.096 -0.24 -0.152 -0.116 -0.144 -0.956 0.0 -0.416 -0.156 -0.016 -0.968 0.072 0.192 1.056 0.028 -0.444 -0.148 1.24 -0.576 -0.012 -0.412 
50.318 -0.22 11.69 6.528 -2.472 0.016 0.504 1.42 2.778 2.914 8.66 -0.11 33.018 0.458 -0.328 -0.05 2.834 -0.24 9.242 11.224 20.792 67.714 44.788 7.626 0.242 103.118 61.18 12.34 1.932 21.082 47.286 2.552 -1.84 22.036 -0.014 49.276 -0.044 8.542 112.052 0.0 -0.044 -1.526 7.168 -0.022 3.1 3.674 26.012 6.318 75.162 0.0 -0.048 1.792 -0.088 86.816 0.076 -0.044 15.538 -0.046 10.208 3.936 17.49 38.362 49.274 1.784 
51.0416 -0.104 6.528 6.8896 1.4616 -0.0208 0.2408 -1.164 0.9056 2.7648 0.488 -0.052 38.3376 -0.1144 -0.3336 -0.052 2.8648 -0.168 1.1624 10.3008 17.4824 64.3848 45.8856 6.3232 0.1264 106.1696 52.648 11.808 0.7544 21.0504 48.8152 3.4584 -0.828 23.2272 -0.0728 50.6832 -0.0208 5.3984 114.9024 0.0 -0.0208 -1.7592 7.1416 -0.0104 0.256 0.5968 22.5544 0.9496 77.8184 0.0 -0.9376 0.4224 -0.0416 88.0792 -0.3568 -0.0208 14.8456 -0.0312 6.6656 0.2752 12.888 39.6784 49.1928 2.2448 
28.6536 -0.384 -2.472 1.4616 259.9936 0.0832 42.0968 1.576 13.7376 -0.4392 -7.392 -0.292 366.3496 -1.1024 0.3144 -0.292 -2.5192 -1.168 -3.5896 -2.4032 44.7304 -5.1192 -5.2424 7.8472 15.5744 -5.9984 -9.472 28.348 6.1224 -2.7016 -4.9208 -1.9936 15.512 2.3512 -0.4088 -4.6528 -0.1168 62.6064 -7.1896 0.0 -0.1168 -12.4232 59.6736 -0.0584 -1.764 -4.4272 29.0824 -2.5784 -9.6936 0.0 -10.2096 18.2504 -0.2136 -6.9168 -2.4528 -0.1168 88.8976 -0.1752 -23.6224 -3.6208 -10.872 154.8064 -5.0712 156.4008 
0.1432 0.012 0.016 -0.0208 0.0832 1.0384 -0.0184 0.332 -0.2488 -0.0104 0.496 -0.004 -0.0648 0.1912 -0.0272 -0.004 -0.0504 -0.016 0.1448 -0.0784 -0.0552 -0.2504 -0.0888 0.1464 -0.0072 -0.2808 0.136 -0.084 -0.0112 -0.0792 -0.1896 -0.0432 -0.096 -0.0456 -0.0056 -0.1136 -0.0016 -0.0632 -0.3152 0.0 -0.0016 -0.0384 -0.0768 -0.0008 -0.048 -0.0664 0.0488 -0.0408 -0.2632 0.0 -0.0152 0.0248 -0.0032 -0.0416 -0.0336 -0.0016 -0.0688 -0.0024 -0.2488 0.0904 0.296 -0.0632 0.3456 -0.0104 
-1.8632 -0.352 0.504 0.2408 42.0968 -0.0184 50.4784 -2.152 22.5888 0.2904 2.584 -0.196 52.8048 0.9488 -0.5328 -0.196 33.2104 0.656 0.6552 15.7784 10.2952 50.6504 -4.5312 0.3536 2.4272 5.6208 2.164 6.484 2.0912 3.4392 26.5296 30.8632 99.056 -0.4544 -0.1344 -4.2864 -0.0784 9.3432 11.0552 0.0 -0.0784 5.1584 7.7568 -0.0392 17.008 0.6064 5.8112 -0.1192 -7.4368 0.0 4.8152 4.6952 0.1032 -10.6384 -0.9664 -0.0784 14.3688 -0.0976 19.5888 0.1896 1.604 22.0032 -5.1656 25.0104 
-7.744 2.52 1.42 -1.164 1.576 0.332 -2.152 42.68 153.696 -1.092 35.48 0.54 4.056 13.996 10.744 0.12 4.848 9.22 9.804 0.548 10.104 -11.432 3.816 17.152 0.304 -28.564 -1.56 27.64 0.024 -6.056 0.912 3.484 -9.48 15.032 1.512 0.032 -0.168 3.804 -30.756 0.0 0.432 94.148 11.456 0.516 2.24 3.228 7.044 7.936 11.564 0.0 60.804 8.904 1.444 -18.508 7.392 1.032 45.556 0.408 136.356 8.612 8.48 11.724 -2.832 6.288 
-11.2724 -0.844 2.778 0.9056 13.7376 -0.2488 22.5888 153.696 1845.0116 0.8628 298.448 0.878 136.9636 92.4516 -5.9296 1.818 88.2228 106.712 41.0764 -10.8512 67.5464 19.2628 166.3816 45.7852 1.4804 -15.0644 9.428 338.348 3.9784 1.8844 167.1972 87.8024 -16.588 243.7592 -1.2908 149.8352 -0.3688 15.8124 12.2064 0.0 -0.3688 943.6188 3.4176 -0.1844 -9.604 -0.1452 51.2184 -4.2244 356.7324 0.0 708.9264 92.8264 17.5224 -2.7488 3.8152 -0.3688 383.5516 1.2468 1682.9416 2.5872 65.198 204.3324 -11.6292 70.1728 
23.6708 -0.052 2.914 2.7648 -0.4392 -0.0104 0.2904 -1.092 0.8628 2.4724 -0.556 -0.026 16.1588 0.0428 -0.1768 -0.026 1.1724 -0.104 -0.3588 4.6104 7.7712 29.4124 21.4328 2.9916 -0.0468 49.8748 24.904 5.264 0.3872 10.2252 22.7676 1.6192 -0.324 10.8736 -0.0364 23.8816 -0.0104 1.8492 54.4912 0.0 -0.0104 -1.1596 2.9808 -0.0052 -0.312 0.4684 10.1872 -0.2652 36.4292 0.0 -0.4088 0.1912 -0.0208 41.2696 -0.2184 -0.0104 6.2228 -0.0156 4.5128 -0.0824 6.874 17.9692 22.9964 0.4624 
1.108 -0.5 8.66 0.488 -7.392 0.496 2.584 35.48 298.448 -0.556 98.4 -0.26 9.928 15.028 -1.768 -0.26 15.324 16.96 45.012 -5.096 18.272 1.044 25.368 13.476 1.252 -14.692 -3.24 59.4 3.772 -4.668 21.976 12.492 -6.04 37.176 -0.364 17.936 -0.104 5.752 -15.808 0.0 -0.104 164.384 -1.472 -0.052 -3.12 -3.636 12.232 -2.652 48.092 0.0 111.992 15.592 2.792 -2.944 -0.464 -0.104 61.528 -0.156 266.468 15.616 16.22 28.812 5.324 5.864 
-0.242 0.24 -0.11 -0.052 -0.292 -0.004 -0.196 0.54 0.878 -0.026 -0.26 1.17 -0.162 0.078 0.172 0.11 0.134 2.16493489802e-17 -0.138 0.124 0.132 -0.586 -0.252 0.286 -0.018 -0.662 -3.41948691585e-16 0.02 -0.028 -0.038 -0.214 -0.168 -0.24 -0.224 -0.014 -0.304 0.076 -0.158 -0.788 0.0 0.056 0.014 0.428 0.018 -0.12 0.014 -0.208 0.018 0.062 0.0 0.172 -0.048 -0.008 -0.124 0.396 0.036 0.398 0.074 1.528 0.076 0.65 -0.318 -0.106 -0.196 
380.0996 -1.044 33.018 38.3376 366.3496 -0.0648 52.8048 4.056 136.9636 16.1588 9.928 -0.162 772.7156 -0.3164 -1.8616 0.138 19.6388 4.132 1.6044 59.5048 173.4744 399.9988 301.1736 54.2492 22.2684 676.1876 309.128 136.748 11.1864 130.1924 318.6812 22.6504 6.092 169.3832 -1.0668 330.0992 -0.3048 119.0804 726.9944 0.0 -0.3048 30.9748 128.6296 -0.1524 -7.404 -4.6492 182.9864 -5.1324 517.1804 0.0 25.8344 30.0144 0.5304 563.2352 -2.4008 -0.3048 242.1236 0.1428 108.0736 -3.7688 86.178 479.9604 312.1468 237.9688 
-3.7924 0.996 0.458 -0.1144 -1.1024 0.1912 0.9488 13.996 92.4516 0.0428 15.028 0.078 -0.3164 10.9316 1.5704 -0.122 3.6828 5.312 2.6164 -1.8312 3.5464 -3.7172 5.0616 4.9652 -0.1396 -8.0444 -0.532 15.948 0.4584 -1.0156 4.4372 3.7024 -2.328 10.5392 -0.1708 4.6752 -0.0488 0.1124 -6.2936 0.0 0.1512 52.0588 2.0976 0.1756 -0.544 0.7948 3.1784 0.3556 11.5924 0.0 35.9864 4.8464 0.8824 -6.7888 -0.9448 0.3512 19.8316 -0.0732 85.4016 -0.3528 8.098 7.0124 -3.2892 2.4728 
1.5544 1.064 -0.328 -0.3336 0.3144 -0.0272 -0.5328 10.744 -5.9296 -0.1768 -1.768 0.172 -1.8616 1.5704 12.2576 -0.068 -1.0568 -0.272 -0.9384 4.9672 1.4816 -4.2568 -2.5296 6.6888 0.0176 -4.7736 -3.808 -0.988 -0.1304 0.3336 -2.9832 -1.4144 -1.512 -1.7352 2.8448 -2.6112 -0.0272 -0.4944 -5.3584 0.0 0.2128 2.4872 6.7544 0.2264 -0.396 4.1512 2.8096 0.1464 -4.4744 0.0 -2.6384 -0.4184 -0.0544 -4.1072 11.1888 0.4528 7.1104 0.3792 -5.9296 9.6568 0.372 -0.9744 -1.1848 1.6432 
-0.182 0.04 -0.05 -0.052 -0.292 -0.004 -0.196 0.12 1.818 -0.026 -0.26 0.11 0.138 -0.122 -0.068 1.21 0.254 0.02 -0.138 -0.076 0.092 -0.566 -0.192 0.006 -0.018 -0.642 0.28 0.1 -0.028 0.042 -0.114 -0.148 -0.24 -0.104 -0.014 -0.224 -0.004 -0.158 -0.788 0.0 -0.004 -0.446 0.188 -0.002 -0.12 0.074 -0.228 0.078 0.442 0.0 0.452 -0.028 -0.008 0.116 0.636 -0.004 0.438 0.114 2.768 0.176 0.75 -0.278 -0.266 -0.136 
25.4708 -0.052 2.834 2.8648 -2.5192 -0.0504 33.2104 4.848 88.2228 1.1724 15.324 0.134 19.6388 3.6828 -1.0568 0.254 37.5524 5.036 4.2412 19.5904 14.5512 85.2724 32.7928 4.3716 -0.1668 71.2148 27.964 22.324 0.1872 14.1052 61.8476 32.6992 79.596 23.7136 -0.3164 34.1616 -0.0904 1.3492 78.5912 0.0 -0.0504 44.4604 2.6408 -0.0052 14.308 -2.7316 14.6072 0.4948 60.3492 0.0 32.1912 3.2112 0.7792 47.9696 0.2616 -0.0104 24.8828 0.1844 84.0928 0.1576 5.614 26.0492 26.5964 -1.1576 
-2.048 -0.06 -0.24 -0.168 -1.168 -0.016 0.656 9.22 106.712 -0.104 16.96 2.16493489802e-17 4.132 5.312 -0.272 0.02 5.036 7.36 1.668 -0.524 2.788 0.636 9.012 2.444 -0.072 -2.788 -1.04 19.24 -0.112 -0.712 9.064 5.328 -0.96 14.084 -0.056 7.864 -0.016 0.428 -1.712 0.0 -0.016 56.176 -0.568 -0.008 -0.04 -0.304 2.248 0.392 19.328 0.0 41.788 5.188 1.048 -2.176 -0.096 -0.016 21.492 0.016 95.992 -0.396 1.7 9.808 -1.424 2.656 
2.7004 -0.236 9.242 1.1624 -3.5896 0.1448 0.6552 9.804 41.0764 -0.3588 45.012 -0.138 1.6044 2.6164 -0.9384 -0.138 4.2412 1.668 40.2756 -1.8848 12.4056 4.6012 3.2264 3.5308 1.5116 -6.1676 -2.048 12.972 4.0136 -2.6724 1.6188 0.2696 -3.312 2.6768 -0.1932 -0.3392 -0.0552 6.9996 -10.3944 0.0 -0.0552 26.5652 1.1304 -0.0276 -0.036 -1.3508 7.8736 0.9524 3.3996 0.0 11.1056 2.3056 0.2496 0.3048 0.6008 -0.0552 10.8164 -0.0828 35.0064 14.4088 8.302 4.5196 -0.1868 0.5912 
93.3968 0.008 11.224 10.3008 -2.4032 -0.0784 15.7784 0.548 -10.8512 4.6104 -5.096 0.124 59.5048 -1.8312 4.9672 -0.076 19.5904 -0.524 -1.8848 35.0784 31.5152 146.6704 82.4288 11.6136 -0.3528 200.7608 99.564 18.184 0.0912 39.9392 102.6696 19.9432 41.076 41.1856 1.8256 91.1136 0.1616 8.9632 216.7152 0.0 0.0416 -8.1016 13.0168 -0.0392 11.728 3.8464 43.2312 8.4608 140.1432 0.0 -4.6248 -0.3648 -0.1568 159.5216 7.2336 -0.0784 27.3488 0.2624 -1.2512 5.3496 15.604 66.2832 90.5944 0.0504 
152.9904 0.404 20.792 17.4824 44.7304 -0.0552 10.2952 10.104 67.5464 7.7712 18.272 0.132 173.4744 3.5464 1.4816 0.092 14.5512 2.788 12.4056 31.5152 67.3856 192.6712 137.3864 25.4608 3.2016 305.2824 154.132 51.572 3.9136 59.9976 148.2688 13.9696 5.248 74.7568 -0.1232 149.6608 -0.1552 28.2496 329.7656 0.0 0.0448 28.4552 34.7304 0.1224 2.564 1.4392 74.2336 5.4824 235.6696 0.0 18.4456 7.3456 0.4096 254.8048 1.0208 0.2448 76.0264 0.1472 73.0864 4.5888 40.492 146.7496 143.0432 32.9112 
574.9708 -1.232 67.714 64.3848 -5.1192 -0.2504 50.6504 -11.432 19.2628 29.4124 1.044 -0.586 399.9988 -3.7172 -4.2568 -0.566 85.2724 0.636 4.6012 146.6704 192.6712 826.2324 525.2328 67.6716 -0.6468 1233.1948 589.304 134.004 3.3272 238.9052 607.2876 88.9392 131.036 268.9736 -0.8764 577.6416 -0.2504 53.1892 1329.7512 0.0 -0.2504 -1.9796 72.9408 -0.1252 33.968 -1.9116 252.5072 18.5548 892.4492 0.0 -0.5088 0.4512 -0.0808 1000.3096 -4.5384 -0.2504 165.9828 -0.3356 70.1528 -3.5824 118.834 431.9292 563.1964 4.0024 
418.6376 -0.684 44.788 45.8856 -5.2424 -0.0888 -4.5312 3.816 166.3816 21.4328 25.368 -0.252 301.1736 5.0616 -2.5296 -0.192 32.7928 9.012 3.2264 82.4288 137.3864 525.2328 397.0016 53.8752 -0.4696 875.9656 406.628 125.128 2.2584 169.2744 420.7072 38.7424 -8.928 216.4392 -0.5208 432.3152 -0.1488 32.5824 944.6264 0.0 -0.1488 78.4888 52.4176 -0.0744 -4.424 -5.7752 179.1584 -3.6144 678.5024 0.0 55.7464 5.7664 1.4424 727.2912 -2.2048 -0.1488 148.6016 -0.1032 189.9016 -2.1928 93.228 330.2624 407.3608 7.1528 
59.8372 1.592 7.626 6.3232 7.8472 0.1464 0.3536 17.152 45.7852 2.9916 13.476 0.286 54.2492 4.9652 6.6888 0.006 4.3716 2.444 3.5308 11.6136 25.4608 67.6716 53.8752 20.4644 0.5788 112.9932 59.096 22.716 0.9048 22.6868 55.6484 4.1528 -4.496 31.4624 0.7924 57.9544 -0.0936 7.9028 122.5208 0.0 0.3064 30.1236 17.2272 0.3532 -0.888 1.6756 28.9648 1.0732 92.3428 0.0 16.3208 3.6208 0.3528 96.5864 3.3944 0.7064 36.3052 0.1396 46.6952 4.7584 22.726 53.7228 59.8876 8.7416 
1.6244 -0.036 0.242 0.1264 15.5744 -0.0072 2.4272 0.304 1.4804 -0.0468 1.252 -0.018 22.2684 -0.1396 0.0176 -0.018 -0.1668 -0.072 1.5116 -0.3528 3.2016 -0.6468 -0.4696 0.5788 2.0276 -1.1036 -1.008 2.072 0.5696 -0.3564 -0.6532 -0.3344 0.408 -0.0152 -0.0252 -0.6112 -0.0072 4.1356 -1.4184 0.0 -0.0072 -0.2428 3.7344 -0.0036 -0.216 -0.2988 1.9496 -0.1836 -0.9444 0.0 -0.6584 1.1416 -0.0144 -0.7672 -0.0712 -0.0072 5.6204 -0.0108 -0.9296 0.4568 -0.398 9.3956 -0.6548 9.5632 
967.9516 -1.384 103.118 106.1696 -5.9984 -0.2808 5.6208 -28.564 -15.0644 49.8748 -14.692 -0.662 676.1876 -8.0444 -4.7736 -0.642 71.2148 -2.788 -6.1676 200.7608 305.2824 1233.1948 875.9656 112.9932 -1.1036 2033.9396 943.888 214.768 5.1744 394.5604 947.6452 83.6184 27.052 445.2472 -0.9828 965.2432 -0.2808 73.5284 2190.0024 0.0 -0.2808 -30.1892 122.3216 -0.1404 -0.024 -10.6732 404.5944 -6.3004 1487.4284 0.0 -26.2776 -5.6576 -0.5616 1678.1192 -5.4968 -0.2808 261.2756 -0.3812 79.9256 -7.0048 206.218 722.0684 939.8228 7.2048 
451.728 -0.82 61.18 52.648 -9.472 0.136 2.164 -1.56 9.428 24.904 -3.24 -3.41948691585e-16 309.128 -0.532 -3.808 0.28 27.964 -1.04 -2.048 99.564 154.132 589.304 406.628 59.096 -1.008 943.888 507.92 98.94 4.872 189.732 436.656 32.972 0.86 205.236 -0.784 449.976 -0.224 48.352 1024.712 0.0 -0.224 -22.816 59.888 -0.112 15.7 15.064 203.392 29.848 692.392 0.0 0.212 6.652 -0.448 785.976 -1.344 -0.224 129.948 0.224 70.668 -0.444 124.08 340.392 447.404 9.004 
106.208 -0.2 12.34 11.808 28.348 -0.084 6.484 27.64 338.348 5.264 59.4 0.02 136.748 15.948 -0.988 0.1 22.324 19.24 12.972 18.184 51.572 134.004 125.128 22.716 2.072 214.768 98.94 90.8 2.292 41.352 131.136 23.332 -4.14 93.296 -0.364 130.936 -0.104 18.352 234.852 0.0 -0.064 172.824 21.008 -0.012 -3.12 -2.896 56.812 -2.292 224.992 0.0 125.752 18.032 3.152 180.056 -0.304 -0.024 109.408 0.084 312.348 1.496 32.02 132.052 99.164 29.644 
3.6624 -0.056 1.932 0.7544 6.1224 -0.0112 2.0912 0.024 3.9784 0.3872 3.772 -0.028 11.1864 0.4584 -0.1304 -0.028 0.1872 -0.112 4.0136 0.0912 3.9136 3.3272 2.2584 0.9048 0.5696 5.1744 4.872 2.292 2.1216 1.8056 2.1728 -0.2224 0.188 0.9808 -0.0392 2.6048 -0.0112 2.7576 6.4336 0.0 -0.0112 0.1512 2.1624 -0.0056 -0.336 1.0352 3.2016 -0.2856 3.6176 0.0 0.0136 1.0936 -0.0224 4.6488 -0.0352 -0.0112 3.3984 -0.0168 5.2784 1.7528 4.412 6.8176 2.0192 4.7672 
189.3484 -0.316 21.082 21.0504 -2.7016 -0.0792 3.4392 -6.056 1.8844 10.2252 -4.668 -0.038 130.1924 -1.0156 0.3336 0.042 14.1052 -0.712 -2.6724 39.9392 59.9976 238.9052 169.2744 22.6868 -0.3564 394.5604 189.732 41.352 1.8056 80.6596 183.7148 16.0416 7.248 85.5728 0.2828 187.4768 -0.0792 14.2716 427.7576 0.0 -0.0792 -8.7708 24.1384 -0.0396 -0.196 2.2932 79.7856 -1.3996 288.5116 0.0 -3.7624 -0.1224 -0.1584 325.8608 1.5368 -0.0792 50.5644 0.1212 26.5344 0.8648 50.802 140.0116 181.7172 3.4352 
444.8092 -0.728 47.286 48.8152 -4.9208 -0.1896 26.5296 0.912 167.1972 22.7676 21.976 -0.214 318.6812 4.4372 -2.9832 -0.114 61.8476 9.064 1.6188 102.6696 148.2688 607.2876 420.7072 55.6484 -0.6532 947.6452 436.656 131.136 2.1728 183.7148 473.9924 65.7008 67.104 228.9664 -0.6636 459.8384 -0.1896 34.2908 1023.3288 0.0 -0.1696 77.4396 55.5992 -0.0748 10.412 -6.6284 191.9528 -1.4148 721.6108 0.0 55.2288 5.2888 1.4208 774.6104 -2.3416 -0.1496 156.2572 -0.0444 194.2672 -3.5376 96.546 348.9508 433.7836 5.6976 
31.0064 -0.356 2.552 3.4584 -1.9936 -0.0432 30.8632 3.484 87.8024 1.6192 12.492 -0.168 22.6504 3.7024 -1.4144 -0.148 32.6992 5.328 0.2696 19.9432 13.9696 88.9392 38.7424 4.1528 -0.3344 83.6184 32.972 23.332 -0.2224 16.0416 65.7008 33.3536 73.488 27.7688 -0.2912 41.0528 -0.0832 1.2936 92.4696 0.0 -0.0832 46.3032 1.8664 -0.0416 13.464 -2.9128 16.4376 0.3584 69.2136 0.0 33.9296 3.4296 0.8536 57.2568 -1.4672 -0.0832 24.8824 -0.0848 81.8624 -2.1392 3.892 31.0336 32.5912 -0.8808 
-8.708 -0.48 -1.84 -0.828 15.512 -0.096 99.056 -9.48 -16.588 -0.324 -6.04 -0.24 6.092 -2.328 -1.512 -0.24 79.596 -0.96 -3.312 41.076 5.248 131.036 -8.928 -4.496 0.408 27.052 0.86 -4.14 0.188 7.248 67.104 73.488 234.08 -5.976 -0.336 -8.816 -0.096 -0.012 35.108 0.0 -0.096 -10.704 -1.048 -0.048 42.9 -2.484 1.268 1.912 -15.692 0.0 -8.312 -0.332 -0.192 -14.296 -2.016 -0.096 -4.768 -0.144 -15.228 -2.576 -8.44 -3.852 -4.904 2.796 
212.3712 -0.488 22.036 23.2272 2.3512 -0.0456 -0.4544 15.032 243.7592 10.8736 37.176 -0.224 169.3832 10.5392 -1.7352 -0.104 23.7136 14.084 2.6768 41.1856 74.7568 268.9736 216.4392 31.4624 -0.0152 445.2472 205.236 93.296 0.9808 85.5728 228.9664 27.7688 -5.976 133.7104 -0.3696 233.6824 -0.1056 18.1488 482.2368 0.0 -0.1056 124.1856 27.1712 -0.0528 -3.128 -4.2624 95.4608 -2.3928 376.3088 0.0 90.2168 10.9768 2.3088 369.3344 -1.9376 -0.1056 110.0192 -0.1184 238.2792 -2.5536 48.856 187.9688 206.9096 11.3736 
0.6412 -0.028 -0.014 -0.0728 -0.4088 -0.0056 -0.1344 1.512 -1.2908 -0.0364 -0.364 -0.014 -1.0668 -0.1708 2.8448 -0.014 -0.3164 -0.056 -0.1932 1.8256 -0.1232 -0.8764 -0.5208 0.7924 -0.0252 -0.9828 -0.784 -0.364 -0.0392 0.2828 -0.6636 -0.2912 -0.336 -0.3696 1.9604 -0.5376 -0.0056 -0.2212 -1.1032 0.0 -0.0056 -0.6244 0.7112 -0.0028 -0.028 1.4476 0.8008 0.1372 -0.9212 0.0 -0.5432 -0.1232 -0.0112 -0.8456 3.8024 -0.0056 1.0892 0.1316 -1.2208 3.3264 -0.714 -0.6412 -0.5404 0.3136 
460.6672 -0.688 49.276 50.6832 -4.6528 -0.1136 -4.2864 0.032 149.8352 23.8816 17.936 -0.304 330.0992 4.6752 -2.6112 -0.224 34.1616 7.864 -0.3392 91.1136 149.6608 577.6416 432.3152 57.9544 -0.6112 965.2432 449.976 130.936 2.6048 187.4768 459.8384 41.0528 -8.816 233.6824 -0.5376 474.6944 -0.1536 35.6128 1041.9408 0.0 -0.1536 67.2336 57.8872 -0.0768 -4.608 -5.0144 196.7648 -3.7968 740.0328 0.0 48.5408 5.0608 1.2528 800.1264 -2.6656 -0.1536 156.3352 -0.1504 180.9952 -3.5616 103.936 360.5328 447.2976 8.0616 
-0.2168 0.112 -0.044 -0.0208 -0.1168 -0.0016 -0.0784 -0.168 -0.3688 -0.0104 -0.104 0.076 -0.3048 -0.0488 -0.0272 -0.004 -0.0904 -0.016 -0.0552 0.1616 -0.1552 -0.2504 -0.1488 -0.0936 -0.0072 -0.2808 -0.224 -0.104 -0.0112 -0.0792 -0.1896 -0.0832 -0.096 -0.1056 -0.0056 -0.1536 1.0784 -0.0632 -0.3152 0.0 0.0384 -0.1784 -0.0768 -0.0008 -0.048 -0.0664 -0.1312 -0.0408 -0.2632 0.0 -0.1552 -0.0352 -0.0032 -0.2416 -0.0336 -0.0016 -0.2488 -0.0024 -0.3488 -0.0496 -0.204 -0.2232 -0.0744 -0.1104 
46.2564 -0.316 8.542 5.3984 62.6064 -0.0632 9.3432 3.804 15.8124 1.8492 5.752 -0.158 119.0804 0.1124 -0.4944 -0.158 1.3492 0.428 6.9996 8.9632 28.2496 53.1892 32.5824 7.9028 4.1356 73.5284 48.352 18.352 2.7576 14.2716 34.2908 1.2936 -0.012 18.1488 -0.2212 35.6128 -0.0632 27.0836 78.9496 0.0 -0.0632 1.9132 20.8664 -0.0316 5.584 4.9572 28.8376 10.9684 55.0236 0.0 4.3496 7.0696 -0.0064 61.4368 -0.9672 -0.0632 37.7324 -0.0948 8.9024 1.3408 16.302 68.2836 34.4412 44.0192 
1041.1104 -1.576 112.052 114.9024 -7.1896 -0.3152 11.0552 -30.756 12.2064 54.4912 -15.808 -0.788 726.9944 -6.2936 -5.3584 -0.788 78.5912 -1.712 -10.3944 216.7152 329.7656 1329.7512 944.6264 122.5208 -1.4184 2190.0024 1024.712 234.852 6.4336 427.7576 1023.3288 92.4696 35.108 482.2368 -1.1032 1041.9408 -0.3152 78.9496 2364.7456 0.0 -0.3152 -22.2648 131.2904 -0.1576 0.624 -7.9808 437.0736 -7.0776 1605.0096 0.0 -17.6344 -3.3544 -0.3904 1806.1048 -6.6192 -0.3152 284.7464 -0.4728 118.2664 -8.4112 230.232 780.7096 1011.5432 9.8712 
0.0 0.0 0.0 0.0 0.0 0.0 0.0 0.0 0.0 0.0 0.0 0.0 0.0 0.0 0.0 0.0 0.0 0.0 0.0 0.0 0.0 0.0 0.0 0.0 0.0 0.0 0.0 0.0 0.0 0.0 0.0 0.0 0.0 0.0 0.0 0.0 0.0 0.0 0.0 1.0 0.0 0.0 0.0 0.0 0.0 0.0 0.0 0.0 0.0 0.0 0.0 0.0 0.0 0.0 0.0 0.0 0.0 0.0 0.0 0.0 0.0 0.0 0.0 0.0 
-0.1568 0.152 -0.044 -0.0208 -0.1168 -0.0016 -0.0784 0.432 -0.3688 -0.0104 -0.104 0.056 -0.3048 0.1512 0.2128 -0.004 -0.0504 -0.016 -0.0552 0.0416 0.0448 -0.2504 -0.1488 0.3064 -0.0072 -0.2808 -0.224 -0.064 -0.0112 -0.0792 -0.1696 -0.0832 -0.096 -0.1056 -0.0056 -0.1536 0.0384 -0.0632 -0.3152 0.0 1.0384 0.2816 0.3032 0.0192 -0.048 -0.0464 -0.0512 -0.0408 -0.2632 0.0 -0.1552 -0.0352 -0.0032 -0.2416 -0.0336 0.0384 0.1312 -0.0024 -0.3488 -0.0496 0.116 -0.1432 0.0056 -0.1104 
-18.3332 1.448 -1.526 -1.7592 -12.4232 -0.0384 5.1584 94.148 943.6188 -1.1596 164.384 0.014 30.9748 52.0588 2.4872 -0.446 44.4604 56.176 26.5652 -8.1016 28.4552 -1.9796 78.4888 30.1236 -0.2428 -30.1892 -22.816 172.824 0.1512 -8.7708 77.4396 46.3032 -10.704 124.1856 -0.6244 67.2336 -0.1784 1.9132 -22.2648 0.0 0.2816 515.8484 1.4168 0.3708 -4.972 -6.8036 19.9712 -3.9292 165.5332 0.0 366.6152 44.9552 9.3032 -23.6584 -3.1864 0.7416 195.1788 -0.2676 844.8488 -0.0304 19.214 86.4332 -11.5756 20.9304 
68.2136 1.636 7.168 7.1416 59.6736 -0.0768 7.7568 11.456 3.4176 2.9808 -1.472 0.428 128.6296 2.0976 6.7544 0.188 2.6408 -0.568 1.1304 13.0168 34.7304 72.9408 52.4176 17.2272 3.7344 122.3216 59.888 21.008 2.1624 24.1384 55.5992 1.8664 -1.048 27.1712 0.7112 57.8872 -0.0768 20.8664 131.2904 0.0 0.3032 1.4168 31.5536 0.3416 -0.384 1.1128 35.1624 1.7616 90.0264 0.0 -4.4096 4.3104 -0.1536 102.7032 3.9072 0.6832 46.4776 0.2648 2.8776 3.2392 17.348 82.7664 58.5288 38.1608 
-0.0484 0.096 -0.022 -0.0104 -0.0584 -0.0008 -0.0392 0.516 -0.1844 -0.0052 -0.052 0.018 -0.1524 0.1756 0.2264 -0.002 -0.0052 -0.008 -0.0276 -0.0392 0.1224 -0.1252 -0.0744 0.3532 -0.0036 -0.1404 -0.112 -0.012 -0.0056 -0.0396 -0.0748 -0.0416 -0.048 -0.0528 -0.0028 -0.0768 -0.0008 -0.0316 -0.1576 0.0 0.0192 0.3708 0.3416 1.0196 -0.024 -0.0132 0.0144 -0.0204 -0.1316 0.0 -0.0776 -0.0176 -0.0016 -0.1208 -0.0168 0.0392 0.2556 -0.0012 -0.1744 -0.0248 0.218 -0.0316 0.0428 -0.0552 
-5.804 -0.24 3.1 0.256 -1.764 -0.048 17.008 2.24 -9.604 -0.312 -3.12 -0.12 -7.404 -0.544 -0.396 -0.12 14.308 -0.04 -0.036 11.728 2.564 33.968 -4.424 -0.888 -0.216 -0.024 15.7 -3.12 -0.336 -0.196 10.412 13.464 42.9 -3.128 -0.028 -4.608 -0.048 5.584 0.624 0.0 -0.048 -4.972 -0.384 -0.024 19.44 4.548 4.124 16.056 -7.816 0.0 0.184 1.584 -0.076 -7.248 -0.448 -0.048 0.076 -0.052 -10.464 -0.988 -4.2 -4.696 -2.012 -0.572 
3.3028 -0.152 3.674 0.5968 -4.4272 -0.0664 0.6064 3.228 -0.1452 0.4684 -3.636 0.014 -4.6492 0.7948 4.1512 0.074 -2.7316 -0.304 -1.3508 3.8464 1.4392 -1.9116 -5.7752 1.6756 -0.2988 -10.6732 15.064 -2.896 1.0352 2.2932 -6.6284 -2.9128 -2.484 -4.2624 1.4476 -5.0144 -0.0664 4.9572 -7.9808 0.0 -0.0464 -6.8036 1.1128 -0.0132 4.548 16.0644 4.2352 9.5068 -9.1028 0.0 3.9592 2.5192 -0.1328 -8.4664 6.2856 -0.0264 0.4348 0.3004 7.4248 5.5416 28.774 -4.7028 -4.9876 8.1984 
200.3624 -0.116 26.012 22.5544 29.0824 0.0488 5.8112 7.044 51.2184 10.1872 12.232 -0.208 182.9864 3.1784 2.8096 -0.228 14.6072 2.248 7.8736 43.2312 74.2336 252.5072 179.1584 28.9648 1.9496 404.5944 203.392 56.812 3.2016 79.7856 191.9528 16.4376 1.268 95.4608 0.8008 196.7648 -0.1312 28.8376 437.0736 0.0 -0.0512 19.9712 35.1624 0.0144 4.124 4.2352 95.1616 8.4144 305.2176 0.0 15.1536 5.8536 0.2776 335.5488 2.9648 0.0288 79.5784 0.0232 62.6984 5.3328 50.672 170.8776 188.9192 25.6872 
-4.2284 -0.144 6.318 0.9496 -2.5784 -0.0408 -0.1192 7.936 -4.2244 -0.2652 -2.652 0.018 -5.1324 0.3556 0.1464 0.078 0.4948 0.392 0.9524 8.4608 5.4824 18.5548 -3.6144 1.0732 -0.1836 -6.3004 29.848 -2.292 -0.2856 -1.3996 -1.4148 0.3584 1.912 -2.3928 0.1372 -3.7968 -0.0408 10.9684 -7.0776 0.0 -0.0408 -3.9292 1.7616 -0.0204 16.056 9.5068 8.4144 28.4196 -5.6316 0.0 5.0224 3.6024 -0.0816 -5.4408 0.9832 -0.0408 5.7156 0.0988 -5.2944 0.0752 -0.862 -2.0916 -0.6572 1.9448 
710.1964 -0.956 75.162 77.8184 -9.6936 -0.2632 -7.4368 11.564 356.7324 36.4292 48.092 0.062 517.1804 11.5924 -4.4744 0.442 60.3492 19.328 3.3996 140.1432 235.6696 892.4492 678.5024 92.3428 -0.9444 1487.4284 692.392 224.992 3.6176 288.5116 721.6108 69.2136 -15.692 376.3088 -0.9212 740.0328 -0.2632 55.0236 1605.0096 0.0 -0.2632 165.5332 90.0264 -0.1316 -7.816 -9.1028 305.2176 -5.6316 1169.9636 0.0 122.8096 12.8296 3.0736 1236.4968 -0.9672 -0.2632 268.0724 0.3252 394.8824 -4.2392 163.242 567.3236 689.4412 14.1392 
0.0 0.0 0.0 0.0 0.0 0.0 0.0 0.0 0.0 0.0 0.0 0.0 0.0 0.0 0.0 0.0 0.0 0.0 0.0 0.0 0.0 0.0 0.0 0.0 0.0 0.0 0.0 0.0 0.0 0.0 0.0 0.0 0.0 0.0 0.0 0.0 0.0 0.0 0.0 0.0 0.0 0.0 0.0 0.0 0.0 0.0 0.0 0.0 0.0 1.0 0.0 0.0 0.0 0.0 0.0 0.0 0.0 0.0 0.0 0.0 0.0 0.0 0.0 0.0 
-12.1496 -0.416 -0.048 -0.9376 -10.2096 -0.0152 4.8152 60.804 708.9264 -0.4088 111.992 0.172 25.8344 35.9864 -2.6384 0.452 32.1912 41.788 11.1056 -4.6248 18.4456 -0.5088 55.7464 16.3208 -0.6584 -26.2776 0.212 125.752 0.0136 -3.7624 55.2288 33.9296 -8.312 90.2168 -0.5432 48.5408 -0.1552 4.3496 -17.6344 0.0 -0.1552 366.6152 -4.4096 -0.0776 0.184 3.9592 15.1536 5.0224 122.8096 0.0 283.1056 35.4856 6.8296 -18.9152 0.1408 -0.1552 139.6664 0.3272 644.8864 -1.7712 32.072 61.3896 -12.0168 21.6312 
-0.5896 -0.156 1.792 0.4224 18.2504 0.0248 4.6952 8.904 92.8264 0.1912 15.592 -0.048 30.0144 4.8464 -0.4184 -0.028 3.2112 5.188 2.3056 -0.3648 7.3456 0.4512 5.7664 3.6208 1.1416 -5.6576 6.652 18.032 1.0936 -0.1224 5.2888 3.4296 -0.332 10.9768 -0.1232 5.0608 -0.0352 7.0696 -3.3544 0.0 -0.0352 44.9552 4.3104 -0.0176 1.584 2.5192 5.8536 3.6024 12.8296 0.0 35.4856 8.3456 0.8296 -4.0352 -0.4592 -0.0352 25.2064 -0.0128 83.7264 0.3288 5.472 20.2296 -1.3568 15.4312 
-0.4336 -0.016 -0.088 -0.0416 -0.2136 -0.0032 0.1032 1.444 17.5224 -0.0208 2.792 -0.008 0.5304 0.8824 -0.0544 -0.008 0.7792 1.048 0.2496 -0.1568 0.4096 -0.0808 1.4424 0.3528 -0.0144 -0.5616 -0.448 3.152 -0.0224 -0.1584 1.4208 0.8536 -0.192 2.3088 -0.0112 1.2528 -0.0032 -0.0064 -0.3904 0.0 -0.0032 9.3032 -0.1536 -0.0016 -0.076 -0.1328 0.2776 -0.0816 3.0736 0.0 6.8296 0.8296 1.1936 -0.4832 -0.0672 -0.0032 3.4824 -0.0048 15.6824 -0.0992 0.152 1.5336 -0.3088 0.3792 
805.7032 -0.968 86.816 88.0792 -6.9168 -0.0416 -10.6384 -18.508 -2.7488 41.2696 -2.944 -0.124 563.2352 -6.7888 -4.1072 0.116 47.9696 -2.176 0.3048 159.5216 254.8048 1000.3096 727.2912 96.5864 -0.7672 1678.1192 785.976 180.056 4.6488 325.8608 774.6104 57.2568 -14.296 369.3344 -0.8456 800.1264 -0.2416 61.4368 1806.1048 0.0 -0.2416 -23.6584 102.7032 -0.1208 -7.248 -8.4664 335.5488 -5.4408 1236.4968 0.0 -18.9152 -4.0352 -0.4832 1396.6384 -1.8736 -0.2416 220.2912 0.1176 78.7112 -2.0096 178.056 600.1368 783.3256 6.0096 
2.8472 0.072 0.076 -0.3568 -2.4528 -0.0336 -0.9664 7.392 3.8152 -0.2184 -0.464 0.396 -2.4008 -0.9448 11.1888 0.636 0.2616 -0.096 0.6008 7.2336 1.0208 -4.5384 -2.2048 3.3944 -0.0712 -5.4968 -1.344 -0.304 -0.0352 1.5368 -2.3416 -1.4672 -2.016 -1.9376 3.8024 -2.6656 -0.0336 -0.9672 -6.6192 0.0 -0.0336 -3.1864 3.9072 -0.0168 -0.448 6.2856 2.9648 0.9832 -0.9672 0.0 0.1408 -0.4592 -0.0672 -1.8736 18.9344 -0.0336 6.8952 0.9896 7.7152 14.8384 1.276 -2.8472 -2.7224 1.0816 
-0.0968 0.192 -0.044 -0.0208 -0.1168 -0.0016 -0.0784 1.032 -0.3688 -0.0104 -0.104 0.036 -0.3048 0.3512 0.4528 -0.004 -0.0104 -0.016 -0.0552 -0.0784 0.2448 -0.2504 -0.1488 0.7064 -0.0072 -0.2808 -0.224 -0.024 -0.0112 -0.0792 -0.1496 -0.0832 -0.096 -0.1056 -0.0056 -0.1536 -0.0016 -0.0632 -0.3152 0.0 0.0384 0.7416 0.6832 0.0392 -0.048 -0.0264 0.0288 -0.0408 -0.2632 0.0 -0.1552 -0.0352 -0.0032 -0.2416 -0.0336 1.0784 0.5112 -0.0024 -0.3488 -0.0496 0.436 -0.0632 0.0856 -0.1104 
138.2676 1.056 15.538 14.8456 88.8976 -0.0688 14.3688 45.556 383.5516 6.2228 61.528 0.398 242.1236 19.8316 7.1104 0.438 24.8828 21.492 10.8164 27.3488 76.0264 165.9828 148.6016 36.3052 5.6204 261.2756 129.948 109.408 3.3984 50.5644 156.2572 24.8824 -4.768 110.0192 1.0892 156.3352 -0.2488 37.7324 284.7464 0.0 0.1312 195.1788 46.4776 0.2556 0.076 0.4348 79.5784 5.7156 268.0724 0.0 139.6664 25.2064 3.4824 220.2912 6.8952 0.5112 159.1316 0.5468 348.2816 5.6472 37.758 192.0524 123.8908 68.8928 
0.1148 0.028 -0.046 -0.0312 -0.1752 -0.0024 -0.0976 0.408 1.2468 -0.0156 -0.156 0.074 0.1428 -0.0732 0.3792 0.114 0.1844 0.016 -0.0828 0.2624 0.1472 -0.3356 -0.1032 0.1396 -0.0108 -0.3812 0.224 0.084 -0.0168 0.1212 -0.0444 -0.0848 -0.144 -0.1184 0.1316 -0.1504 -0.0024 -0.0948 -0.4728 0.0 -0.0024 -0.2676 0.2648 -0.0012 -0.052 0.3004 0.0232 0.0988 0.3252 0.0 0.3272 -0.0128 -0.0048 0.1176 0.9896 -0.0024 0.5468 1.0964 1.8768 0.6256 0.534 -0.1548 -0.1516 0.0144 
31.2376 -0.444 10.208 6.6656 -23.6224 -0.2488 19.5888 136.356 1682.9416 4.5128 266.468 1.528 108.0736 85.4016 -5.9296 2.768 84.0928 95.992 35.0064 -1.2512 73.0864 70.1528 189.9016 46.6952 -0.9296 79.9256 70.668 312.348 5.2784 26.5344 194.2672 81.8624 -15.228 238.2792 -1.2208 180.9952 -0.3488 8.9024 118.2664 0.0 -0.3488 844.8488 2.8776 -0.1744 -10.464 7.4248 62.6984 -5.2944 394.8824 0.0 644.8864 83.7264 15.6824 78.7112 7.7152 -0.3488 348.2816 1.8768 1567.0816 5.2272 94.088 199.0424 32.0608 46.3328 
3.8192 -0.148 3.936 0.2752 -3.6208 0.0904 0.1896 8.612 2.5872 -0.0824 15.616 0.076 -3.7688 -0.3528 9.6568 0.176 0.1576 -0.396 14.4088 5.3496 4.5888 -3.5824 -2.1928 4.7584 0.4568 -7.0048 -0.444 1.496 1.7528 0.8648 -3.5376 -2.1392 -2.576 -2.5536 3.3264 -3.5616 -0.0496 1.3408 -8.4112 0.0 -0.0496 -0.0304 3.2392 -0.0248 -0.988 5.5416 5.3328 0.0752 -4.2392 0.0 -1.7712 0.3288 -0.0992 -2.0096 14.8384 -0.0496 5.6472 0.6256 5.2272 19.7024 5.056 -1.8792 -0.7464 1.0176 
137.818 1.24 17.49 12.888 -10.872 0.296 1.604 8.48 65.198 6.874 16.22 0.65 86.178 8.098 0.372 0.75 5.614 1.7 8.302 15.604 40.492 118.834 93.228 22.726 -0.398 206.218 124.08 32.02 4.412 50.802 96.546 3.892 -8.44 48.856 -0.714 103.936 -0.204 16.302 230.232 0.0 0.116 19.214 17.348 0.218 -4.2 28.774 50.672 -0.862 163.242 0.0 32.072 5.472 0.152 178.056 1.276 0.436 37.758 0.534 94.088 5.056 156.05 79.082 101.174 31.624 
365.6764 -0.576 38.362 39.6784 154.8064 -0.0632 22.0032 11.724 204.3324 17.9692 28.812 -0.318 479.9604 7.0124 -0.9744 -0.278 26.0492 9.808 4.5196 66.2832 146.7496 431.9292 330.2624 53.7228 9.3956 722.0684 340.392 132.052 6.8176 140.0116 348.9508 31.0336 -3.852 187.9688 -0.6412 360.5328 -0.2232 68.2836 780.7096 0.0 -0.1432 86.4332 82.7664 -0.0316 -4.696 -4.7028 170.8776 -2.0916 567.3236 0.0 61.3896 20.2296 1.5336 600.1368 -2.8472 -0.0632 192.0524 -0.1548 199.0424 -1.8792 79.082 379.2836 336.1412 106.0392 
453.9788 -0.012 49.274 49.1928 -5.0712 0.3456 -5.1656 -2.832 -11.6292 22.9964 5.324 -0.106 312.1468 -3.2892 -1.1848 -0.266 26.5964 -1.424 -0.1868 90.5944 143.0432 563.1964 407.3608 59.8876 -0.6548 939.8228 447.404 99.164 2.0192 181.7172 433.7836 32.5912 -4.904 206.9096 -0.5404 447.2976 -0.0744 34.4412 1011.5432 0.0 0.0056 -11.5756 58.5288 0.0428 -2.012 -4.9876 188.9192 -0.6572 689.4412 0.0 -12.0168 -1.3568 -0.3088 783.3256 -2.7224 0.0856 123.8908 -0.1516 32.0608 -0.7464 101.174 336.1412 449.9204 1.9664 
34.8608 -0.412 1.784 2.2448 156.4008 -0.0104 25.0104 6.288 70.1728 0.4624 5.864 -0.196 237.9688 2.4728 1.6432 -0.136 -1.1576 2.656 0.5912 0.0504 32.9112 4.0024 7.1528 8.7416 9.5632 7.2048 9.004 29.644 4.7672 3.4352 5.6976 -0.8808 2.796 11.3736 0.3136 8.0616 -0.1104 44.0192 9.8712 0.0 -0.1104 20.9304 38.1608 -0.0552 -0.572 8.1984 25.6872 1.9448 14.1392 0.0 21.6312 15.4312 0.3792 6.0096 1.0816 -0.1104 68.8928 0.0144 46.3328 1.0176 31.624 106.0392 1.9664 109.8224 
132.7684 -0.996 118.4364 3.0244 -0.0984 0.9008 9.4948 43.612 -3.3004 13.8464 0.5536 -0.4412 34.4832 -13.6548 -4.5756 3.8552 -14.0356 0.6364 -11.7924 2.3152 3.326 -6.4376 -6.3648 79.422 -15.9668 34.0936 24.6964 92.1664 3.8784 18.336 -7.5084 -16.3796 0.4224 41.4036 -0.5904 -2.232 0.0 140.6004 -6.4144 -0.3444 0.0 -17.8188 43.352 -4.222 -0.2952 4.744 179.596 -6.2688 3.6444 0.0 9.354 0.5204 -3.198 1.27 -11.8756 0.0 57.4104 -0.7624 3.9516 7.9472 4.8348 155.7224 -14.7504 17.9772 
-0.996 722.4 209.124 426.524 1.916 -3.232 1.028 -1.22 59.816 370.664 -25.324 18.988 4.552 -43.588 20.424 57.912 168.944 9.084 405.956 -3.548 55.52 194.724 68.172 205.14 732.592 122.616 1020.684 -13.896 203.404 1043.2 228.396 62.424 -3.696 67.696 13.676 98.48 0.0 142.764 170.976 12.456 0.0 -39.628 464.6 52.78 -0.772 4.32 144.74 -19.468 166.144 0.0 80.54 71.784 70.78 71.7 -27.296 0.0 83.904 -13.424 79.436 -33.128 8.148 19.304 13.956 492.392 
118.4364 209.124 410.7844 410.7124 1.8936 -0.8032 -25.8692 51.032 7.8316 -7.7456 -5.3744 15.8148 52.8472 51.4492 20.0124 44.3592 56.7524 8.1244 401.6596 20.0192 69.446 66.4304 31.1192 168.602 739.9772 51.8256 -39.7956 192.1344 44.2064 -49.124 92.3236 -4.4716 -1.6296 96.4956 13.5216 80.408 0.0 357.3484 32.0376 10.4276 0.0 85.3252 521.932 51.358 -0.5992 -0.996 362.536 -17.4848 94.5124 0.0 2.654 -10.4116 9.262 -3.33 -32.2876 0.0 97.7584 -10.8704 34.6036 -13.1088 5.6108 242.7704 257.7616 138.4412 
3.0244 426.524 410.7124 710.1604 3.6056 -1.7272 -34.7132 -13.108 26.4836 16.4824 -17.5424 29.5108 8.0512 -20.0068 47.9604 74.5032 138.2404 5.9924 739.8716 4.6232 38.866 127.2184 61.2232 70.542 1330.3812 22.0976 31.5924 32.2024 77.2544 29.556 190.7556 39.0164 -2.5816 89.8476 25.4336 144.208 0.0 300.3564 27.4096 18.8796 0.0 -10.6908 852.372 105.358 -0.5432 -7.056 291.836 -11.3408 168.4004 0.0 -0.946 -5.7836 11.602 2.07 -23.6196 0.0 21.1264 -11.5784 53.6556 -25.8848 -0.5332 42.7384 113.6736 258.2652 
-0.0984 1.916 1.8936 3.6056 1.0384 0.1992 -0.3248 1.488 0.1904 -0.0864 2.9864 0.1512 0.0768 -0.2752 1.7656 0.3648 0.9656 0.0136 3.9024 -0.0152 0.284 0.4976 0.2848 0.348 6.8968 -0.1136 -0.3064 -0.0664 0.3816 -0.296 0.8584 0.5896 -0.0224 0.4864 0.1304 0.712 0.0 1.3496 -0.1456 0.0944 0.0 -0.2512 4.508 2.452 -0.0048 -0.064 1.304 0.2488 0.8056 0.0 0.436 -0.0304 -0.052 -0.02 -0.1944 0.0 0.6896 -0.0976 0.2184 -0.0672 -0.0248 -0.1024 0.4704 1.2128 
0.9008 -3.232 -0.8032 -1.7272 0.1992 4.3696 -3.7424 18.204 0.8352 -1.4032 33.0432 -0.1144 1.8184 -1.1976 15.9728 -0.2176 1.5728 -0.2232 -1.4888 0.3424 7.712 -1.7912 0.6824 16.024 -3.4216 -1.1768 -1.7232 1.2168 -0.1392 -3.788 -2.0608 3.5448 -0.2912 0.5432 -0.1248 -0.424 0.0 -2.5152 -1.4928 -0.0728 0.0 -1.3056 0.064 20.136 -0.0624 3.308 -1.328 16.7544 -0.8072 0.0 7.268 1.5048 -0.676 -0.26 -2.5272 0.0 9.2448 -0.2488 0.0592 -1.1936 1.0776 2.1288 1.0952 0.8864 
9.4948 1.028 -25.8692 -34.7132 -0.3248 -3.7424 1331.1556 561.044 81.0212 44.6608 -25.8408 -2.0164 1.5904 435.5444 -13.3132 -4.1256 259.0268 -5.2092 -25.3828 3.1744 108.222 57.6928 40.8944 274.394 -57.1596 48.2992 -6.6292 -3.0392 0.3448 -5.548 124.0052 356.8988 67.7528 -5.8708 14.2912 -0.504 0.0 -12.5212 68.7032 -0.1868 0.0 344.4764 186.464 -19.314 -0.0744 10.908 -3.008 -33.2736 42.3268 0.0 1.638 -7.4012 24.574 -0.31 259.2468 0.0 376.9088 109.5872 32.9252 229.2384 -0.9844 7.8928 -19.1688 3.7084 
43.612 -1.22 51.032 -13.108 1.488 18.204 561.044 963.56 148.848 16.112 244.908 -1.436 49.116 398.836 121.512 -2.544 386.812 -3.208 18.488 43.216 529.06 57.532 87.856 267.22 -32.124 19.088 12.492 162.632 13.412 15.44 164.148 541.072 35.252 58.528 4.308 -4.14 0.0 69.012 10.588 -0.492 0.0 144.616 286.96 151.86 0.524 48.42 117.9 34.036 60.252 0.0 44.56 13.132 2.54 1.1 493.632 0.0 766.212 215.888 27.148 467.936 2.824 133.132 325.348 60.576 
-3.3004 59.816 7.8316 26.4836 0.1904 0.8352 81.0212 148.848 96.2724 7.7416 11.2184 0.8372 4.1208 78.2188 8.0436 5.0888 182.5036 -1.3084 37.6044 2.3288 67.114 69.2456 50.2488 108.778 36.6108 66.0584 23.9916 -6.1584 9.6496 23.364 98.2404 184.2476 0.8856 9.8284 0.8624 14.852 0.0 2.8276 87.7264 1.6964 0.0 6.0428 168.008 11.902 0.4912 6.316 12.764 1.8928 40.5836 0.0 3.886 16.1876 37.358 1.63 230.7036 0.0 207.4576 96.2944 39.9804 209.4968 1.0412 19.6256 -2.5976 70.4068 
13.8464 370.664 -7.7456 16.4824 -0.0864 -1.4032 44.6608 16.112 7.7416 328.4544 -11.7344 2.2048 -4.0728 0.3392 -5.2776 11.6792 42.2824 7.9144 -7.5704 -2.3208 12.196 46.7904 17.5992 29.652 -8.3328 -6.3544 892.5744 -9.2056 136.9264 915.736 78.1336 12.3784 -1.6696 20.5856 -0.4784 -2.092 0.0 -3.9216 -2.2624 -0.2424 0.0 10.8552 -15.228 -4.532 -0.3792 5.264 -5.224 -10.1248 39.8024 0.0 75.044 66.6184 -4.108 62.92 -15.3576 0.0 -5.3816 -7.5104 6.6336 -16.7488 8.8008 -2.0096 -21.0784 292.8112 
0.5536 -25.324 -5.3744 -17.5424 2.9864 33.0432 -25.8408 244.908 11.2184 -11.7344 492.4144 -0.8448 17.9928 -21.4792 234.6376 -3.0592 40.0976 -2.3944 -6.3296 -2.5392 30.864 -13.6704 -3.2792 58.448 -25.6272 -9.6056 -27.2144 -9.0544 5.1136 -28.416 -17.4336 57.2016 -1.6104 8.9344 -0.9216 -4.408 0.0 -10.2384 -11.5776 -0.5376 0.0 -20.4152 1.608 294.472 -0.4608 -6.144 -6.916 44.4248 -7.6424 0.0 78.456 0.8416 -4.992 -1.92 -18.6624 0.0 116.7416 -9.2896 -3.2736 8.8088 2.2192 -6.8504 10.3184 -7.3512 
-0.4412 18.988 15.8148 29.5108 0.1512 -0.1144 -2.0164 -1.436 0.8372 2.2048 -0.8448 2.3316 -0.1376 -1.7836 1.9908 3.1064 5.5708 0.2348 31.0732 -0.0336 0.442 4.7768 2.4064 -0.166 55.7724 -0.6248 5.4148 -0.1752 3.7088 5.652 8.0212 1.4228 -0.1232 3.4652 1.0672 5.816 0.0 11.3228 -0.7408 0.7692 0.0 -1.6516 35.024 4.386 -0.0264 -0.272 10.872 -0.5616 6.9308 0.0 0.158 0.0628 -0.286 0.39 -1.0692 0.0 -1.2472 -0.5368 1.7812 -1.2496 -0.0564 -0.3232 2.5672 11.8204 
34.4832 4.552 52.8472 8.0512 0.0768 1.8184 1.5904 49.116 4.1208 -4.0728 17.9928 -0.1376 19.7936 15.5296 5.9712 1.5696 1.6112 0.3472 -1.2752 6.3496 46.528 11.8952 3.9696 75.616 2.2136 30.1528 -11.1728 52.9672 2.1032 -15.152 1.5168 3.8792 0.3752 15.3928 -0.2192 3.524 0.0 52.7392 29.0288 0.3488 0.0 17.4776 18.196 8.004 0.0304 6.332 63.308 4.5776 6.1712 0.0 5.252 -0.6008 11.376 -1.04 -10.0288 0.0 59.7992 -1.8552 8.3968 -2.8944 2.7104 68.0752 57.1208 5.2056 
-13.6548 -43.588 51.4492 -20.0068 -0.2752 -1.1976 435.5444 398.836 78.2188 0.3392 -21.4792 -1.7836 15.5296 378.4356 -10.9068 -6.0944 235.9132 1.6292 -2.7772 32.2656 191.998 26.0672 39.7256 108.326 -41.6204 -22.2392 -42.3508 129.6192 3.1952 -39.572 104.2148 287.5012 14.1272 21.7308 1.5888 -9.936 0.0 58.9412 -10.0632 -1.1732 0.0 301.9436 170.836 -16.626 0.9144 3.812 22.488 26.8936 19.5332 0.0 -2.478 -3.5788 -10.874 -2.69 362.7932 0.0 314.4112 149.3728 0.3148 336.5816 -0.3356 93.4272 334.8888 -3.0684 
-4.5756 20.424 20.0124 47.9604 1.7656 15.9728 -13.3132 121.512 8.0436 -5.2776 234.6376 1.9908 5.9712 -10.9068 120.6404 4.3632 31.8804 -0.6276 57.2716 -1.3368 15.326 2.9784 3.1032 25.682 95.1412 -5.2824 -14.2476 -6.2576 8.2144 -13.764 7.1556 33.1564 -1.0416 10.5276 1.6536 9.168 0.0 13.6164 -6.7704 1.2396 0.0 -9.8508 70.072 153.658 -0.2232 -2.976 12.736 21.9192 9.7204 0.0 36.134 0.4164 -2.418 -0.93 -9.0396 0.0 56.1664 -4.5384 2.5556 1.7552 -1.1532 -8.5816 12.8136 16.5652 
3.8552 57.912 44.3592 74.5032 0.3648 -0.2176 -4.1256 -2.544 5.0888 11.6792 -3.0592 3.1064 1.5696 -6.0944 4.3632 9.7856 16.4632 1.8992 76.1728 0.0856 5.708 17.6272 8.1256 16.296 137.1296 8.2408 30.0392 2.9192 12.1352 29.888 23.0848 3.9512 -0.4328 11.4408 2.5888 15.804 0.0 33.0312 9.4368 2.0368 0.0 -4.6464 89.096 10.304 -0.0656 -1.008 34.148 -2.2864 19.8232 0.0 2.172 2.2112 3.976 2.06 -4.2768 0.0 6.0512 -2.0272 8.0048 -4.2784 0.2944 9.2872 5.0688 38.0816 
-14.0356 168.944 56.7524 138.2404 0.9656 1.5728 259.0268 386.812 182.5036 42.2824 40.0976 5.5708 1.6112 235.9132 31.8804 16.4632 559.1604 0.6724 186.4916 8.9032 119.866 165.3384 94.6032 152.362 242.8012 71.7176 121.8924 -21.7376 36.6144 123.996 304.5156 538.6364 8.1384 16.9076 6.8936 38.208 0.0 35.5964 96.7896 4.7396 0.0 -41.1308 510.352 48.118 2.8568 12.664 35.116 -2.9208 115.3004 0.0 12.954 3.7564 42.282 8.57 721.9004 0.0 452.9664 300.0016 52.0156 650.3152 4.3268 22.2984 2.6136 131.8652 
0.6364 9.084 8.1244 5.9924 0.0136 -0.2232 -5.2092 -3.208 -1.3084 7.9144 -2.3944 0.2348 0.3472 1.6292 -0.6276 1.8992 0.6724 9.1444 4.7796 0.6992 10.166 1.2104 1.9792 4.742 10.0372 -1.3144 16.6844 4.4744 3.3464 16.956 2.0636 -3.0516 -0.3496 5.4556 0.1216 1.168 0.0 5.9084 -0.4624 0.1076 0.0 5.0852 4.252 -0.422 0.0008 -0.816 3.876 -2.0248 1.6524 0.0 0.934 3.0484 -0.858 1.17 -3.2076 0.0 1.5984 -1.5704 1.3836 -3.5088 0.0508 12.1504 10.6816 7.0812 
-11.7924 405.956 401.6596 739.8716 3.9024 -1.4888 -25.3828 18.488 37.6044 -7.5704 -6.3296 31.0732 -1.2752 -2.7772 57.2716 76.1728 186.4916 4.7796 797.4564 1.0328 28.914 120.9136 66.5528 0.318 1405.8148 -14.0296 -37.8404 -0.9304 67.0176 -36.196 212.5324 89.6156 -2.7664 94.9204 26.9544 146.832 0.0 287.5756 -17.9816 19.4084 0.0 -24.7732 926.728 119.082 -0.2528 -5.864 277.944 -5.1432 173.6516 0.0 -6.974 -9.5044 -6.422 -2.47 58.6916 0.0 27.7856 21.9464 46.2924 59.3608 -2.3828 -1.2664 72.1344 248.1108 
