64 2 3
0.98 0.02 
0.02 0.98 
0.06 0.94 
2.34693877551 0.204081632653 0.775510204082 0.183673469388 2.9387755102 0.0408163265306 2.0 4.28571428571 9.26530612245 0.102040816327 2.65306122449 0.102040816327 5.4693877551 1.24489795918 0.69387755102 0.102040816327 2.08163265306 0.408163265306 1.40816326531 1.34693877551 2.91836734694 2.42857142857 0.938775510204 1.97959183673 0.183673469388 0.591836734694 2.61224489796 1.91836734694 0.265306122449 0.734693877551 1.77551020408 1.85714285714 2.44897959184 1.22448979592 0.142857142857 0.775510204082 0.0408163265306 1.34693877551 0.959183673469 0.0 0.0408163265306 4.55102040816 1.5306122449 0.0204081632653 1.22448979592 1.69387755102 2.0 1.04081632653 1.85714285714 0.0 3.95918367347 0.897959183673 0.0816326530612 0.714285714286 0.857142857143 0.0408163265306 5.38775510204 0.0612244897959 8.4693877551 1.26530612245 4.44897959184 3.28571428571 0.877551020408 2.73469387755 
156.0 4.03706463164e-194 17.0 17.0 2.0 7.64299612945e-195 1.52892384545e-192 1.53591489896e-192 7.0 8.0 1.79670891171e-192 1.93507255749e-194 113.0 5.01622790388e-193 3.32283445242e-193 1.88330914127e-194 11.0 3.8034910345e-193 7.92953181456e-193 32.0 51.0 194.0 140.0 20.0 1.64265897519e-193 322.0 152.0 36.0 1.0 63.0 150.0 13.0 2.29704831422e-192 72.0 7.69948386505e-194 154.0 2.91188484837e-199 13.0 347.0 0.0 6.79518628745e-195 3.59836813048e-192 21.0 6.79504069321e-195 7.24694205576e-193 7.07790644273e-193 66.0 5.90128788622e-193 238.0 0.0 2.88282676962e-192 6.70856012392e-193 6.00469581524e-194 267.0 4.09268527478e-193 1.35900813864e-194 47.0 2.35546563576e-194 21.0 6.18667974902e-193 37.0 118.0 150.0 4.0 
5.0 150.0 3.78920262734e-182 9.0 2.63029259864e-184 2.94933727789e-183 11.0 18.0 8.0 129.0 2.18517989495e-182 1.0 1.06548271639e-182 3.0 1.19498031284e-182 5.0 24.0 3.0 3.10681757492e-182 4.99573382769e-183 17.0 22.0 11.0 21.0 5.03742180563e-182 1.83298394497e-182 355.0 2.93745049302e-182 55.0 364.0 35.0 14.0 2.40988289087e-183 10.0 1.32915350856e-183 7.80337216085e-183 0.0 3.15274241774e-182 3.0 9.32030686486e-184 0.0 3.0 3.0 1.0 2.13803088983e-184 4.0 1.0 2.06758987341e-182 18.0 0.0 31.0 28.0 8.39672420967e-183 25.0 3.1993571994e-182 0.0 16.0 1.54386165467e-182 5.0 3.39187760167e-182 4.0 3.0 4.46153668105e-182 121.0 
2.40816326531 3.67346938776 6.79591836735 4.77551020408 0.0408163265306 0.530612244898 11.6326530612 15.7551020408 4.67346938776 0.591836734694 3.91836734694 0.204081632653 2.12244897959 8.48979591837 1.89795918367 0.795918367347 6.51020408163 0.612244897959 5.04081632653 0.897959183673 11.7959183673 3.18367346939 3.73469387755 14.1632653061 7.73469387755 2.89795918367 0.571428571429 5.26530612245 0.877551020408 0.122448979592 3.91836734694 8.14285714286 0.571428571429 3.20408163265 0.244897959184 1.22448979592 0.0 5.36734693878 3.65306122449 0.142857142857 0.0 7.87755102041 14.0204081633 2.73469387755 0.122448979592 1.55102040816 7.5306122449 3.34693877551 2.55102040816 0.0 1.51020408163 1.73469387755 1.32653061224 5.09336489645e-241 4.95918367347 0.0 18.8163265306 2.48979591837 2.48979591837 5.79591836735 0.551020408163 7.65306122449 7.38775510204 5.87755102041 
8.08406179659e-186 6.66666666667 4.6382090611e-184 3.52861684403e-184 4.57549058504e-185 1.00513616358e-183 0.333333333333 1.66666666667 2.33333333333 6.40776183172e-184 7.5026931262e-186 5.33333333333 8.12002709724e-185 0.333333333333 24.0 13.6666666667 5.0 1.52729163432e-183 1.79538007738e-185 1.66381543802e-184 3.74878796458e-184 0.333333333333 0.333333333333 1.00979457573e-183 1.10033015984e-183 0.0 0.0 2.6893485015e-184 0.333333333333 1.90135278148e-190 1.0 9.33333333333 1.70658797558e-185 1.0 9.01145139242e-184 4.23577740532e-184 9.07075526839e-185 5.42569844082e-184 1.50753371849e-184 2.66666666667 48.3333333333 6.70819287534e-185 1.66666666667 4.33333333333 4.87148070855e-184 0.0 2.60584247752e-184 3.83091133584e-184 3.33333333333 76.0 6.26313296743e-185 4.48589726159e-184 23.6666666667 6.21578610742e-186 0.0 32.6666666667 2.66666666667 0.0 3.66666666667 1.07850617549e-185 5.39253087747e-186 3.30568129239e-184 2.62897185562e-184 3.0 
0.106382978723 6.02127659574 4.55319148936 3.29787234043 0.531914893617 6.89361702128 3.70212765957 5.55319148936 5.02127659574 5.65957446809 0.063829787234 4.40425531915 1.06382978723 4.51063829787 8.74468085106 5.70212765957 9.78723404255 11.3191489362 0.148936170213 2.31914893617 4.14893617021 5.04255319149 4.3829787234 9.72340425532 8.48936170213 0.0 0.0 2.72340425532 10.170212766 0.063829787234 5.72340425532 9.91489361702 0.212765957447 4.21276595745 7.3829787234 3.1914893617 1.06382978723 4.70212765957 1.51063829787 2.74468085106 3.72340425532 0.63829787234 8.27659574468 6.82978723404 4.21276595745 0.0 2.87234042553 3.02127659574 2.3829787234 0.702127659574 0.574468085106 3.14893617021 3.6170212766 0.0425531914894 0.0 4.31914893617 6.65957446809 0.0 2.48936170213 0.0851063829787 0.0425531914894 3.23404255319 2.3829787234 4.3829787234 
25.4306538942 0.0720533111204 1.48604748022 0.405664306539 32.1232819658 0.271553519367 4.24489795918 5.26822157434 -4.54102457309 -0.11703456893 9.28363182007 0.0666389004581 57.4085797584 -0.0441482715535 3.71845064556 0.127863390254 -1.41607663474 -0.835485214494 7.08288213244 1.10412328197 8.35485214494 -2.00583090379 -0.162432319867 5.68054977093 2.22199083715 -0.00124947938359 1.86922115785 3.64056643065 1.47938359017 1.86755518534 -1.61599333611 -2.60349854227 -1.35985006247 -0.792169929196 1.09329446064 -0.799666805498 -0.0957934194086 11.3898375677 -1.04706372345 0.0 -0.0345689296127 -4.72178259059 9.77509371095 0.0133277800916 -2.15951686797 8.57559350271 7.77551020408 -1.11620158267 -0.991253644315 0.0 -0.230737192836 2.15785089546 -0.191586838817 3.83381924198 5.53935860058 0.0266555601833 13.2124114952 0.305289462724 -6.6322365681 7.78550603915 40.599333611 20.6151603499 4.98125780925 31.683881716 
0.0720533111204 1.69304456476 -0.158267388588 -0.0374843815077 -0.39566847147 0.012078300708 -0.367346938776 2.55393586006 -0.870470637234 -0.0208246563932 -0.521032902957 0.244481466056 -0.626405664307 1.01124531445 1.08288213244 0.0403998334027 -0.0166597251145 -0.0628904623074 -0.246563931695 0.133277800916 0.608496459808 -0.475218658892 -0.130362349021 1.6980424823 -0.0374843815077 -0.100374843815 -0.226988754686 -0.0649729279467 -0.0541441066222 -0.0683048729696 -0.137859225323 -0.31778425656 -0.499791753436 -0.209079550187 -0.0291545189504 -0.0766347355269 0.114119117035 -0.27488546439 -0.195751770096 0.0 0.154935443565 1.45897542691 1.7488546439 0.0978758850479 -0.249895876718 -0.162015826739 0.142857142857 -0.151187005414 -0.0116618075802 0.0 -0.440649729279 -0.162848812995 -0.0166597251145 0.0991253644315 0.069970845481 0.195751770096 1.24739691795 0.0283215326947 -0.401915868388 -0.156184922949 1.39816743024 -0.119533527697 0.5964181591 -0.41524364848 
1.48604748022 -0.158267388588 6.64348188255 1.20449812578 -2.21782590587 0.0295710120783 1.16326530612 2.83965014577 3.56976259892 0.410662224073 9.69762598917 -0.079133694294 -1.20074968763 0.87130362349 -0.109537692628 -0.0179092044981 -0.00208246563932 -0.112453144523 9.88754685548 1.50645564348 5.6143273636 6.93294460641 0.578092461474 1.9341940858 0.306538942107 0.928779675135 13.9537692628 1.53269471054 1.73302790504 1.30778842149 0.153685964182 -1.01166180758 -1.08288213244 -0.480216576426 0.0320699708455 0.561849229488 -0.0316534777176 4.93502707205 2.05206164098 0.0 -0.0316534777176 -0.0803831736776 0.996668054977 -0.0158267388588 3.5605997501 4.29862557268 5.77551020408 6.78467305289 0.069970845481 0.0 1.23573511037 2.11995002082 -0.0633069554352 2.18075801749 0.355685131195 -0.0316534777176 2.35235318617 -0.0270720533111 6.35027072053 4.42690545606 7.28446480633 1.92128279883 1.8908788005 1.40982923782 
0.405664306539 -0.0374843815077 1.20449812578 1.35401915868 1.8071636818 -0.00749687630154 0.918367346939 0.253644314869 1.68596418159 0.164931278634 1.39025406081 -0.0187421907539 2.95460224906 0.301957517701 -0.107038733861 -0.0187421907539 -0.076218242399 -0.0341524364848 1.65972511454 0.201582673886 1.66805497709 1.26822157434 0.0520616409829 0.391503540192 0.190753852561 0.238234069138 3.47938359017 0.586422324032 0.522698875469 0.538525614327 -0.0403998334027 -0.218658892128 -0.021241149521 -0.102457309454 -0.0262390670554 0.184089962516 -0.00749687630154 1.58933777593 0.864639733444 0.0 -0.00749687630154 -0.264473136193 0.739275301958 -0.00374843815077 0.673052894627 1.17867555185 1.48979591837 1.31903373594 -0.0145772594752 0.0 0.374843815077 0.73302790504 -0.0149937526031 0.31778425656 -0.0758017492711 -0.00749687630154 1.15326947105 -0.0112453144523 2.58725531029 0.706372344856 2.2032486464 1.90670553936 0.0428987921699 1.86505622657 
32.1232819658 -0.39566847147 -2.21782590587 1.8071636818 265.261557684 0.0841316118284 42.9183673469 1.527696793 13.9754269055 -0.299875052062 -7.59266972095 -0.299875052062 375.845064556 -1.14827155352 0.307788421491 -0.299875052062 -2.40316534777 -1.19950020825 -3.68929612661 -1.87671803415 46.5460224906 -1.62682215743 -2.7384423157 8.34568929613 15.8887963349 -0.0862140774677 -6.86047480217 29.5664306539 6.26114119117 -1.58767180342 -2.23823406914 -1.8250728863 15.7825905873 3.72802998751 -0.419825072886 -1.87088713036 -0.119950020825 64.1028738026 -0.839233652645 0.0 -0.119950020825 -12.762182424 61.2569762599 -0.0599750104123 -1.82299042066 -4.54935443565 30.8775510204 -2.65056226572 -5.45772594752 0.0 -10.4922948771 18.605997501 -0.219491878384 -2.0583090379 -2.51895043732 -0.119950020825 91.4931278634 -0.179925031237 -23.8692211579 -3.71845064556 -10.4827155352 160.119533528 -2.37484381508 159.616409829 
0.271553519367 0.012078300708 0.0295710120783 -0.00749687630154 0.0841316118284 1.03915035402 -0.0204081632653 0.33527696793 -0.255726780508 -0.00416493127863 0.503956684715 -0.00416493127863 0.0216576426489 0.194085797584 -0.0283215326947 -0.00416493127863 -0.0441482715535 -0.0166597251145 0.146605581008 -0.054977092878 -0.0170762182424 -0.0991253644315 0.0229071220325 0.164098292378 -0.00749687630154 -0.0241566014161 0.260724698042 -0.057892544773 -0.0108288213244 -0.0299875052062 -0.0724698042482 -0.0349854227405 -0.0999583506872 0.0112453144523 -0.00583090379009 0.00916284881299 -0.00166597251145 -0.054977092878 -0.0391503540192 0.0 -0.00166597251145 -0.0428987921699 -0.0624739691795 -0.000832986255727 -0.0499791753436 -0.0691378592253 0.102040816327 -0.0424822990421 -0.0758017492711 0.0 -0.0187421907539 0.0245730945439 -0.00333194502291 0.174927113703 -0.0349854227405 -0.00166597251145 -0.0362349021241 -0.00249895876718 -0.2436484798 0.0912119950021 0.328613077884 0.0291545189504 0.474385672636 -0.00957934194086 
4.24489795918 -0.367346938776 1.16326530612 0.918367346939 42.9183673469 -0.0204081632653 51.4081632653 -2.36734693878 22.9591836735 0.612244897959 2.5306122449 -0.204081632653 58.1836734694 0.918367346939 -0.571428571429 -0.204081632653 34.2448979592 0.65306122449 0.612244897959 17.3265306122 12.4285714286 59.3469387755 0.938775510204 1.08163265306 2.4693877551 18.5918367347 8.18367346939 7.97959183673 2.16326530612 6.0 33.0 31.9387755102 100.979591837 2.36734693878 -0.142857142857 1.75510204082 -0.0816326530612 10.0 25.1224489796 0.0 -0.0816326530612 5.08163265306 8.69387755102 -0.0408163265306 17.306122449 0.551020408163 8.48979591837 -0.163265306122 1.85714285714 0.0 4.75510204082 4.75510204082 0.102040816327 -0.204081632653 -1.02040816327 -0.0816326530612 16.3265306122 -0.102040816327 20.4897959184 0.142857142857 2.9387755102 27.0408163265 0.69387755102 25.5714285714 
5.26822157434 2.55393586006 2.83965014577 0.253644314869 1.527696793 0.33527696793 -2.36734693878 43.1632653061 156.638483965 -0.437317784257 35.9766763848 0.542274052478 13.3556851312 14.1749271137 10.9037900875 0.113702623907 5.71137026239 9.37317784257 9.8833819242 3.18658892128 14.4314868805 4.75510204082 15.8134110787 19.0466472303 0.294460641399 -1.59766763848 11.2128279883 31.1253644315 0.0874635568513 -0.842565597668 13.6355685131 4.51020408163 -9.8833819242 21.4052478134 1.5306122449 13.166180758 -0.174927113703 4.8804664723 -1.72303206997 0.0 0.437317784257 95.6793002915 13.3586005831 0.524781341108 2.18075801749 3.14868804665 12.6734693878 8.00874635569 32.0408163265 0.0 61.7055393586 9.00874635569 1.46647230321 3.9387755102 7.4693877551 1.04956268222 50.0524781341 0.411078717201 140.212827988 8.67930029155 11.443148688 21.7959183673 9.89212827988 6.52478134111 
-4.54102457309 -0.870470637234 3.56976259892 1.68596418159 13.9754269055 -0.255726780508 22.9591836735 156.638483965 1882.54185756 1.23823406914 304.418575594 0.891295293628 144.630570596 94.2819658476 -6.08204914619 1.8504789671 90.4273219492 108.871303623 41.8508954602 -9.68388171595 71.1032902957 28.3352769679 176.077467722 47.5360266556 1.5022907122 -0.810079133694 16.3885880883 346.797167847 4.09287796751 4.74385672636 177.32486464 90.0991253644 -17.0374843815 251.940441483 -1.32361516035 159.835068721 -0.3781757601 16.6630570596 28.1332778009 0.0 -0.3781757601 962.670137443 4.36942940441 -0.18908788005 -9.85547688463 -0.224906289046 55.1632653061 -4.35776759683 374.711370262 0.0 723.214910454 94.6801332778 17.876301541 9.25947521866 3.85422740525 -0.3781757601 393.264473136 1.26947105373 1717.85506039 2.58267388588 68.003331945 213.699708455 -5.11037067888 71.6622240733 
-0.11703456893 -0.0208246563932 0.410662224073 0.164931278634 -0.299875052062 -0.00416493127863 0.612244897959 -0.437317784257 1.23823406914 1.25489379425 -0.148271553519 -0.0104123281966 -0.496876301541 0.240316534777 -0.0708038317368 -0.0104123281966 -0.21241149521 -0.0416493127863 -0.143690129113 -0.137442732195 0.334860474802 -0.247813411079 -0.0957934194086 0.206164098292 -0.0187421907539 0.123281965848 1.81507705123 -0.012078300708 0.279050395668 0.59850062474 -0.181174510621 -0.107871720117 0.0562265722616 -0.0841316118284 -0.0145772594752 0.16576426489 -0.00416493127863 0.0462307371928 0.942940441483 0.0 -0.00416493127863 -0.464389837568 -0.0337359433569 -0.00208246563932 -0.124947938359 0.745522698875 0.285714285714 -0.106205747605 -0.128279883382 0.0 0.208246563932 0.336942940441 -0.00832986255727 0.0495626822157 -0.0874635568513 -0.00416493127863 -0.223240316535 -0.00624739691795 2.62557267805 0.115785089546 1.87255310287 0.215743440233 -0.0895460224906 0.271970012495 
9.28363182007 -0.521032902957 9.69762598917 1.39025406081 -7.59266972095 0.503956684715 2.5306122449 35.9766763848 304.418575594 -0.148271553519 100.246980425 -0.270720533111 15.8363182007 15.2686380675 -1.84089962516 -0.270720533111 16.1099541858 17.2844648063 45.8558933778 -3.57351103707 21.1961682632 11.2303206997 33.2644731362 14.7072053311 1.26780508122 2.06247396918 4.62057476052 62.4206580591 3.8879633486 -1.45939192003 30.2894627239 13.3381924198 -6.29321116202 41.6901291129 -0.379008746356 26.4323198667 -0.108288213244 6.48771345273 2.23073719284 0.0 -0.108288213244 167.497292795 -0.468971261974 -0.0541441066222 -3.24864639733 -3.80008329863 15.8775510204 -2.76134943773 61.6034985423 0.0 114.067471887 15.8625572678 2.84464806331 11.1253644315 -0.518950437318 -0.108288213244 64.9916701374 -0.162432319867 272.571012078 15.8675551853 18.2782174094 35.4868804665 13.345272803 6.0508121616 
0.0666389004581 0.244481466056 -0.079133694294 -0.0187421907539 -0.299875052062 -0.00416493127863 -0.204081632653 0.542274052478 0.891295293628 -0.0104123281966 -0.270720533111 1.17326114119 0.0541441066222 0.0770512286547 0.174094127447 0.112036651395 0.154935443565 -0.000832986255727 -0.143690129113 0.18908788005 0.232819658476 -0.206997084548 0.0266555601833 0.328613077884 -0.0187421907539 -0.0195751770096 0.304872969596 0.0899625156185 -0.0270720533111 0.088296543107 0.0841316118284 -0.148688046647 -0.249895876718 -0.0841316118284 -0.0145772594752 0.00249895876718 0.0774677217826 -0.137442732195 -0.0978758850479 0.0 0.0570595585173 0.00499791753436 0.476468138276 0.018325697626 -0.124947938359 0.0108288213244 -0.0816326530612 0.0162432319867 0.545189504373 0.0 0.167430237401 -0.0508121615993 -0.00832986255727 0.416909620991 0.402332361516 0.036651395252 0.491045397751 0.0753852561433 1.58475635152 0.0749687630154 0.729695960017 -0.0903790087464 0.196168263224 -0.197417742607 
57.4085797584 -0.626405664307 -1.20074968763 2.95460224906 375.845064556 0.0216576426489 58.1836734694 13.3556851312 144.630570596 -0.496876301541 15.8363182007 0.0541441066222 557.208246564 2.35443565181 -0.40733027905 0.360266555602 0.85964181591 5.0941274469 4.66555601833 -5.20366513953 73.6097459392 -3.83381924198 8.25322782174 16.6014160766 23.1178675552 -1.23698458975 -5.83840066639 66.2423990004 9.83465222824 -1.05914202416 6.41149521033 -0.851311953353 11.4831320283 20.6293211162 -0.781341107872 7.309454394 -0.223240316535 96.449396085 -2.36859641816 0.0 -0.223240316535 41.3944189921 89.3835901708 -0.111620158267 -4.92169929196 -1.10120783007 49.0816326531 -2.99875052062 19.8833819242 0.0 34.876301541 32.5581007913 0.716784673053 2.05247813411 -0.606413994169 -0.223240316535 157.573094544 0.277384423157 83.3306955435 -1.12453144523 17.9321116202 243.049562682 -2.18742190754 240.104123282 
-0.0441482715535 1.01124531445 0.87130362349 0.301957517701 -1.14827155352 0.194085797584 0.918367346939 14.1749271137 94.2819658476 0.240316534777 15.2686380675 0.0770512286547 2.35443565181 11.1032902957 1.58517284465 -0.127030403998 3.98000832986 5.41024573095 2.63473552686 -1.10537276135 4.81591003748 0.97667638484 8.62723865056 5.51520199917 -0.147022074136 -0.206164098292 3.17659308621 17.1220324865 0.486047480217 0.513952519783 8.218242399 4.05539358601 -2.436484798 12.5164514786 -0.177842565598 8.58558933778 -0.0508121615993 0.404831320283 2.19366930446 0.0 0.153269471054 53.0079133694 2.62515618492 0.178675551853 -0.585589337776 0.768846314036 4.83673469388 0.336942940441 17.7084548105 0.0 36.622240733 4.92294877135 0.898375676801 -0.297376093294 -0.985422740525 0.357351103707 21.2723865056 -0.076218242399 87.4564764681 -0.391503540192 9.07371928363 10.0116618076 0.356518117451 2.55476884631 
3.71845064556 1.08288213244 -0.109537692628 -0.107038733861 0.307788421491 -0.0283215326947 -0.571428571429 10.9037900875 -6.08204914619 -0.0708038317368 -1.84089962516 0.174094127447 -0.40733027905 1.58517284465 12.4777176177 -0.0708038317368 -0.954602249063 -0.283215326947 -0.977092877968 5.49396084965 2.17909204498 -1.68513119534 -0.651395251978 7.07538525614 0.0154102457309 -0.410662224073 -1.81257809246 -0.535193669304 -0.12286547272 1.20449812578 -0.987088713036 -1.28862973761 -1.57684298209 -0.788421491045 2.90087463557 -0.538109121199 -0.0283215326947 -0.342773844232 -0.665556018326 0.0 0.216576426489 2.47480216576 7.16243231987 0.230737192836 -0.42107455227 4.21241149521 3.75510204082 0.134943773428 -1.28862973761 0.0 -2.74718867139 -0.439400249896 -0.0566430653894 -0.495626822157 11.4052478134 0.461474385673 7.83298625573 0.386089129529 -5.87671803415 9.83631820075 0.831320283215 0.597667638484 0.860474802166 1.69429404415 
0.127863390254 0.0403998334027 -0.0179092044981 -0.0187421907539 -0.299875052062 -0.00416493127863 -0.204081632653 0.113702623907 1.8504789671 -0.0104123281966 -0.270720533111 0.112036651395 0.360266555602 -0.127030403998 -0.0708038317368 1.21407746772 0.277384423157 0.0195751770096 -0.143690129113 -0.0149937526031 0.192003331945 -0.186588921283 0.0878800499792 0.0428987921699 -0.0187421907539 0.000832986255727 0.59058725531 0.17159516868 -0.0270720533111 0.169929196168 0.186172428155 -0.128279883382 -0.249895876718 0.0383173677634 -0.0145772594752 0.0841316118284 -0.00416493127863 -0.137442732195 -0.0978758850479 0.0 -0.00416493127863 -0.464389837568 0.231570179092 -0.00208246563932 -0.124947938359 0.0720533111204 -0.102040816327 0.0774677217826 0.932944606414 0.0 0.453144523115 -0.030403998334 -0.00832986255727 0.661807580175 0.6472303207 -0.00416493127863 0.531861724282 0.116201582674 2.85006247397 0.177009579342 0.831736776343 -0.0495626822157 0.0329029571012 -0.136193252811 
-1.41607663474 -0.0166597251145 -0.00208246563932 -0.076218242399 -2.40316534777 -0.0441482715535 34.2448979592 5.71137026239 90.4273219492 -0.21241149521 16.1099541858 0.154935443565 0.85964181591 3.98000832986 -0.954602249063 0.277384423157 36.7076218242 5.21157850895 4.57892544773 14.5226988755 6.27197001249 52.8425655977 8.65805914202 1.2465639317 -0.137442732195 15.3394418992 1.88879633486 16.7005414411 0.0599750104123 3.2869637651 36.6713869221 31.3790087464 81.6572261558 11.5735110371 -0.297376093294 7.52852977926 -0.0849645980841 -0.70179092045 18.4727197001 0.0 -0.0441482715535 46.1795085381 -0.778009162849 -0.00166597251145 14.8184089963 -2.48521449396 3.48979591837 0.690545605998 19.4606413994 0.0 33.5543523532 3.43690129113 0.809662640566 1.45189504373 0.419825072886 -0.00333194502291 17.9683465223 0.199083715119 83.5739275302 0.386505622657 -0.0774677217826 6.1195335277 0.540608079967 -1.40691378592 
-0.835485214494 -0.0628904623074 -0.112453144523 -0.0341524364848 -1.19950020825 -0.0166597251145 0.65306122449 9.37317784257 108.871303623 -0.0416493127863 17.2844648063 -0.000832986255727 5.0941274469 5.41024573095 -0.283215326947 0.0195751770096 5.21157850895 7.48646397334 1.690545606 -0.284464806331 3.23740108288 2.21282798834 10.3311120367 2.64098292378 -0.0749687630154 -0.221157850895 0.158267388588 19.9108704706 -0.108288213244 -0.218242399 10.4589754269 5.527696793 -0.999583506872 14.9491878384 -0.0583090379009 9.27530195752 -0.0166597251145 0.531861724282 1.07788421491 0.0 -0.0166597251145 57.2852977926 -0.420658059142 -0.00832986255727 -0.0508121615993 -0.324031653478 2.81632653061 0.391503540192 21.6501457726 0.0 42.6084964598 5.28654727197 1.0687213661 -0.0466472303207 -0.104956268222 -0.0166597251145 22.27030404 0.0158267388588 98.0533111204 -0.414410662224 2.00041649313 10.944606414 -0.235735110371 2.7205331112 
7.08288213244 -0.246563931695 9.88754685548 1.65972511454 -3.68929612661 0.146605581008 0.612244897959 9.8833819242 41.8508954602 -0.143690129113 45.8558933778 -0.143690129113 4.66555601833 2.63473552686 -0.977092877968 -0.143690129113 4.57892544773 1.690545606 41.0374843815 -1.05997501041 14.012911287 10.0903790087 7.20866305706 4.11037067888 1.53727613494 2.75843398584 2.11745106206 14.1965847564 4.11620158267 -0.973344439817 5.82632236568 0.588921282799 -3.44856309871 4.72469804248 -0.201166180758 3.96917950854 -0.0574760516451 7.47063723449 -0.860891295294 0.0 -0.0574760516451 26.9791753436 1.70179092045 -0.0287380258226 -0.0712203248646 -1.4260724698 9.83673469388 0.942523948355 10.1195335277 0.0 11.2207413578 2.3273635985 0.252394835485 7.81049562682 0.588921282799 -0.0574760516451 12.2090795502 -0.0862140774677 36.0737192836 14.6672219908 9.38817159517 7.84256559767 4.00916284881 0.638900458142 
1.10412328197 0.133277800916 1.50645564348 0.201582673886 -1.87671803415 -0.054977092878 17.3265306122 3.18658892128 -9.68388171595 -0.137442732195 -3.57351103707 0.18908788005 -5.20366513953 -1.10537276135 5.49396084965 -0.0149937526031 14.5226988755 -0.284464806331 -1.05997501041 16.9816743024 2.68138275718 32.2186588921 -1.1420241566 0.802998750521 -0.247396917951 7.81507705123 10.0120783007 -2.33902540608 -0.357351103707 2.58184089963 13.8942107455 13.5189504373 43.4156601416 -1.36359850062 1.95043731778 -0.96293211162 0.189920866306 2.00208246564 8.99375260308 0.0 0.0674718867139 -5.4768846314 1.34652228238 -0.027488546439 12.7180341524 4.96334860475 4.87755102041 9.27155351937 -1.7667638484 0.0 -2.29196168263 0.178259058726 -0.109954185756 -0.472303206997 7.90670553936 -0.054977092878 2.3960849646 0.305289462724 -8.95876718034 6.23448563099 -4.03331945023 -2.69096209913 1.02207413578 -0.724281549354 
8.35485214494 0.608496459808 5.6143273636 1.66805497709 46.5460224906 -0.0170762182424 12.4285714286 14.4314868805 71.1032902957 0.334860474802 21.1961682632 0.232819658476 73.6097459392 4.81591003748 2.17909204498 0.192003331945 6.27197001249 3.23740108288 14.012911287 2.68138275718 22.5035401916 12.3819241983 6.46438983757 8.65139525198 3.44356518117 2.43606830487 13.6214077468 19.8504789671 3.2869637651 1.34568929613 8.75718450646 3.53935860058 7.71012078301 8.22240733028 0.0116618075802 5.36942940441 -0.119117034569 17.6201582674 3.73136193253 0.0 0.0849645980841 33.4123281966 16.7167846731 0.144523115369 3.79383590171 3.09745939192 14.2040816327 6.59516867972 13.3965014577 0.0 22.6293211162 8.35901707622 0.496459808413 3.93586005831 1.86588921283 0.289046230737 37.5622657226 0.209079550187 62.5281132861 5.89920866306 10.016243232 39.4314868805 2.56143273636 32.3660974594 
-2.00583090379 -0.475218658892 6.93294460641 1.26822157434 -1.62682215743 -0.0991253644315 59.3469387755 4.75510204082 28.3352769679 -0.247813411079 11.2303206997 -0.206997084548 -3.83381924198 0.97667638484 -1.68513119534 -0.186588921283 52.8425655977 2.21282798834 10.0903790087 32.2186588921 12.3819241983 109.081632653 3.14868804665 0.00874635568513 0.0437317784257 26.9096209913 28.9620991254 6.15743440233 0.580174927114 5.21574344023 51.7696793003 48.0612244898 143.093294461 3.2915451895 -0.34693877551 2.36151603499 -0.0991253644315 9.62682215743 31.0583090379 0.0 -0.0991253644315 15.416909621 -0.166180758017 -0.0495626822157 39.3527696793 4.53935860058 12.4489795918 22.9212827988 5.89795918367 0.0 14.6501457726 3.90087463557 0.230320699708 0.469387755102 -1.34693877551 -0.0991253644315 9.93586005831 -0.107871720117 23.5743440233 1.19241982507 -3.45772594752 1.22448979592 3.33819241983 -0.763848396501 
-0.162432319867 -0.130362349021 0.578092461474 0.0520616409829 -2.7384423157 0.0229071220325 0.938775510204 15.8134110787 176.077467722 -0.0957934194086 33.2644731362 0.0266555601833 8.25322782174 8.62723865056 -0.651395251978 0.0878800499792 8.65805914202 10.3311120367 7.20866305706 -1.1420241566 6.46438983757 3.14868804665 18.3227821741 4.85589337776 0.0316534777176 -0.0658059142024 -0.554352353186 32.8929612661 0.26114119117 -0.444814660558 17.0474802166 8.54227405248 -2.29904206581 24.0137442732 -0.134110787172 14.9862557268 -0.0383173677634 0.837567680133 1.4872969596 0.0 -0.0383173677634 92.7480216576 -0.661391087047 -0.0191586838817 -1.10870470637 -1.18200749688 4.81632653061 -0.79341940858 35.583090379 0.0 67.8954602249 8.38150770512 1.69887546855 1.53352769679 0.134110787172 -0.0383173677634 35.9012911287 0.0649729279467 158.926697209 1.28154935444 4.59891711787 17.9562682216 0.931278633903 3.77967513536 
5.68054977093 1.6980424823 1.9341940858 0.391503540192 8.34568929613 0.164098292378 1.08163265306 19.0466472303 47.5360266556 0.206164098292 14.7072053311 0.328613077884 16.6014160766 5.51520199917 7.07538525614 0.0428987921699 1.2465639317 2.64098292378 4.11037067888 0.802998750521 8.65139525198 0.00874635568513 4.85589337776 14.3669304456 0.656809662641 -0.538942107455 6.46147438567 10.8962932112 0.658475635152 0.708871303623 3.36276551437 0.221574344023 -3.70512286547 6.5964181591 0.860058309038 3.91378592253 -0.0807996668055 3.86422324032 0.305289462724 0.0 0.327363598501 32.3785922532 10.5618492295 0.367763431903 -0.464806330696 2.32028321533 6.48979591837 1.47022074136 9.1195335277 0.0 18.0807996668 4.01832569763 0.389421074552 2.5860058309 3.77259475219 0.735526863807 22.048729696 0.164514785506 43.1320283215 5.31153685964 11.4581424406 13.4752186589 7.36484798001 8.46397334444 
2.22199083715 -0.0374843815077 0.306538942107 0.190753852561 15.8887963349 -0.00749687630154 2.4693877551 0.294460641399 1.5022907122 -0.0187421907539 1.26780508122 -0.0187421907539 23.1178675552 -0.147022074136 0.0154102457309 -0.0187421907539 -0.137442732195 -0.0749687630154 1.53727613494 -0.247396917951 3.44356518117 0.0437317784257 0.0316534777176 0.656809662641 2.0478967097 0.0545605997501 -0.479800083299 2.23948354852 0.583923365264 -0.134943773428 -0.122032486464 -0.30029154519 0.40733027905 0.244481466056 -0.0262390670554 -0.0608079966681 -0.00749687630154 4.26280716368 -0.176176593086 0.0 -0.00749687630154 -0.264473136193 3.88213244481 -0.00374843815077 -0.224906289046 -0.311120366514 2.22448979592 -0.191170345689 -0.0962099125364 0.0 -0.686380674719 1.16159933361 -0.0149937526031 0.195335276968 -0.0758017492711 -0.00749687630154 5.8879633486 -0.0112453144523 -0.90254060808 0.461474385673 -0.28654727197 10.0087463557 -0.120366513953 9.76301541025 
-0.00124947938359 -0.100374843815 0.928779675135 0.238234069138 -0.0862140774677 -0.0241566014161 18.5918367347 -1.59766763848 -0.810079133694 0.123281965848 2.06247396918 -0.0195751770096 -1.23698458975 -0.206164098292 -0.410662224073 0.000832986255727 15.3394418992 -0.221157850895 2.75843398584 7.81507705123 2.43606830487 26.9096209913 -0.0658059142024 -0.538942107455 0.0545605997501 9.36401499375 2.86214077468 0.0687213660975 0.557267805081 2.36109954186 14.1736776343 13.6967930029 43.3465222824 -0.622657226156 -0.0845481049563 -0.00999583506872 -0.0241566014161 0.121199500208 10.2894627239 0.0 -0.0241566014161 -1.55060391504 -0.334443981674 -0.012078300708 7.84673052895 -0.00249895876718 1.44897959184 0.261557684298 -0.180758017493 0.0 -1.36359850062 -0.000832986255727 -0.0483132028322 0.638483965015 -0.0991253644315 -0.0241566014161 -0.882548937943 0.0045814244065 1.00791336943 0.985839233653 1.18325697626 -0.597667638484 0.419408579758 -0.781757601 
1.86922115785 -0.226988754686 13.9537692628 3.47938359017 -6.86047480217 0.260724698042 8.18367346939 11.2128279883 16.3885880883 1.81507705123 4.62057476052 0.304872969596 -5.83840066639 3.17659308621 -1.81257809246 0.59058725531 1.88879633486 0.158267388588 2.11745106206 10.0120783007 13.6214077468 28.9620991254 -0.554352353186 6.46147438567 -0.479800083299 2.86214077468 71.9312786339 -0.868388171595 2.77634319034 7.57059558517 2.70887130362 0.3527696793 8.19450229071 -2.03540191587 -0.373177842566 1.36193252811 -0.106622240733 14.5222823823 11.739275302 0.0 -0.106622240733 -9.68429820908 2.94044148272 -0.0533111203665 19.6788837984 20.4323198667 16.3265306122 33.566847147 0.985422740525 0.0 12.0453977509 9.47063723449 -0.213244481466 6.41982507289 1.18950437318 -0.106622240733 8.27280299875 0.411495210329 34.6718034152 3.3273635985 29.3577675968 4.60058309038 10.99333611 5.40733027905 
3.64056643065 -0.0649729279467 1.53269471054 0.586422324032 29.5664306539 -0.057892544773 7.97959183673 31.1253644315 346.797167847 -0.012078300708 62.4206580591 0.0899625156185 66.2423990004 17.1220324865 -0.535193669304 0.17159516868 16.7005414411 19.9108704706 14.1965847564 -2.33902540608 19.8504789671 6.15743440233 32.8929612661 10.8962932112 2.23948354852 0.0687213660975 -0.868388171595 69.4014993753 1.83798417326 -0.246147438567 32.7775926697 16.2128279883 -2.55518533944 46.9571012078 -0.274052478134 29.1653477718 -0.0783007080383 10.7834235735 3.77217825906 0.0 -0.0374843815077 179.453144523 8.16576426489 0.00166597251145 -2.34902124115 -1.80049979175 14.3469387755 -1.6293211162 68.6209912536 0.0 131.017076218 19.0120783007 3.27197001249 2.22157434402 0.274052478134 0.00333194502291 83.2765514369 0.127446897126 310.181174511 2.38900458142 10.4856309871 56.5539358601 -0.458975426905 29.3865056227 
1.47938359017 -0.0541441066222 1.73302790504 0.522698875469 6.26114119117 -0.0108288213244 2.16326530612 0.0874635568513 4.09287796751 0.279050395668 3.8879633486 -0.0270720533111 9.83465222824 0.486047480217 -0.12286547272 -0.0270720533111 0.0599750104123 -0.108288213244 4.11620158267 -0.357351103707 3.2869637651 0.580174927114 0.26114119117 0.658475635152 0.583923365264 0.557267805081 2.77634319034 1.83798417326 2.13369429404 0.927530195752 0.0391503540192 -0.390670553936 0.227821740941 -0.0391503540192 -0.0379008746356 0.406497292795 -0.0108288213244 2.64264889629 1.48021657643 0.0 -0.0108288213244 0.221157850895 1.92044981258 -0.00541441066222 -0.324864639733 1.08121615993 2.32653061224 -0.276134943773 0.221574344023 0.0 0.0720533111204 1.12911286964 -0.0216576426489 0.830903790087 -0.0233236151603 -0.0108288213244 2.85630987089 -0.0162432319867 5.20199916701 1.8071636818 4.02374010829 5.27113702624 -0.130778842149 4.84589754269 
1.86755518534 -0.0683048729696 1.30778842149 0.538525614327 -1.58767180342 -0.0299875052062 6.0 -0.842565597668 4.74385672636 0.59850062474 -1.45939192003 0.088296543107 -1.05914202416 0.513952519783 1.20449812578 0.169929196168 3.2869637651 -0.218242399 -0.973344439817 2.58184089963 1.34568929613 5.21574344023 -0.444814660558 0.708871303623 -0.134943773428 2.36109954186 7.57059558517 -0.246147438567 0.927530195752 4.745939192 2.87921699292 2.49271137026 10.4456476468 -0.817992503124 0.466472303207 0.491461890879 -0.0299875052062 0.0512286547272 5.5605997501 0.0 -0.0299875052062 -3.28238234069 0.385672636401 -0.0149937526031 1.32486463973 4.44939608496 1.71428571429 -0.132028321533 0.32944606414 0.0 1.091211995 0.993336109954 -0.0599750104123 0.903790087464 2.63556851312 -0.0299875052062 -0.223656809663 0.199916701374 11.4714702207 2.45814244065 11.302790504 0.0145772594752 -0.277384423157 1.92961266139 
-1.61599333611 -0.137859225323 0.153685964182 -0.0403998334027 -2.23823406914 -0.0724698042482 33.0 13.6355685131 177.32486464 -0.181174510621 30.2894627239 0.0841316118284 6.41149521033 8.218242399 -0.987088713036 0.186172428155 36.6713869221 10.4589754269 5.82632236568 13.8942107455 8.75718450646 51.7696793003 17.0474802166 3.36276551437 -0.122032486464 14.1736776343 2.70887130362 32.7775926697 0.0391503540192 2.87921699292 44.2353186172 34.0087463557 75.7334443982 23.8259058726 -0.253644314869 14.9904206581 -0.0724698042482 0.445231153686 18.3785922532 0.0 -0.0520616409829 92.511453561 -0.982923781758 -0.0158267388588 14.2544773011 -1.74219075385 6.14285714286 1.64181591004 36.2944606414 0.0 68.0928779675 8.05872553103 1.69179508538 1.01749271137 0.151603498542 -0.0316534777176 36.0870470637 0.136193252811 161.084964598 0.141191170346 2.01915868388 16.0029154519 0.564348188255 2.06289046231 
-2.60349854227 -0.31778425656 -1.01166180758 -0.218658892128 -1.8250728863 -0.0349854227405 31.9387755102 4.51020408163 90.0991253644 -0.107871720117 13.3381924198 -0.148688046647 -0.851311953353 4.05539358601 -1.28862973761 -0.128279883382 31.3790087464 5.527696793 0.588921282799 13.5189504373 3.53935860058 48.0612244898 8.54227405248 0.221574344023 -0.30029154519 13.6967930029 0.3527696793 16.2128279883 -0.390670553936 2.49271137026 34.0087463557 31.5306122449 75.5335276968 12.5626822157 -0.265306122449 7.74344023324 -0.0758017492711 -1.27696793003 17.2390670554 0.0 -0.0758017492711 48.2623906706 -2.43440233236 -0.0379008746356 14.0116618076 -2.59475218659 2.51020408163 0.597667638484 18.0 0.0 35.5043731778 3.69970845481 0.889212827988 -0.918367346939 -1.30612244898 -0.0758017492711 16.1166180758 -0.0728862973761 80.7405247813 -1.90087463557 -3.28279883382 6.10204081633 0.0233236151604 -1.18075801749 
-1.35985006247 -0.499791753436 -1.08288213244 -0.021241149521 15.7825905873 -0.0999583506872 100.979591837 -9.8833819242 -17.0374843815 0.0562265722616 -6.29321116202 -0.249895876718 11.4831320283 -2.436484798 -1.57684298209 -0.249895876718 81.6572261558 -0.999583506872 -3.44856309871 43.4156601416 7.71012078301 143.093294461 -2.29904206581 -3.70512286547 0.40733027905 43.3465222824 8.19450229071 -2.55518533944 0.227821740941 10.4456476468 75.7334443982 75.5335276968 238.716784673 -2.63140358184 -0.349854227405 -1.49104539775 -0.0999583506872 0.558517284465 52.7734277384 0.0 -0.0999583506872 -11.1453561016 -0.115785089546 -0.0499791753436 43.7155351937 -2.61765930862 4.42857142857 1.90004164931 -4.44606413994 0.0 -8.67555185339 -0.382757184506 -0.199916701374 -1.54518950437 -2.09912536443 -0.0999583506872 -2.82715535194 -0.149937526031 -14.925031237 -2.690545606 -7.0179092045 1.68804664723 2.29987505206 2.91503540192 
-0.792169929196 -0.209079550187 -0.480216576426 -0.102457309454 3.72802998751 0.0112453144523 2.36734693878 21.4052478134 251.940441483 -0.0841316118284 41.6901291129 -0.0841316118284 20.6293211162 12.5164514786 -0.788421491045 0.0383173677634 11.5735110371 14.9491878384 4.72469804248 -1.36359850062 8.22240733028 3.2915451895 24.0137442732 6.5964181591 0.244481466056 -0.622657226156 -2.03540191587 46.9571012078 -0.0391503540192 -0.817992503124 23.8259058726 12.5626822157 -2.63140358184 36.2353186172 -0.174927113703 21.5605997501 -0.0499791753436 2.02415660142 2.254060808 0.0 -0.0499791753436 133.162015827 0.166597251145 -0.0249895876718 -1.45855893378 -1.95168679717 6.81632653061 -0.968346522282 49.7259475219 0.0 97.6622240733 12.4718867139 2.47147022074 -0.0583090379009 -0.763848396501 -0.0499791753436 53.3619325281 -0.0341524364848 225.40483132 -0.814660558101 3.77675968347 29.4256559767 0.0478967097043 9.8146605581 
1.09329446064 -0.0291545189504 0.0320699708455 -0.0262390670554 -0.419825072886 -0.00583090379009 -0.142857142857 1.5306122449 -1.32361516035 -0.0145772594752 -0.379008746356 -0.0145772594752 -0.781341107872 -0.177842565598 2.90087463557 -0.0145772594752 -0.297376093294 -0.0583090379009 -0.201166180758 1.95043731778 0.0116618075802 -0.34693877551 -0.134110787172 0.860058309038 -0.0262390670554 -0.0845481049563 -0.373177842566 -0.274052478134 -0.0379008746356 0.466472303207 -0.253644314869 -0.265306122449 -0.349854227405 -0.174927113703 1.97959183673 -0.110787172012 -0.00583090379009 -0.192419825073 -0.137026239067 0.0 -0.00583090379009 -0.650145772595 0.781341107872 -0.00291545189504 -0.0320699708455 1.472303207 1.0 0.137026239067 -0.265306122449 0.0 -0.565597667638 -0.128279883382 -0.0116618075802 -0.102040816327 3.87755102041 -0.00583090379009 1.23032069971 0.134110787172 -1.20991253644 3.39067055394 -0.63556851312 -0.326530612245 -0.125364431487 0.32361516035 
-0.799666805498 -0.0766347355269 0.561849229488 0.184089962516 -1.87088713036 0.00916284881299 1.75510204082 13.166180758 159.835068721 0.16576426489 26.4323198667 0.00249895876718 7.309454394 8.58558933778 -0.538109121199 0.0841316118284 7.52852977926 9.27530195752 3.96917950854 -0.96293211162 5.36942940441 2.36151603499 14.9862557268 3.91378592253 -0.0608079966681 -0.00999583506872 1.36193252811 29.1653477718 0.406497292795 0.491461890879 14.9904206581 7.74344023324 -1.49104539775 21.5605997501 -0.110787172012 14.8067471887 -0.0316534777176 0.628904623074 2.76634735527 0.0 -0.0316534777176 82.5522698875 -0.595168679717 -0.0158267388588 -0.949604331529 0.0741357767597 4.65306122449 -0.684714702207 31.4781341108 0.0 61.6643065389 7.91586838817 1.52852977926 0.425655976676 -0.0932944606414 -0.0316534777176 32.0054144107 0.0341524364848 146.289046231 0.243231986672 6.3048729696 16.3498542274 -0.558100791337 4.34860474802 
-0.0957934194086 0.114119117035 -0.0316534777176 -0.00749687630154 -0.119950020825 -0.00166597251145 -0.0816326530612 -0.174927113703 -0.3781757601 -0.00416493127863 -0.108288213244 0.0774677217826 -0.223240316535 -0.0508121615993 -0.0283215326947 -0.00416493127863 -0.0849645980841 -0.0166597251145 -0.0574760516451 0.189920866306 -0.119117034569 -0.0991253644315 -0.0383173677634 -0.0807996668055 -0.00749687630154 -0.0241566014161 -0.106622240733 -0.0783007080383 -0.0108288213244 -0.0299875052062 -0.0724698042482 -0.0758017492711 -0.0999583506872 -0.0499791753436 -0.00583090379009 -0.0316534777176 1.07996668055 -0.054977092878 -0.0391503540192 0.0 0.0391503540192 -0.185755935027 -0.0624739691795 -0.000832986255727 -0.0499791753436 -0.0691378592253 -0.0816326530612 -0.0424822990421 -0.0758017492711 0.0 -0.161599333611 -0.036651395252 -0.00333194502291 -0.0291545189504 -0.0349854227405 -0.00166597251145 -0.219908371512 -0.00249895876718 -0.345689296127 -0.0516451478551 -0.181591003748 -0.134110787172 0.045814244065 -0.111620158267 
