64 3 3
0.04 0.02 0.94 
0.1 0.06 0.84 
0.92 0.06 0.02 
78.0 4.48775935028e-199 8.5 8.5 1.0 7.11090594022e-200 2.0 14.5 155.5 4.0 25.0 2.50224608057e-199 66.0 8.0 1.02280847454e-198 2.67915061255e-199 13.5 9.0 3.0 16.0 31.0 100.5 84.5 14.5 1.3796980617e-198 161.0 76.0 46.0 0.5 31.5 90.0 15.0 1.90518447224e-197 57.0 1.19383878726e-219 90.0 5.29494060044e-204 7.5 175.5 0.0 7.16119320994e-200 80.5 10.5 7.16092846291e-200 6.05132680995e-198 5.27140852036e-198 37.5 5.05641224655e-198 149.0 0.0 59.5 7.5 1.5 133.5 1.30687881972e-198 1.43218569258e-199 56.0 1.78610028488e-199 147.0 3.28700814908e-198 23.0 75.5 75.0 7.0 
10.0 1.87473964736e-196 1.0 3.78069068964e-196 8.13069509684e-195 2.97054638056e-197 1.0 15.0 5.24802548095e-195 1.1068482506e-196 3.03130021824e-195 1.04530113327e-196 1.36134919223e-194 7.2670298151e-196 21.0 1.11920214133e-196 3.3396810323e-195 8.77180855222e-197 2.54708347599e-195 15.0 3.0 6.66604374209e-195 4.44914982989e-196 8.0 5.76362156649e-196 1.69580622823e-195 4.92900691182e-195 1.98840727672e-195 6.35028620772e-196 4.0 3.03256014047e-195 2.57036579913e-195 7.95881549535e-195 3.50164384943e-196 7.0 3.2163820322e-196 2.21193568979e-201 3.67697363441e-195 2.24876411521e-195 0.0 2.99155364297e-197 1.52263341302e-195 7.0 2.99144304618e-197 1.0 12.0 9.0 2.0 1.00320067095e-195 0.0 2.06196930917e-195 1.34921217168e-195 2.45397698163e-205 1.20565354441e-195 28.0 5.98288609237e-197 14.0 1.0 5.13046608168e-195 25.0 7.23153266636e-195 1.0 1.36785390116e-195 5.0 
2.23404255319 0.212765957447 0.787234042553 0.191489361702 3.06382978723 0.0425531914894 1.97872340426 3.53191489362 3.1914893617 0.106382978723 1.70212765957 0.106382978723 5.29787234043 0.957446808511 0.276595744681 0.106382978723 1.82978723404 0.0425531914894 1.34042553191 1.08510638298 2.74468085106 2.3829787234 0.36170212766 1.70212765957 0.191489361702 0.617021276596 2.72340425532 0.808510638298 0.276595744681 0.68085106383 1.21276595745 1.57446808511 2.55319148936 0.382978723404 1.03036338795e-229 0.255319148936 0.0425531914894 1.36170212766 0.914893617021 0.0 0.0425531914894 1.31914893617 1.44680851064 0.0212765957447 1.25531914894 1.51063829787 1.70212765957 1.04255319149 0.659574468085 0.0 1.59574468085 0.617021276596 0.0212765957447 0.744680851064 0.297872340426 0.0425531914894 3.93617021277 0.0425531914894 3.02127659574 0.787234042553 4.44680851064 2.70212765957 0.914893617021 2.53191489362 
1.0 42.4 2.8 4.6 0.2 2.2 81.8 50.2 11.6 28.4 31.4 0.2 3.4 22.2 15.4 1.8 22.6 0.6 0.8 6.26909567499e-202 18.0 18.4 7.0 55.4 1.0 22.8 72.0 1.2 13.6 72.8 16.0 24.4 4.2 4.0 1.0 3.8 0.0 1.2 31.4 0.4 0.0 23.0 15.2 19.6 5.81070026698e-203 0.8 3.8 3.6 10.2 0.0 12.2 6.2 12.8 5.0 1.72108465606e-202 0.0 46.6 1.03011601363e-201 10.4 1.6 0.8 7.8 3.2 30.2 
2.64868051107e-197 0.333333333333 20.3333333333 4.0 2.59639642712e-199 3.22511356184e-198 33.0 103.333333333 20.6666666667 2.79719567237e-198 4.65946711815e-198 2.07711730089e-198 7.33333333333 67.0 3.89459464821e-198 7.12315166234e-198 53.3333333333 1.0 5.66666666667 10.0 78.0 9.66666666667 14.0 30.6666666667 3.33333333333 6.80392608749e-198 4.85177916085e-198 39.6666666667 3.0 4.14714247579e-199 25.3333333333 68.3333333333 1.66666666667 8.33333333333 1.81747749898e-198 1.0371561319e-197 0.0 19.6666666667 2.66666666667 1.29819821356e-198 0.0 38.6666666667 46.3333333333 9.10027377398e-198 0.333333333333 2.0 18.3333333333 3.62568228798e-197 8.0 0.0 0.333333333333 0.333333333333 3.71624790629e-207 1.12720393323e-212 79.6666666667 0.0 99.0 33.3333333333 2.0 72.3333333333 0.666666666667 32.3333333333 93.3333333333 8.0 
2.80952380952 2.78571428571 6.14285714286 4.95238095238 0.0238095238095 0.357142857143 1.7380952381 5.45238095238 2.78571428571 0.380952380952 0.833333333333 0.238095238095 1.54761904762 2.54761904762 0.380952380952 0.833333333333 1.66666666667 0.642857142857 5.38095238095 0.333333333333 6.45238095238 1.35714285714 2.78571428571 8.2380952381 8.66666666667 0.666666666667 0.547619047619 3.16666666667 0.5 0.142857142857 1.69047619048 2.04761904762 0.047619047619 2.90476190476 0.166666666667 0.97619047619 0.0 4.71428571429 0.404761904762 0.119047619048 0.0 3.7619047619 11.3095238095 0.880952380952 0.119047619048 1.66666666667 7.04761904762 3.47619047619 1.61904761905 0.0 1.02380952381 1.92857142857 0.0238095238095 5.86745823384e-224 0.0952380952381 0.0 9.71428571429 0.52380952381 1.64285714286 1.40476190476 0.595238095238 5.7619047619 1.57142857143 5.57142857143 
0.0652173913043 4.71739130435 1.32608695652 1.39130434783 0.54347826087 6.91304347826 2.60869565217 4.10869565217 3.89130434783 1.5 0.0434782608696 4.04347826087 0.934782608696 3.97826086957 9.02173913043 4.08695652174 6.89130434783 1.04347826087 0.0652173913043 2.08695652174 2.78260869565 2.15217391304 2.28260869565 3.95652173913 1.69565217391 0.0 0.0 1.80434782609 3.65217391304 0.0652173913043 3.30434782609 8.26086956522 0.217391304348 1.23913043478 7.39130434783 0.326086956522 1.08695652174 2.97826086957 0.5 0.760869565217 6.76086956522 0.413043478261 5.78260869565 4.84782608696 2.0 0.0 1.80434782609 1.63043478261 1.65217391304 5.65217391304 0.239130434783 2.28260869565 4.95652173913 0.0434782608696 0.0 4.32608695652 5.04347826087 0.0 1.97826086957 3.08316341476e-237 1.54158170738e-237 1.4347826087 1.13043478261 2.95652173913 
0.666666666667 27.6666666667 43.3333333333 27.0 1.25941569508e-188 2.0 11.3333333333 23.6666666667 5.66666666667 34.6666666667 0.333333333333 9.0 2.33333333333 7.66666666667 22.6666666667 28.6666666667 36.0 45.0 1.33333333333 2.66666666667 18.0 22.3333333333 9.0 44.3333333333 38.6666666667 0.0 0.0 14.3333333333 89.3333333333 6.69981263571e-194 29.6666666667 21.3333333333 4.32847423106e-189 14.0 2.33333333333 24.6666666667 2.29728203514e-188 17.3333333333 12.0 21.3333333333 3.0 1.33333333333 26.0 37.0 0.666666666667 0.0 8.66666666667 10.3333333333 12.3333333333 0.333333333333 5.33333333333 3.0 0.333333333333 1.51990184864e-189 0.0 34.0 18.0 0.0 3.33333333333 1.33333333333 0.666666666667 25.0 14.6666666667 13.0 
3.65418697436e-186 3.0 23.0 10.0 7.00805758184e-185 1.34474899334e-183 21.0 6.0 47.0 93.0 6.64576729265e-186 10.0 8.80712298262e-185 7.0 1.43058826939e-183 35.0 50.0 349.0 1.08126294639e-185 5.0 13.0 72.0 75.0 142.0 205.0 0.0 0.0 2.0 43.0 3.72813145984e-190 31.0 50.0 2.40859287137e-185 102.0 1.19927495585e-183 61.0 1.27832969264e-184 32.0 12.0 38.0 3.36793910083e-184 7.0 50.0 5.10208548677e-184 104.0 0.0 26.0 36.0 9.0 2.90546207423e-184 2.63667836631e-185 34.0 12.0 8.45754083864e-186 0.0 3.81018283955e-184 35.0 0.0 27.0 1.43659516453e-213 7.18297582264e-214 11.0 16.0 40.0 
6085.0 -3.33860542459e-197 663.0 663.0 78.0 -4.70169725191e-198 -156.0 -1131.0 -11583.0 312.0 -1950.0 -1.82310314037e-197 3666.0 -624.0 -7.45851738233e-197 -1.92898845215e-197 -195.0 -702.0 -234.0 1248.0 1560.0 7293.0 4329.0 429.0 -8.71878103667e-197 12558.0 5928.0 -780.0 39.0 2457.0 4680.0 -156.0 -1.45183571203e-195 1170.0 -8.11810375335e-218 4992.0 -4.13005366835e-202 429.0 13377.0 0.0 -5.37090284986e-198 -6279.0 819.0 -5.37069634718e-198 -4.68606991492e-196 -3.56797119958e-196 2223.0 -3.92468978742e-196 6942.0 0.0 -4641.0 -585.0 -117.0 10413.0 -9.33896190733e-197 -1.07413926944e-197 -702.0 -1.28599220511e-197 -9828.0 -2.29152534164e-196 1092.0 3315.0 5850.0 -234.0 
-3.33860542459e-197 1.0 -3.81459544774e-198 -3.81459544774e-198 -4.3461038275e-199 1.41655522784e-201 -8.947187596e-199 5.0506357617e-198 -6.57588494797e-197 -1.79510374011e-198 -1.12179818205e-197 5.36672336455e-199 -2.82668875011e-197 7.25541396437e-201 4.29655707774e-198 2.67915042731e-199 -4.62510905218e-198 -3.94967840101e-198 -1.34349469463e-198 -7.00175727749e-198 -9.61573308523e-198 -4.50126764561e-197 -3.76536514671e-197 9.21592447734e-199 0.0 -7.21636205253e-197 -3.28552843075e-197 -1.93917700795e-197 -2.24387967514e-199 -1.37792218964e-197 -3.94959576439e-197 -6.63950090072e-198 0.0 -2.54895067271e-197 0.0 -4.02083910136e-197 1.58848218013e-203 -3.36581951271e-198 -7.87601765974e-197 0.0 3.58054365556e-199 -2.78885619269e-197 2.62656480743e-198 3.58046423145e-199 0.0 7.15266480121e-199 -1.52991075254e-197 2.67915042731e-199 -6.52601240628e-197 0.0 -2.54462317138e-197 -3.27651449847e-198 -6.73163902542e-199 -5.88399271553e-197 1.07166017093e-198 7.16092846291e-199 -1.6894023873e-197 1.78610028488e-199 -6.06046788183e-197 4.46525071219e-199 -2.70069977346e-198 -3.20889276794e-197 -3.13312906749e-197 -2.95573874057e-198 
663.0 -3.81459544774e-198 73.25 72.25 8.5 -3.95349492395e-199 -17.0 -123.25 -1262.25 34.0 -212.5 -2.12690916849e-198 399.5 -68.0 -8.69387203355e-198 -2.27727798807e-198 -21.25 -76.5 -25.5 136.0 170.0 794.75 471.75 46.75 -9.1400283877e-198 1368.5 646.0 -85.0 4.25 267.75 510.0 -17.0 -1.58407909885e-196 127.5 -8.95379090443e-219 544.0 -4.50069951038e-203 46.75 1457.75 0.0 -6.08701422845e-199 -684.25 89.25 -6.08678919347e-199 -2.48878012801e-197 -1.73141765243e-197 242.25 1.67020655738e-198 756.5 0.0 -505.75 -63.75 -12.75 1134.75 -8.52106483089e-198 -1.21735783869e-198 -76.5 -1.51818524214e-198 -1071.0 -1.65686681362e-198 119.0 361.25 637.5 -25.5 
663.0 -3.81459544774e-198 72.25 73.25 8.5 -6.04427004918e-199 -17.0 -123.25 -1262.25 34.0 -212.5 -2.12690916849e-198 399.5 -68.0 -8.53037497456e-198 -2.27727802067e-198 -21.25 -76.5 -25.5 136.0 170.0 794.75 471.75 46.75 -1.01125168139e-197 1368.5 646.0 -85.0 4.25 267.75 510.0 -17.0 -1.59634908941e-196 127.5 -1.01476296917e-218 544.0 -4.50069951038e-203 46.75 1457.75 0.0 -6.08701422845e-199 -684.25 89.25 -6.08678919347e-199 -4.61265825637e-197 -3.7453708864e-197 242.25 -3.40495619651e-197 756.5 0.0 -505.75 -63.75 -12.75 1134.75 -1.063803267e-197 -1.21735783869e-198 -76.5 -1.51818524214e-198 -1071.0 -2.28810211613e-197 119.0 361.25 637.5 -25.5 
78.0 -4.3461038275e-199 8.5 8.5 2.0 -5.69435071238e-200 -2.0 -14.5 -148.5 4.0 -25.0 -2.50224608057e-199 47.0 -8.0 1.77793533089e-197 -2.67915061255e-199 -2.5 -9.0 -3.0 16.0 20.0 93.5 55.5 5.5 1.30235434422e-196 161.0 76.0 -10.0 0.5 31.5 60.0 -2.0 1.64278190324e-196 15.0 -1.19383878726e-219 64.0 -5.29494060044e-204 5.5 171.5 0.0 -7.16119320994e-200 -80.5 10.5 -7.16092846291e-200 7.53454741255e-198 -5.27139064788e-198 28.5 -3.76241442835e-198 89.0 0.0 -59.5 -7.5 -1.5 133.5 -1.30687881972e-198 -1.43218569258e-199 -9.0 -1.78610028488e-199 -126.0 -3.28700814908e-198 14.0 42.5 75.0 -3.0 
-4.70169725191e-198 1.41655522784e-201 -3.95349492395e-199 -6.04427004918e-199 -5.69435071238e-200 1.0 -6.96925041743e-200 9.67477025084e-200 -1.09806834567e-197 -2.84436237609e-199 2.44772691229e-199 0.0 -4.47137141097e-198 -5.51873812483e-199 0.0 0.0 -9.57139191474e-199 -6.3998153462e-199 3.47045965644e-199 -1.13774495043e-198 -1.92419426954e-198 -7.14646046992e-198 -5.79963800696e-198 -1.9477131124e-199 0.0 -1.14485585637e-197 -4.21809938837e-198 -3.20132422833e-198 -3.55545297011e-200 -2.23993537117e-198 -6.3998153462e-198 -1.06380278058e-198 0.0 -3.91241482235e-198 0.0 -6.39698223574e-198 0.0 -5.33317945516e-199 -1.24796399251e-197 0.0 0.0 -5.37298365055e-198 -7.46645123723e-199 0.0 0.0 0.0 -2.44901288369e-198 0.0 -1.05952498509e-197 0.0 -4.01624530099e-198 -3.24240432993e-199 -1.06663589103e-199 -8.79613438845e-198 0.0 0.0 -3.62797858474e-198 0.0 -1.0445948956e-197 4.8784752922e-199 -7.1250714925e-199 -5.01602179831e-198 -3.5908668508e-198 -4.90680639676e-199 
-156.0 -8.947187596e-199 -17.0 -17.0 -2.0 -6.96925041743e-200 5.0 29.0 297.0 -8.0 50.0 -5.00449216115e-199 -94.0 16.0 1.06082717167e-198 -5.3583012251e-199 5.0 18.0 6.0 -32.0 -40.0 -187.0 -111.0 -11.0 1.96913686681e-197 -322.0 -152.0 20.0 -1.0 -63.0 -120.0 4.0 7.96780370645e-196 -30.0 -1.19383878726e-219 -128.0 -1.05898812009e-203 -11.0 -343.0 0.0 -1.43223864199e-199 161.0 -21.0 -1.43218569258e-199 1.44134695368e-196 5.35464910632e-198 -57.0 4.76692302953e-198 -178.0 0.0 119.0 15.0 3.0 -267.0 -1.90810169306e-198 -2.86437138516e-199 18.0 -3.57220056975e-199 252.0 4.15123108103e-198 -28.0 -85.0 -150.0 6.0 
-1131.0 5.0506357617e-198 -123.25 -123.25 -14.5 9.67477025084e-200 29.0 211.25 2153.25 -58.0 362.5 1.2751197843e-199 -681.5 116.0 1.17661048806e-197 -1.47353300361e-198 36.25 130.5 43.5 -232.0 -290.0 -1355.75 -804.75 -79.75 -1.21662569909e-197 -2334.5 -1102.0 145.0 -7.25 -456.75 -870.0 29.0 -2.71346836705e-196 -217.5 5.96919393628e-220 -928.0 -7.67766387064e-203 -79.75 -2486.75 0.0 1.10990552343e-198 1167.25 -152.25 1.10994391175e-198 -5.05762999475e-197 -4.7419831376e-197 -413.25 -8.3968270883e-198 -1290.5 0.0 862.75 108.75 21.75 -1935.75 -7.18783350845e-198 2.2198878235e-198 130.5 -9.82355156682e-199 1827.0 -1.78431054052e-197 -203.0 -616.25 -1087.5 43.5 
-11583.0 -6.57588494797e-197 -1262.25 -1262.25 -148.5 -1.09806834567e-197 297.0 2153.25 22053.25 -594.0 3712.5 -3.0872475271e-197 -6979.5 1188.0 -1.56267267787e-196 -2.96046150837e-197 371.25 1336.5 445.5 -2376.0 -2970.0 -13884.75 -8241.75 -816.75 -1.90617744247e-196 -23908.5 -11286.0 1485.0 -74.25 -4677.75 -8910.0 297.0 -2.93042928445e-195 -2227.5 -1.85641931418e-217 -9504.0 -8.23363263369e-202 -816.75 -25467.75 0.0 -1.11356554415e-197 11954.25 -1559.25 -1.11352437598e-197 -9.33016758135e-196 -7.5219314939e-196 -4232.25 -7.60820907489e-196 -13216.5 0.0 8835.75 1113.75 222.75 -19824.75 -1.50525794447e-196 -2.22704875196e-197 1336.5 -1.97364081479e-197 18711.0 -4.40195783763e-196 -2079.0 -6311.25 -11137.5 445.5 
312.0 -1.79510374011e-198 34.0 34.0 4.0 -2.84436237609e-199 -8.0 -58.0 -594.0 17.0 -100.0 -1.00089843223e-198 188.0 -32.0 -4.09123389814e-198 -1.07166024502e-198 -10.0 -36.0 -12.0 64.0 80.0 374.0 222.0 22.0 -5.51879224678e-198 644.0 304.0 -40.0 2.0 126.0 240.0 -8.0 -7.48825900439e-197 60.0 -4.77535514903e-219 256.0 -2.11797624018e-203 22.0 686.0 0.0 -2.86447728397e-199 -322.0 42.0 -2.86437138516e-199 -2.42053072398e-197 -1.71112675448e-197 114.0 -2.02256489862e-197 356.0 0.0 -238.0 -30.0 -6.0 534.0 -5.22751527887e-198 -5.72874277033e-199 -36.0 -7.14440113951e-199 -504.0 -1.20882015199e-197 56.0 170.0 300.0 -12.0 
-1950.0 -1.12179818205e-197 -212.5 -212.5 -25.0 2.44772691229e-199 50.0 362.5 3712.5 -100.0 626.0 -6.25561520143e-198 -1175.0 200.0 -2.55702118634e-197 -6.69787653137e-198 62.5 225.0 75.0 -400.0 -500.0 -2337.5 -1387.5 -137.5 -2.43780496443e-197 -4025.0 -1900.0 250.0 -12.5 -787.5 -1500.0 50.0 -4.75412925495e-196 -375.0 -2.98459696814e-218 -1600.0 -1.32373515011e-202 -137.5 -4287.5 0.0 -1.79029830248e-198 2012.5 -262.5 -1.79023211573e-198 -1.51283170249e-196 -1.29135635314e-196 -712.5 -1.26410306164e-196 -2225.0 0.0 1487.5 187.5 37.5 -3337.5 -2.25575685949e-197 -3.58046423145e-198 225.0 -4.46525071219e-198 3150.0 1.86513448048e-197 -350.0 -1062.5 -1875.0 75.0 
-1.82310314037e-197 5.36672336455e-199 -2.12690916849e-198 -2.12690916849e-198 -2.50224608057e-199 0.0 -5.00449216115e-199 1.2751197843e-199 -3.0872475271e-197 -1.00089843223e-198 -6.25561520143e-198 1.0 -1.38356737045e-197 -1.28570401817e-198 8.59311415549e-199 5.35830085463e-199 -1.80593341161e-198 -2.07341144403e-198 -7.50673824172e-199 -3.6463419023e-198 -5.61198977558e-198 -2.49689630813e-197 -2.06081492954e-197 -1.66024103879e-198 0.0 -4.01075518687e-197 -1.65165298135e-197 -1.02954532305e-197 -1.25112304029e-199 -7.16763503985e-198 -2.13769452696e-197 -3.57475909237e-198 0.0 -1.40841926308e-197 0.0 -2.21629946682e-197 1.05898812009e-203 -1.87668456043e-198 -4.39144187141e-197 0.0 7.16145795697e-200 -1.84960674021e-197 -1.95121805724e-199 7.16092846291e-200 0.0 7.8604939858e-199 -8.91837563514e-198 5.35830085463e-199 -3.40684860878e-197 0.0 -1.23878237806e-197 -1.69807453194e-198 -3.75336912086e-199 -3.12616648338e-197 2.14332034185e-198 1.43218569258e-199 -9.79424118745e-198 3.57220056975e-199 -2.60664156752e-197 8.93050142438e-199 -8.58606833013e-199 -1.78910806559e-197 -1.79799592497e-197 -1.39435219943e-198 
3666.0 -2.82668875011e-197 399.5 399.5 47.0 -4.47137141097e-198 -94.0 -681.5 -6979.5 188.0 -1175.0 -1.38356737045e-197 2210.0 -376.0 -4.03648475276e-197 -1.36636684019e-197 -117.5 -423.0 -141.0 752.0 940.0 4394.5 2608.5 258.5 1.01275696958e-196 7567.0 3572.0 -470.0 23.5 1480.5 2820.0 -94.0 -1.05887855247e-195 705.0 -7.8793359959e-218 3008.0 -3.49466079629e-202 258.5 8060.5 0.0 -4.72638751856e-198 -3783.5 493.5 -4.72621278552e-198 -3.87284937025e-196 -3.04940977901e-196 1339.5 -3.20127541587e-196 4183.0 0.0 -2796.5 -352.5 -70.5 6274.5 -6.78269130496e-197 -9.45242557104e-198 -423.0 -9.10911145287e-198 -5922.0 -1.8843425698e-196 658.0 1997.5 3525.0 -141.0 
-624.0 7.25541396437e-201 -68.0 -68.0 -8.0 -5.51873812483e-199 16.0 116.0 1188.0 -32.0 200.0 -1.28570401817e-198 -376.0 65.0 4.10646359208e-199 -2.14332049004e-198 20.0 72.0 24.0 -128.0 -160.0 -748.0 -444.0 -44.0 -1.0567147196e-197 -1288.0 -608.0 80.0 -4.0 -252.0 -480.0 16.0 -1.49765180088e-196 -120.0 -9.55071029806e-219 -512.0 -4.23595248035e-203 -44.0 -1372.0 0.0 1.43197389496e-199 644.0 -84.0 1.43218569258e-199 -4.3100910264e-197 -3.01275357907e-197 -228.0 -3.15213024772e-197 -712.0 0.0 476.0 60.0 12.0 -1068.0 -9.98459326016e-198 2.86437138516e-199 72.0 -1.4288802279e-198 1008.0 -2.01776860103e-197 -112.0 -340.0 -600.0 24.0 
-7.45851738233e-197 4.29655707774e-198 -8.69387203355e-198 -8.53037497456e-198 1.77793533089e-197 0.0 1.06082717167e-198 1.17661048806e-197 -1.56267267787e-196 -4.09123389814e-198 -2.55702118634e-197 8.59311415549e-199 -4.03648475276e-197 4.10646359208e-199 1.0 0.0 -1.20892915751e-197 -9.20527627082e-198 -3.06842542361e-198 -1.63649355926e-197 -1.93535161984e-197 -1.02792251691e-196 -8.64273160982e-197 3.33648778414e-198 1.1444794129e-198 -1.646721644e-196 -7.77334440647e-197 -4.28781111127e-197 -2.0913060309e-200 -3.22184669479e-197 -9.11934512926e-197 -1.5342127118e-197 9.80982353917e-199 -5.78095918715e-197 2.50706145324e-218 -9.20527627082e-197 0.0 -2.92964884841e-198 -1.79502887281e-196 0.0 8.59311415549e-199 -6.25719196424e-197 1.01653455644e-197 8.59311415549e-199 3.58151636177e-219 8.59311415549e-199 -3.24656162481e-197 7.16303272354e-219 -1.52398462706e-196 0.0 -6.08571042348e-197 -6.19959002814e-198 -1.5342127118e-198 -1.3654493135e-196 1.0028245813e-217 1.7186228311e-198 -3.35929900242e-197 3.58151636177e-219 -1.50352845757e-196 8.95379090443e-218 -9.77561226552e-198 -6.20130059182e-197 -7.15547670968e-197 4.44863186627e-198 
-1.92898845215e-197 2.67915042731e-199 -2.27727798807e-198 -2.27727802067e-198 -2.67915061255e-199 0.0 -5.3583012251e-199 -1.47353300361e-198 -2.96046150837e-197 -1.07166024502e-198 -6.69787653137e-198 5.35830085463e-199 -1.36636684019e-197 -2.14332049004e-198 0.0 1.0 -1.47353298509e-198 -2.14332050856e-198 -8.03745183765e-199 -3.75081089462e-198 -6.16204655705e-198 -2.66575486134e-197 -2.18350775478e-197 -3.08102323061e-198 0.0 -4.28664098193e-197 -1.66107340571e-197 -1.07166025613e-197 -1.33957530627e-199 -7.3676642586e-198 -2.25048652566e-197 -3.75081087609e-198 0.0 -1.50032434041e-197 0.0 -2.3576525409e-197 0.0 -2.00936295941e-198 -4.70190932502e-197 0.0 0.0 -2.1567162431e-197 -1.20561787913e-198 0.0 0.0 1.07166017093e-198 -9.7788997326e-198 8.03745128194e-199 -3.50968733502e-197 0.0 -1.21901355464e-197 -1.74144791668e-198 -4.01872591882e-199 -3.25516801648e-197 3.21498051278e-198 0.0 -1.07166027051e-197 5.35830085463e-199 -2.33086114253e-197 1.33957521366e-198 -5.35830511503e-199 -1.91559269353e-197 -1.95577995087e-197 -1.33957533246e-198 
-195.0 -4.62510905218e-198 -21.25 -21.25 -2.5 -9.57139191474e-199 5.0 36.25 371.25 -10.0 62.5 -1.80593341161e-198 -117.5 20.0 -1.20892915751e-197 -1.47353298509e-198 7.25 22.5 7.5 -40.0 -50.0 -233.75 -138.75 -13.75 -1.72146119401e-197 -402.5 -190.0 25.0 -1.25 -78.75 -150.0 5.0 4.30341473625e-196 -37.5 -1.6116823628e-218 -160.0 -7.1481698106e-203 -13.75 -428.75 0.0 -8.23542514083e-199 201.25 -26.25 -8.23506773234e-199 5.34240362343e-197 -6.64735874854e-197 -71.25 -4.90378358026e-197 -222.5 0.0 148.75 18.75 3.75 -333.75 -7.65827080603e-198 -1.64701354647e-198 22.5 -9.82355156682e-199 315.0 -2.88062583409e-197 -35.0 -106.25 -187.5 7.5 
-702.0 -3.94967840101e-198 -76.5 -76.5 -9.0 -6.3998153462e-199 18.0 130.5 1336.5 -36.0 225.0 -2.07341144403e-198 -423.0 72.0 -9.20527627082e-198 -2.14332050856e-198 22.5 82.0 27.0 -144.0 -180.0 -841.5 -499.5 -49.5 -1.24172825553e-197 -1449.0 -684.0 90.0 -4.5 -283.5 -540.0 18.0 -1.71466602501e-196 -135.0 -1.07445490853e-218 -576.0 -4.7654465404e-203 -49.5 -1543.5 0.0 -6.44507388894e-199 724.5 -94.5 -6.44483561662e-199 -5.18070936291e-197 -4.53960081151e-197 -256.5 -4.07748241109e-197 -801.0 0.0 535.5 67.5 13.5 -1201.5 -1.06902492065e-197 -1.28896712332e-198 81.0 -1.4288802279e-198 1134.0 -2.91365482705e-197 -126.0 -382.5 -675.0 27.0 
-234.0 -1.34349469463e-198 -25.5 -25.5 -3.0 3.47045965644e-199 6.0 43.5 445.5 -12.0 75.0 -7.50673824172e-199 -141.0 24.0 -3.06842542361e-198 -8.03745183765e-199 7.5 27.0 10.0 -48.0 -60.0 -280.5 -166.5 -16.5 6.21052636177e-198 -483.0 -228.0 30.0 -1.5 -94.5 -180.0 6.0 -5.71555341671e-197 -45.0 -3.58151636177e-219 -192.0 -1.58848218013e-203 -16.5 -514.5 0.0 -2.14835796298e-199 241.5 -31.5 -2.14827853887e-199 -1.0189416439e-197 -1.07458711298e-197 -85.5 -1.77427017745e-198 -267.0 0.0 178.5 22.5 4.5 -400.5 6.4289840877e-198 -4.29655707774e-199 27.0 -5.35830085463e-199 378.0 8.20135304381e-197 -42.0 -127.5 -225.0 9.0 
1248.0 -7.00175727749e-198 136.0 136.0 16.0 -1.13774495043e-198 -32.0 -232.0 -2376.0 64.0 -400.0 -3.6463419023e-198 752.0 -128.0 -1.63649355926e-197 -3.75081089462e-198 -40.0 -144.0 -48.0 257.0 320.0 1496.0 888.0 88.0 -2.20751689871e-197 2576.0 1216.0 -160.0 8.0 504.0 960.0 -32.0 6.53850722607e-197 240.0 -1.19383878726e-219 1024.0 -5.29494060044e-203 88.0 2744.0 0.0 -1.14577502877e-198 -1288.0 168.0 -1.14574855407e-198 3.70789494731e-198 -6.50441092101e-197 456.0 -2.4458835733e-197 1424.0 0.0 -952.0 -120.0 -24.0 2136.0 -1.87667407736e-197 -2.29149710813e-198 -144.0 -2.50054039883e-198 -2016.0 -5.16990802363e-197 224.0 680.0 1200.0 -48.0 
1560.0 -9.61573308523e-198 170.0 170.0 20.0 -1.92419426954e-198 -40.0 -290.0 -2970.0 80.0 -500.0 -5.61198977558e-198 940.0 -160.0 -1.93535161984e-197 -6.16204655705e-198 -50.0 -180.0 -60.0 320.0 401.0 1870.0 1110.0 110.0 -1.24488963863e-197 3220.0 1520.0 -200.0 10.0 630.0 1200.0 -40.0 -4.75923895284e-196 300.0 -3.34274860432e-218 1280.0 -1.64143158614e-202 110.0 3430.0 0.0 -1.50387704879e-198 -1610.0 210.0 -1.50379497721e-198 -1.41405450681e-196 -1.29332741808e-196 570.0 -1.03873200262e-196 1780.0 0.0 -1190.0 -150.0 -30.0 2670.0 -2.79412450144e-197 -3.00758995442e-198 -180.0 -4.10803065522e-198 -2520.0 -5.92050739518e-197 280.0 850.0 1500.0 -60.0 
7293.0 -4.50126764561e-197 794.75 794.75 93.5 -7.14646046992e-198 -187.0 -1355.75 -13884.75 374.0 -2337.5 -2.49689630813e-197 4394.5 -748.0 -1.02792251691e-196 -2.66575486134e-197 -233.75 -841.5 -280.5 1496.0 1870.0 8743.25 5189.25 514.25 -1.35837031415e-196 15053.5 7106.0 -935.0 46.75 2945.25 5610.0 -187.0 -7.33549566796e-196 1402.5 -1.19980798119e-217 5984.0 -5.32141530344e-202 514.25 16035.25 0.0 -7.19699917599e-198 -7526.75 981.75 -7.19673310522e-198 -3.00949813265e-196 -4.78735880904e-196 2664.75 -3.52279708037e-196 8321.5 0.0 -5563.25 -701.25 -140.25 12482.25 -1.27447037425e-196 -1.43934662104e-197 -841.5 -1.77716978345e-197 -11781.0 -3.05905491735e-196 1309.0 3973.75 7012.5 -280.5 
4329.0 -3.76536514671e-197 471.75 471.75 55.5 -5.79963800696e-198 -111.0 -804.75 -8241.75 222.0 -1387.5 -2.06081492954e-197 2608.5 -444.0 -8.64273160982e-197 -2.18350775478e-197 -138.75 -499.5 -166.5 888.0 1110.0 5189.25 3081.25 305.25 -1.15408392969e-196 8935.5 4218.0 -555.0 27.75 1748.25 3330.0 -111.0 -1.60988087904e-195 832.5 -1.00879377523e-217 3552.0 -4.47422480737e-202 305.25 9518.25 0.0 -6.0512082624e-198 -4467.75 582.75 -6.05098455116e-198 -5.1133711542e-196 -4.44362359442e-196 1581.75 -4.26463089705e-196 4939.5 0.0 -3302.25 -416.25 -83.25 7409.25 -1.06040186509e-196 -1.21019691023e-197 -499.5 -1.45567173217e-197 -6993.0 -2.64952278222e-196 777.0 2358.75 4162.5 -166.5 
429.0 9.21592447734e-199 46.75 46.75 5.5 -1.9477131124e-199 -11.0 -79.75 -816.75 22.0 -137.5 -1.66024103879e-198 258.5 -44.0 3.33648778414e-198 -3.08102323061e-198 -13.75 -49.5 -16.5 88.0 110.0 514.25 305.25 31.25 -1.2197870822e-197 885.5 418.0 -55.0 2.75 173.25 330.0 -11.0 -2.68599469223e-196 82.5 -7.75995211717e-219 352.0 -7.67766387064e-203 30.25 943.25 0.0 3.93812677141e-199 -442.75 57.75 3.9385106546e-199 -7.71248481025e-197 -5.82179628342e-197 156.75 -5.46543481856e-197 489.5 0.0 -327.25 -41.25 -8.25 734.25 -1.4793887778e-197 7.8770213092e-199 -49.5 -2.05401532761e-198 -693.0 -3.10573304365e-197 77.0 233.75 412.5 -16.5 
-8.71878103667e-197 0.0 -9.1400283877e-198 -1.01125168139e-197 1.30235434422e-196 0.0 1.96913686681e-197 -1.21662569909e-197 -1.90617744247e-196 -5.51879224678e-198 -2.43780496443e-197 0.0 1.01275696958e-196 -1.0567147196e-197 1.1444794129e-198 0.0 -1.72146119401e-197 -1.24172825553e-197 6.21052636177e-198 -2.20751689871e-197 -1.24488963863e-197 -1.35837031415e-196 -1.15408392969e-196 -1.2197870822e-197 1.0 -2.21190513338e-196 -1.04857052689e-196 -4.37115145077e-197 3.91968245182e-198 -4.34604889434e-197 -1.22996732309e-196 -2.04602522766e-197 6.86687647742e-198 -7.49741326291e-197 0.0 -1.23702388255e-196 0.0 2.49591353506e-197 -2.42137009828e-196 0.0 0.0 -1.07772632883e-196 1.84994685087e-197 0.0 0.0 0.0 -3.19840809833e-197 0.0 -2.041636993e-196 0.0 -8.18568160221e-197 1.87797902206e-199 -2.06954709254e-198 -1.82307942046e-196 4.70437297584e-199 0.0 -2.31741127376e-197 0.0 -1.99052116689e-196 3.99871702947e-198 -2.86752129847e-197 -1.98829367386e-197 -1.03242135978e-196 7.23058078306e-197 
12558.0 -7.21636205253e-197 1368.5 1368.5 161.0 -1.14485585637e-197 -322.0 -2334.5 -23908.5 644.0 -4025.0 -4.01075518687e-197 7567.0 -1288.0 -1.646721644e-196 -4.28664098193e-197 -402.5 -1449.0 -483.0 2576.0 3220.0 15053.5 8935.5 885.5 -2.21190513338e-196 25922.0 12236.0 -1610.0 80.5 5071.5 9660.0 -322.0 -2.71343688972e-195 2415.0 -1.92208044748e-217 10304.0 -8.52485436671e-202 885.5 27611.5 0.0 -1.1529521068e-197 -12960.5 1690.5 -1.15290948253e-197 -9.06334334234e-196 -8.44365185185e-196 4588.5 -8.07345001207e-196 14329.0 0.0 -9579.5 -1207.5 -241.5 21493.5 -2.08394955208e-196 -2.30581896506e-197 -1449.0 -2.8577604558e-197 -20286.0 -5.19704521796e-196 2254.0 6842.5 12075.0 -483.0 
5928.0 -3.28552843075e-197 646.0 646.0 76.0 -4.21809938837e-198 -152.0 -1102.0 -11286.0 304.0 -1900.0 -1.65165298135e-197 3572.0 -608.0 -7.77334440647e-197 -1.66107340571e-197 -190.0 -684.0 -228.0 1216.0 1520.0 7106.0 4218.0 418.0 -1.04857052689e-196 12236.0 5777.0 -760.0 38.0 2394.0 4560.0 -152.0 -1.34477959488e-195 1140.0 -9.07317478315e-218 4864.0 -4.02415485634e-202 418.0 13034.0 0.0 -5.44250683955e-198 -6118.0 798.0 -5.44230563181e-198 -3.20795489057e-196 -2.72868478906e-196 2166.0 -1.73530273816e-196 6764.0 0.0 -4522.0 -570.0 -114.0 10146.0 -8.43195479056e-197 -1.08846112636e-197 -684.0 -1.10738217662e-197 -9576.0 -2.2325644147e-196 1064.0 3230.0 5700.0 -228.0 
-780.0 -1.93917700795e-197 -85.0 -85.0 -10.0 -3.20132422833e-198 20.0 145.0 1485.0 -40.0 250.0 -1.02954532305e-197 -470.0 80.0 -4.28781111127e-197 -1.07166025613e-197 25.0 90.0 30.0 -160.0 -200.0 -935.0 -555.0 -55.0 -4.37115145077e-197 -1610.0 -760.0 101.0 -5.0 -315.0 -600.0 20.0 -8.60345333075e-196 -150.0 -5.49165842138e-218 -640.0 -2.4356726762e-202 -55.0 -1715.0 0.0 -3.15093030731e-198 805.0 -105.0 -3.15080852368e-198 -2.78361033258e-196 -2.36223886489e-196 -285.0 -2.30987473085e-196 -890.0 0.0 595.0 75.0 15.0 -1335.0 -5.10990595448e-197 -6.30161704736e-198 90.0 -7.14440113951e-198 1260.0 -1.24982602163e-196 -140.0 -425.0 -750.0 30.0 
39.0 -2.24387967514e-199 4.25 4.25 0.5 -3.55545297011e-200 -1.0 -7.25 -74.25 2.0 -12.5 -1.25112304029e-199 23.5 -4.0 -2.0913060309e-200 -1.33957530627e-199 -1.25 -4.5 -1.5 8.0 10.0 46.75 27.75 2.75 3.91968245182e-198 80.5 38.0 -5.0 1.25 15.75 30.0 -1.0 -4.37499389017e-198 7.5 -5.96919393628e-220 32.0 -2.64747030022e-204 2.75 85.75 0.0 -3.58059660497e-200 -40.25 5.25 -3.58046423145e-200 -3.02566340498e-198 3.98823996759e-198 14.25 -2.52820612328e-198 44.5 0.0 -29.75 -3.75 -0.75 66.75 5.22653834102e-199 -7.16092846291e-200 -4.5 -8.93050142438e-200 -63.0 1.01196736265e-197 7.0 21.25 37.5 -1.5 
2457.0 -1.37792218964e-197 267.75 267.75 31.5 -2.23993537117e-198 -63.0 -456.75 -4677.75 126.0 -787.5 -7.16763503985e-198 1480.5 -252.0 -3.22184669479e-197 -7.3676642586e-198 -78.75 -283.5 -94.5 504.0 630.0 2945.25 1748.25 173.25 -4.34604889434e-197 5071.5 2394.0 -315.0 15.75 993.25 1890.0 -63.0 -5.07129219221e-196 472.5 -3.28305666496e-218 2016.0 -1.66790628914e-202 173.25 5402.25 0.0 -2.25577586113e-198 -2535.75 330.75 -2.25569246582e-198 -1.73634473971e-196 -1.44562812731e-196 897.75 -1.56587961733e-196 2803.5 0.0 -1874.25 -236.25 -47.25 4205.25 -3.68800421374e-197 -4.51138493163e-198 -283.5 -4.91177578341e-198 -3969.0 -9.78686091276e-197 441.0 1338.75 2362.5 -94.5 
4680.0 -3.94959576439e-197 510.0 510.0 60.0 -6.3998153462e-198 -120.0 -870.0 -8910.0 240.0 -1500.0 -2.13769452696e-197 2820.0 -480.0 -9.11934512926e-197 -2.25048652566e-197 -150.0 -540.0 -180.0 960.0 1200.0 5610.0 3330.0 330.0 -1.22996732309e-196 9660.0 4560.0 -600.0 30.0 1890.0 3601.0 -120.0 -1.0800124459e-195 900.0 -1.07445490853e-217 3840.0 -4.7654465404e-202 330.0 10290.0 0.0 -6.37346460431e-198 -4830.0 630.0 -6.37322633199e-198 -4.17037000648e-196 -4.68832930932e-196 1710.0 -4.32894596636e-196 5340.0 0.0 -3570.0 -450.0 -90.0 8010.0 -1.10013039505e-196 -1.2746452664e-197 -540.0 -1.5003242393e-197 -7560.0 -2.83154790413e-196 840.0 2550.0 4500.0 -180.0 
-156.0 -6.63950090072e-198 -17.0 -17.0 -2.0 -1.06380278058e-198 4.0 29.0 297.0 -8.0 50.0 -3.57475909237e-198 -94.0 16.0 -1.5342127118e-197 -3.75081087609e-198 5.0 18.0 6.0 -32.0 -40.0 -187.0 -111.0 -11.0 -2.04602522766e-197 -322.0 -152.0 20.0 -1.0 -63.0 -120.0 5.0 3.48875908282e-196 -30.0 -1.79075818089e-218 -128.0 -7.94241090066e-203 -11.0 -343.0 0.0 -1.07417898149e-198 161.0 -21.0 -1.07413926944e-198 3.41576774783e-197 -7.7024441436e-197 -57.0 -5.94681710606e-197 -178.0 0.0 119.0 15.0 3.0 -267.0 -1.82963034761e-197 -2.14827853887e-198 18.0 -2.50054039883e-198 252.0 -4.68592386503e-197 -28.0 -85.0 -150.0 6.0 
-1.45183571203e-195 0.0 -1.58407909885e-196 -1.59634908941e-196 1.64278190324e-196 0.0 7.96780370645e-196 -2.71346836705e-196 -2.93042928445e-195 -7.48825900439e-197 -4.75412925495e-196 0.0 -1.05887855247e-195 -1.49765180088e-196 9.80982353917e-199 0.0 4.30341473625e-196 -1.71466602501e-196 -5.71555341671e-197 6.53850722607e-197 -4.75923895284e-196 -7.33549566796e-196 -1.60988087904e-195 -2.68599469223e-196 6.86687647742e-198 -2.71343688972e-195 -1.34477959488e-195 -8.60345333075e-196 -4.37499389017e-198 -5.07129219221e-196 -1.0800124459e-195 3.48875908282e-196 1.0 -1.08301220211e-195 0.0 -1.71289963989e-195 0.0 -1.13115558309e-196 -2.91298922591e-195 0.0 0.0 -1.53367350015e-195 -1.71693671111e-196 0.0 3.70214587819e-196 6.62394422778e-198 -6.43308873265e-196 3.52585321732e-197 -2.83828326735e-195 0.0 -1.12916879816e-195 -1.3096882026e-196 -2.85777670835e-197 -2.54253807787e-195 0.0 0.0 -9.85734181226e-196 0.0 -2.77545018612e-195 1.76638512741e-198 -4.21411769904e-196 -1.36380918052e-195 -1.393629822e-195 -5.97387993918e-197 
1170.0 -2.54895067271e-197 127.5 127.5 15.0 -3.91241482235e-198 -30.0 -217.5 -2227.5 60.0 -375.0 -1.40841926308e-197 705.0 -120.0 -5.78095918715e-197 -1.50032434041e-197 -37.5 -135.0 -45.0 240.0 300.0 1402.5 832.5 82.5 -7.49741326291e-197 2415.0 1140.0 -150.0 7.5 472.5 900.0 -30.0 -1.08301220211e-195 226.0 -6.80488108736e-218 960.0 -3.01811614225e-202 82.5 2572.5 0.0 -4.08188012966e-198 -1207.5 157.5 -4.08172922386e-198 -3.44925610379e-196 -3.00113047816e-196 427.5 -2.87947476281e-196 1335.0 0.0 -892.5 -112.5 -22.5 2002.5 -7.31852139042e-197 -8.16345844771e-198 -135.0 -1.00021615953e-197 -1890.0 -1.83937885853e-196 210.0 637.5 1125.0 -45.0 
-8.11810375335e-218 0.0 -8.95379090443e-219 -1.01476296917e-218 -1.19383878726e-219 0.0 -1.19383878726e-219 5.96919393628e-220 -1.85641931418e-217 -4.77535514903e-219 -2.98459696814e-218 0.0 -7.8793359959e-218 -9.55071029806e-219 2.50706145324e-218 0.0 -1.6116823628e-218 -1.07445490853e-218 -3.58151636177e-219 -1.19383878726e-219 -3.34274860432e-218 -1.19980798119e-217 -1.00879377523e-217 -7.75995211717e-219 0.0 -1.92208044748e-217 -9.07317478315e-218 -5.49165842138e-218 -5.96919393628e-220 -3.28305666496e-218 -1.07445490853e-217 -1.79075818089e-218 0.0 -6.80488108736e-218 1.0 -1.07445490853e-217 0.0 -8.95379090443e-219 -2.09518707164e-217 0.0 0.0 -9.61040223742e-218 -4.1784357554e-219 0.0 1.19383878726e-219 1.43260654471e-218 -3.40244054368e-218 2.38767757451e-219 -1.77881979301e-217 0.0 -7.10334078418e-218 -8.95379090443e-219 -1.79075818089e-219 -1.59377478099e-217 3.34274860432e-218 0.0 -5.01412290648e-218 1.19383878726e-219 -1.75494301727e-217 2.98459696814e-218 -2.74582921069e-218 -8.89409896506e-218 -8.95379090443e-218 -2.38767757451e-219 
4992.0 -4.02083910136e-197 544.0 544.0 64.0 -6.39698223574e-198 -128.0 -928.0 -9504.0 256.0 -1600.0 -2.21629946682e-197 3008.0 -512.0 -9.20527627082e-197 -2.3576525409e-197 -160.0 -576.0 -192.0 1024.0 1280.0 5984.0 3552.0 352.0 -1.23702388255e-196 10304.0 4864.0 -640.0 32.0 2016.0 3840.0 -128.0 -1.71289963989e-195 960.0 -1.07445490853e-217 4097.0 -4.7654465404e-202 352.0 10976.0 0.0 -6.44507388894e-198 -5152.0 672.0 -6.44483561662e-198 -5.44619412896e-196 -4.68413171337e-196 1824.0 -4.54541272104e-196 5696.0 0.0 -3808.0 -480.0 -96.0 8544.0 -1.15005336135e-196 -1.28896712332e-197 -576.0 -1.57176825069e-197 -8064.0 -2.89525858144e-196 896.0 2720.0 4800.0 -192.0 
-4.13005366835e-202 1.58848218013e-203 -4.50069951038e-203 -4.50069951038e-203 -5.29494060044e-204 0.0 -1.05898812009e-203 -7.67766387064e-203 -8.23363263369e-202 -2.11797624018e-203 -1.32373515011e-202 1.05898812009e-203 -3.49466079629e-202 -4.23595248035e-203 0.0 0.0 -7.1481698106e-203 -4.7654465404e-203 -1.58848218013e-203 -5.29494060044e-203 -1.64143158614e-202 -5.32141530344e-202 -4.47422480737e-202 -7.67766387064e-203 0.0 -8.52485436671e-202 -4.02415485634e-202 -2.4356726762e-202 -2.64747030022e-204 -1.66790628914e-202 -4.7654465404e-202 -7.94241090066e-203 0.0 -3.01811614225e-202 0.0 -4.7654465404e-202 1.0 -3.97120545033e-203 -9.29262075378e-202 0.0 5.29494060044e-204 -4.26242718336e-202 -5.55968763046e-203 0.0 0.0 0.0 -1.98560272517e-202 0.0 -7.88946149466e-202 0.0 -3.15048965726e-202 -3.97120545033e-203 -7.94241090066e-204 -7.06874570159e-202 0.0 0.0 -2.96516673625e-202 0.0 -7.78356268265e-202 0.0 -1.2178363381e-202 -3.99768015333e-202 -3.86530663832e-202 -3.70645842031e-203 
429.0 -3.36581951271e-198 46.75 46.75 5.5 -5.33317945516e-199 -11.0 -79.75 -816.75 22.0 -137.5 -1.87668456043e-198 258.5 -44.0 -2.92964884841e-198 -2.00936295941e-198 -13.75 -49.5 -16.5 88.0 110.0 514.25 305.25 30.25 2.49591353506e-197 885.5 418.0 -55.0 2.75 173.25 330.0 -11.0 -1.13115558309e-196 82.5 -8.95379090443e-219 352.0 -3.97120545033e-203 31.25 943.25 0.0 -5.37089490745e-199 -442.75 57.75 -5.37069634718e-199 -2.52540846968e-199 4.12942358346e-198 156.75 3.79814162611e-197 489.5 0.0 -327.25 -41.25 -8.25 734.25 -7.68462330875e-198 -1.07413926944e-198 -49.5 -1.33957521366e-198 -693.0 -5.59850340907e-198 77.0 233.75 412.5 -16.5 
13377.0 -7.87601765974e-197 1457.75 1457.75 171.5 -1.24796399251e-197 -343.0 -2486.75 -25467.75 686.0 -4287.5 -4.39144187141e-197 8060.5 -1372.0 -1.79502887281e-196 -4.70190932502e-197 -428.75 -1543.5 -514.5 2744.0 3430.0 16035.25 9518.25 943.25 -2.42137009828e-196 27611.5 13034.0 -1715.0 85.75 5402.25 10290.0 -343.0 -2.91298922591e-195 2572.5 -2.09518707164e-217 10976.0 -9.29262075378e-202 943.25 29413.25 0.0 -1.25678940834e-197 -13805.75 1800.75 -1.25674294524e-197 -9.80492716545e-196 -9.02610784949e-196 4887.75 -8.79637002736e-196 15263.5 0.0 -10204.25 -1286.25 -257.25 22895.25 -2.2935723286e-196 -2.51348589048e-197 -1543.5 -3.13460599996e-197 -21609.0 -5.70864220731e-196 2401.0 7288.75 12862.5 -514.5 
0.0 0.0 0.0 0.0 0.0 0.0 0.0 0.0 0.0 0.0 0.0 0.0 0.0 0.0 0.0 0.0 0.0 0.0 0.0 0.0 0.0 0.0 0.0 0.0 0.0 0.0 0.0 0.0 0.0 0.0 0.0 0.0 0.0 0.0 0.0 0.0 0.0 0.0 0.0 1.0 0.0 0.0 0.0 0.0 0.0 0.0 0.0 0.0 0.0 0.0 0.0 0.0 0.0 0.0 0.0 0.0 0.0 0.0 0.0 0.0 0.0 0.0 0.0 0.0 
-5.37090284986e-198 3.58054365556e-199 -6.08701422845e-199 -6.08701422845e-199 -7.16119320994e-200 0.0 -1.43223864199e-199 1.10990552343e-198 -1.11356554415e-197 -2.86447728397e-199 -1.79029830248e-198 7.16145795697e-200 -4.72638751856e-198 1.43197389496e-199 8.59311415549e-199 0.0 -8.23542514083e-199 -6.44507388894e-199 -2.14835796298e-199 -1.14577502877e-198 -1.50387704879e-198 -7.19699917599e-198 -6.0512082624e-198 3.93812677141e-199 0.0 -1.1529521068e-197 -5.44250683955e-198 -3.15093030731e-198 -3.58059660497e-200 -2.25577586113e-198 -6.37346460431e-198 -1.07417898149e-198 0.0 -4.08188012966e-198 0.0 -6.44507388894e-198 5.29494060044e-204 -5.37089490745e-199 -1.25678940834e-197 0.0 1.0 -4.11774698753e-198 6.08651120909e-199 7.16092846291e-200 0.0 7.16092846291e-200 -2.39901031521e-198 0.0 -1.06701778828e-197 0.0 -4.26090995991e-198 -5.37089490745e-199 -1.07417898149e-199 -9.56019293527e-198 0.0 1.43218569258e-199 -2.64969178961e-198 0.0 -1.05269540186e-197 0.0 -5.0132588422e-199 -5.12026373499e-198 -4.94123390474e-198 -5.01283524696e-199 
-6279.0 -2.78885619269e-197 -684.25 -684.25 -80.5 -5.37298365055e-198 161.0 1167.25 11954.25 -322.0 2012.5 -1.84960674021e-197 -3783.5 644.0 -6.25719196424e-197 -2.1567162431e-197 201.25 724.5 241.5 -1288.0 -1610.0 -7526.75 -4467.75 -442.75 -1.07772632883e-196 -12960.5 -6118.0 805.0 -40.25 -2535.75 -4830.0 161.0 -1.53367350015e-195 -1207.5 -9.61040223742e-218 -5152.0 -4.26242718336e-202 -442.75 -13805.75 0.0 -4.11774698753e-198 6481.25 -845.25 -4.11753386617e-198 -4.87131751615e-196 -4.22701327869e-196 -2294.25 -4.07040919023e-196 -7164.5 0.0 4789.75 603.75 120.75 -10746.75 -1.01910683904e-196 -8.23506773234e-198 724.5 -1.43781072933e-197 10143.0 -2.34173899145e-196 -1127.0 -3421.25 -6037.5 241.5 
819.0 2.62656480743e-198 89.25 89.25 10.5 -7.46645123723e-199 -21.0 -152.25 -1559.25 42.0 -262.5 -1.95121805724e-199 493.5 -84.0 1.01653455644e-197 -1.20561787913e-198 -26.25 -94.5 -31.5 168.0 210.0 981.75 582.75 57.75 1.84994685087e-197 1690.5 798.0 -105.0 5.25 330.75 630.0 -21.0 -1.71693671111e-196 157.5 -4.1784357554e-219 672.0 -5.55968763046e-203 57.75 1800.75 0.0 6.08651120909e-199 -845.25 111.25 6.08678919347e-199 -5.29195319686e-197 -4.24385120836e-197 299.25 -3.36249007065e-197 934.5 0.0 -624.75 -78.75 -15.75 1401.75 -6.35139198632e-198 1.21735783869e-198 -94.5 -8.03745128194e-199 -1323.0 -2.31304470282e-197 147.0 446.25 787.5 -31.5 
-5.37069634718e-198 3.58046423145e-199 -6.08678919347e-199 -6.08678919347e-199 -7.16092846291e-200 0.0 -1.43218569258e-199 1.10994391175e-198 -1.11352437598e-197 -2.86437138516e-199 -1.79023211573e-198 7.16092846291e-200 -4.72621278552e-198 1.43218569258e-199 8.59311415549e-199 0.0 -8.23506773234e-199 -6.44483561662e-199 -2.14827853887e-199 -1.14574855407e-198 -1.50379497721e-198 -7.19673310522e-198 -6.05098455116e-198 3.9385106546e-199 0.0 -1.15290948253e-197 -5.44230563181e-198 -3.15080852368e-198 -3.58046423145e-200 -2.25569246582e-198 -6.37322633199e-198 -1.07413926944e-198 0.0 -4.08172922386e-198 0.0 -6.44483561662e-198 0.0 -5.37069634718e-199 -1.25674294524e-197 0.0 7.16092846291e-200 -4.11753386617e-198 6.08678919347e-199 1.0 0.0 7.16092846291e-200 -2.39891103507e-198 0.0 -1.06697834097e-197 0.0 -4.26075243543e-198 -5.37069634718e-199 -1.07413926944e-199 -9.55983949798e-198 0.0 1.43218569258e-199 -2.64954353128e-198 0.0 -1.05265648405e-197 0.0 -5.01264992404e-199 -5.12006385098e-198 -4.94104063941e-198 -5.01264992404e-199 
