64 3 3
0.94 0.02 0.04 
0.04 0.8 0.16 
0.66 0.12 0.22 
2.23404255319 0.212765957447 0.787234042553 0.191489361702 3.06382978723 0.0425531914894 1.97872340426 3.53191489362 3.1914893617 0.106382978723 1.70212765957 0.106382978723 5.29787234043 0.957446808511 0.276595744681 0.106382978723 1.82978723404 0.0425531914894 1.34042553191 1.08510638298 2.74468085106 2.3829787234 0.36170212766 1.70212765957 0.191489361702 0.617021276596 2.72340425532 0.808510638298 0.276595744681 0.68085106383 1.21276595745 1.57446808511 2.55319148936 0.382978723404 1.03036338795e-229 0.255319148936 0.0425531914894 1.36170212766 0.914893617021 0.0 0.0425531914894 1.31914893617 1.44680851064 0.0212765957447 1.25531914894 1.51063829787 1.70212765957 1.04255319149 0.659574468085 0.0 1.59574468085 0.617021276596 0.0212765957447 0.744680851064 0.297872340426 0.0425531914894 3.93617021277 0.0425531914894 3.02127659574 0.787234042553 4.44680851064 2.70212765957 0.914893617021 2.53191489362 
10.0 1.87473964736e-196 1.0 3.78069068964e-196 8.13069509684e-195 2.97054638056e-197 1.0 15.0 5.24802548095e-195 1.1068482506e-196 3.03130021824e-195 1.04530113327e-196 1.36134919223e-194 7.2670298151e-196 21.0 1.11920214133e-196 3.3396810323e-195 8.77180855222e-197 2.54708347599e-195 15.0 3.0 6.66604374209e-195 4.44914982989e-196 8.0 5.76362156649e-196 1.69580622823e-195 4.92900691182e-195 1.98840727672e-195 6.35028620772e-196 4.0 3.03256014047e-195 2.57036579913e-195 7.95881549535e-195 3.50164384943e-196 7.0 3.2163820322e-196 2.21193568979e-201 3.67697363441e-195 2.24876411521e-195 0.0 2.99155364297e-197 1.52263341302e-195 7.0 2.99144304618e-197 1.0 12.0 9.0 2.0 1.00320067095e-195 0.0 2.06196930917e-195 1.34921217168e-195 2.45397698163e-205 1.20565354441e-195 28.0 5.98288609237e-197 14.0 1.0 5.13046608168e-195 25.0 7.23153266636e-195 1.0 1.36785390116e-195 5.0 
78.0 4.48775935028e-199 8.5 8.5 1.0 7.11090594022e-200 2.0 14.5 155.5 4.0 25.0 2.50224608057e-199 66.0 8.0 1.02280847454e-198 2.67915061255e-199 13.5 9.0 3.0 16.0 31.0 100.5 84.5 14.5 1.3796980617e-198 161.0 76.0 46.0 0.5 31.5 90.0 15.0 1.90518447224e-197 57.0 1.19383878726e-219 90.0 5.29494060044e-204 7.5 175.5 0.0 7.16119320994e-200 80.5 10.5 7.16092846291e-200 6.05132680995e-198 5.27140852036e-198 37.5 5.05641224655e-198 149.0 0.0 59.5 7.5 1.5 133.5 1.30687881972e-198 1.43218569258e-199 56.0 1.78610028488e-199 147.0 3.28700814908e-198 23.0 75.5 75.0 7.0 
2.5 75.5 3.52970799884e-199 4.5 1.96187828641e-206 8.8600069147e-200 38.5 68.5 30.5 64.5 1.40919768934e-199 0.5 2.03549550972e-199 43.5 9.02852668417e-205 2.5 91.0 1.5 8.5 2.0 26.5 25.5 18.0 21.0 2.2684509418e-200 1.73611211734e-200 177.5 3.59567591921e-199 27.5 182.0 55.5 87.5 4.47967475476e-201 6.0 1.17479165946e-205 1.41077889168e-200 0.0 1.09268107107e-199 1.5 6.86765912084e-206 0.0 1.5 61.0 0.5 0.5 5.0 1.0 9.73209155728e-199 19.0 0.0 15.5 14.5 6.2804595729e-205 12.5 119.5 0.0 74.5 50.0 5.5 108.5 3.0 6.5 2.5 68.5 
0.95 0.2 1.875 0.275 1.4658905688e-216 0.375 1.25 4.35 2.575 0.225 0.825 0.05 1.05 2.6 0.025 0.3 0.725 0.6 0.625 0.3 6.15 0.625 2.45 7.3 0.1 0.075 0.575 1.725 3.1512768593e-215 0.15 0.475 1.7 0.025 1.725 8.77789425492e-216 0.075 0.0 0.65 0.425 5.13142777752e-216 0.0 3.95 4.875 0.125 0.125 1.75 2.5 3.625 0.45 0.0 1.025 2.025 0.025 1.09709470778e-226 0.1 0.0 8.45 0.5 1.25 1.175 0.625 3.475 0.975 3.8 
10.0 21.375 32.25 27.875 0.25 1.375 56.75 59.875 9.125 2.5 19.875 1.0 7.75 28.5 11.5 3.375 16.5 0.75 25.625 3.5 37.0 12.75 7.5 47.625 46.875 17.375 0.625 23.625 5.375 3.4245476346e-211 12.125 21.25 3.375 10.75 1.5 7.125 0.0 29.625 20.25 0.875 0.0 28.5 46.625 16.125 2.23408435915e-211 1.30030344766e-209 33.5 2.375 10.875 0.0 4.125 0.375 8.0 4.41282236743e-227 6.16008785823e-211 0.0 56.375 0.25 8.25 2.5 3.8690194226e-210 28.25 39.75 15.0 
0.0606060606061 1.09090909091 0.969696969697 0.515151515152 0.030303030303 2.39960200899e-217 2.21212121212 2.51515151515 1.81818181818 0.272727272727 1.96649486656e-214 1.36363636364 0.545454545455 0.727272727273 3.09090909091 0.939393939394 1.48484848485 0.363636363636 2.95774841781e-214 0.636363636364 1.54545454545 0.121212121212 0.151515151515 2.45454545455 0.181818181818 0.0 0.0 0.848484848485 0.121212121212 0.0909090909091 0.363636363636 3.54545454545 0.0606060606061 0.151515151515 0.878787878788 1.18153762462e-213 0.0606060606061 0.909090909091 0.242424242424 0.242424242424 6.72727272727 0.0606060606061 2.54545454545 2.0 0.30303030303 0.0 1.09090909091 0.030303030303 0.484848484848 5.09090909091 0.0606060606061 6.89535582451e-214 2.69696969697 1.48125136708e-219 0.0 4.18181818182 3.18181818182 0.0 0.606060606061 2.96000431614e-219 1.48000215807e-219 0.969696969697 0.121212121212 0.484848484848 
0.333333333333 17.8333333333 25.5 15.1666666667 4.59090628735e-211 54.0 9.5 14.6666666667 17.0 32.8333333333 0.166666666667 10.0 1.16666666667 5.66666666667 59.8333333333 21.0 30.6666666667 83.3333333333 0.666666666667 2.16666666667 16.8333333333 24.0 30.0 49.1666666667 53.5 0.0 0.0 10.6666666667 67.1666666667 1.91216482642e-212 22.6666666667 24.0 1.14007652117e-210 24.1666666667 43.6666666667 23.0 1.88465065033e-210 25.8333333333 8.0 17.0 1.5 1.83333333333 31.8333333333 26.1666666667 17.8333333333 0.0 10.6666666667 11.8333333333 12.0 1.0 2.66666666667 23.5 2.33333333333 0.333333333333 0.0 22.8333333333 21.0 0.0 9.66666666667 0.666666666667 0.333333333333 18.1666666667 10.5 24.6666666667 
0.0909090909091 14.5454545455 2.63636363636 4.27272727273 2.18181818182 2.32709360757e-219 4.09090909091 8.63636363636 7.36363636364 5.45454545455 0.181818181818 10.7272727273 2.27272727273 14.0909090909 2.0 13.8181818182 22.0 1.81818181818 0.272727272727 6.81818181818 3.90909090909 8.18181818182 2.0 7.36363636364 6.54545454545 0.0 0.0 3.27272727273 6.54545454545 9.49531778455e-217 11.2727272727 21.1818181818 0.727272727273 4.63636363636 5.09090909091 1.09090909091 4.36363636364 3.27272727273 1.36363636364 2.45454545455 8.09090909091 1.54545454545 10.8181818182 10.0909090909 7.36363636364 0.0 3.18181818182 6.36363636364 3.09090909091 7.90909090909 0.818181818182 0.636363636364 12.5454545455 1.43649262446e-221 0.0 2.36363636364 8.18181818182 0.0 4.54545454545 2.87056232521e-221 1.4352811626e-221 1.0 4.09090909091 4.63636363636 
24.1154368493 0.0991398822997 1.47532820281 0.444545043006 33.8361249434 0.287913082843 4.68583069262 4.89678587596 10.8062471707 -0.110004526935 12.3675871435 0.0814848347669 61.3983703033 0.86102308737 0.488456315075 0.145314622001 -0.470801267542 0.0325939339067 7.83521955636 -1.16885468538 9.08103214124 -1.47261204165 1.3196016297 5.26120416478 2.33816206428 0.0683567224989 2.25622453599 6.68311453146 1.57356269805 1.3725667723 -0.0497962879131 -1.68764146673 -1.12947034857 1.31462200091 8.00175822558e-229 0.493435943866 -0.0950656405613 12.128112268 -0.788592123133 0.0 -0.0312358533273 3.26573110005 9.21457673155 0.0162969669534 -2.27252150294 7.15708465369 7.28248076053 -1.37166138524 2.03712086917 0.0 5.88184698959 3.0683567225 -0.0475328202807 4.08103214124 1.24943413309 0.0325939339067 15.1851516523 0.160253508375 7.05885015844 4.13490267089 43.2784065188 23.2824807605 5.29651425985 33.0031688547 
0.0991398822997 0.741964689905 -0.167496604799 -0.0407424173834 -0.439112720688 0.012222725215 -0.378451788139 2.82299683115 0.38478949751 -0.0226346763241 -0.340878225441 0.253961068357 -0.616568583069 1.11543684925 1.21774558624 0.0411951109099 0.0362154821186 0.012222725215 -0.242643730195 0.194658216388 0.671344499774 -0.485740153916 -0.013128112268 1.82933454052 -0.0407424173834 -0.110004526935 -0.260298777727 0.168401991852 -0.0588501584427 -0.0597555454957 -0.0239927569036 -0.271163422363 -0.543232231779 -0.0389316432775 -2.19226252756e-230 0.0307831598008 0.118605703938 -0.289723856949 -0.194658216388 0.0 0.161158895428 2.20869171571 1.8411045722 0.101856043459 -0.267089180625 -0.1299230421 0.21231326392 -0.157990040742 0.242643730195 0.0 0.0434585785423 -0.110004526935 -0.00452693526483 0.0968764146673 0.191942055229 0.203712086917 1.60932548665 0.0334993209597 0.740153915799 -0.0611136260751 1.4581258488 -0.000452693526483 0.61385242191 -0.389769126301 
1.47532820281 -0.167496604799 5.89090086012 1.25350837483 -2.34812132187 0.0303304662743 1.25079221367 3.32593933907 8.70031688547 0.426889995473 10.9153463105 -0.0837483023993 -1.00045269353 1.16115889543 -0.217745586238 -0.0199185151652 0.240380262562 0.179266636487 10.3915799004 1.48619284744 5.98822996831 7.31552738796 1.0769578995 2.10683567225 0.317338162064 0.961068356722 14.5156179267 2.51244907198 1.80353100951 1.33635129018 0.641014033499 -0.792666364871 -1.1588954278 0.18786781349 2.19226252756e-230 1.01177003169 -0.0334993209597 5.16206428248 2.19465821639 0.0 -0.0334993209597 2.5572657311 0.988682661838 -0.0167496604799 3.69262109552 4.40651878678 6.10683567225 7.05160706202 1.05522861023 0.0 3.23313716614 2.45043005885 -0.0167496604799 2.26482571299 0.233589859665 -0.0334993209597 3.4119511091 -0.0334993209597 11.0896333182 4.48664554097 7.69081032141 2.5110909914 1.9606156632 1.581258488 
0.444545043006 -0.0407424173834 1.25350837483 0.388863739249 1.86011770032 -0.00814848347669 0.961521050249 0.408782254414 2.92077863287 0.17111815301 1.63150746944 -0.0203712086917 3.11317338162 0.369850611136 -0.0316885468538 -0.0203712086917 -0.0312358533273 0.0344047080127 1.74332277048 0.260298777727 1.77229515618 1.33091896786 0.16478044364 0.461294703486 0.197374377546 0.243549117248 3.60615663196 0.823902218198 0.542779538253 0.571751923947 0.06564056134 -0.173834314169 -0.0421004979629 0.0543232231779 -1.9730362748e-230 0.291534631055 -0.00814848347669 1.65414214577 0.90991398823 0.0 -0.00814848347669 0.343141693074 0.786781349027 -0.00407424173834 0.695789950204 1.26392032594 1.6102308737 1.37483023993 0.214124038026 0.0 0.843368039837 0.818017202354 -0.00407424173834 0.325486645541 0.0280669986419 -0.00814848347669 1.4803078316 -0.00814848347669 3.74060660933 0.827976459937 2.2974196469 2.09959257583 0.0375735626981 1.98325033952 
33.8361249434 -0.439112720688 -2.34812132187 1.86011770032 275.144861928 0.0823902218198 44.8098687189 3.90221819828 33.1792666365 -0.325939339067 -5.00226346763 -0.325939339067 392.363965595 -0.316432775011 1.59936622906 -0.325939339067 -1.73381620643 -0.130375735627 -3.63875056587 -1.15436849253 49.0588501584 -1.55636034405 -1.08691715708 9.55092802173 16.5409687641 -0.167043911272 -7.49298325034 34.2249886827 6.49298325034 -1.49026708918 -0.609325486646 -1.03666817565 16.1349026709 6.4649162517 -3.15685803968e-229 -0.356722498868 -0.130375735627 66.7854232684 -0.739248528746 0.0 -0.130375735627 -3.4033499321 64.120416478 -0.0651878678135 -1.99502037121 -4.18153010412 33.1041195111 -2.76867360797 -2.02082390222 0.0 -3.69760072431 20.2584880036 -0.0439112720688 -2.23902218198 -0.912630149389 -0.130375735627 99.8338614758 -0.130375735627 -8.19284744228 -2.4119511091 -10.9221367134 168.721140788 -2.59031235853 167.029877773 
0.287913082843 0.012222725215 0.0303304662743 -0.00814848347669 0.0823902218198 0.0620190131281 -0.0203712086917 0.381620642825 -0.00814848347669 -0.00452693526483 0.565866908103 -0.00452693526483 0.0298777727478 0.214576731553 -0.0117700316885 -0.00452693526483 -0.0353100950656 -0.00181077410593 0.15572657311 -0.0461747397012 -0.0104119511091 -0.101403349932 0.0484382073336 0.182888184699 -0.00814848347669 -0.026256224536 0.267089180625 -0.013128112268 -0.0117700316885 -0.0289723856949 -0.051607062019 -0.0244454504301 -0.108646446356 0.0475328202807 -4.38452505511e-231 0.0316885468538 -0.00181077410593 -0.0579447713898 -0.0389316432775 0.0 -0.00181077410593 0.0928021729289 -0.0615663196016 -0.000905387052965 -0.0534178361249 -0.0642824807605 0.119058397465 -0.0443639655953 -0.0280669986419 0.0 0.0810321412404 0.0375735626981 -0.000905387052965 0.181077410593 -0.0126754187415 -0.00181077410593 0.0239927569036 -0.00181077410593 -0.0221819827976 0.115436849253 0.342688999547 0.0552286102309 0.49298325034 -0.00135808057945 
4.68583069262 -0.378451788139 1.25079221367 0.961521050249 44.8098687189 -0.0203712086917 52.4676324129 -3.30783159801 11.067904029 0.640561339973 0.546853779991 -0.210502489814 59.9637845179 0.296966953373 -0.143051154368 -0.210502489814 35.060208239 -0.0842009959258 0.411498415573 18.4060660933 12.6115889543 61.6251697601 -0.247623358986 0.95110909914 2.57854232684 19.3961068357 8.58985966501 5.95337256677 2.26120416478 6.35491172476 33.1534631055 32.6079674061 105.330918968 0.688999547306 -1.00844076268e-229 0.728836577637 -0.0842009959258 10.3693979176 26.0407424174 0.0 -0.0842009959258 -1.52512449072 9.24354911725 -0.0421004979629 18.0905387053 0.861928474423 8.6957899502 -0.10547759167 -0.602987777275 0.0 -0.0724309642372 4.33227704844 -0.0208239022182 -0.19692168402 -0.461747397012 -0.0842009959258 14.6369397918 -0.0842009959258 9.80896333182 0.69760072431 2.77546401086 26.8660027162 0.742870076958 26.3942960616 
4.89678587596 2.82299683115 3.32593933907 0.408782254414 3.90221819828 0.381620642825 -3.30783159801 27.9723856949 5.85559076505 -0.375735626981 12.4988682662 0.645540968764 7.92666364871 7.08646446356 6.78904481666 0.198732458126 -1.07967406066 0.339067451335 8.15934812132 0.72068809416 10.6464463558 3.07288365776 1.50973291082 14.5839746492 0.451335445903 -1.20054323223 13.742870077 3.61249434133 0.299683114531 -1.27704843821 -0.645088275238 -3.05024898144 -8.37935717519 0.519692168402 1.18162950235e-228 0.247170665459 -0.150294250792 5.06292440018 -3.21004979629 0.0 0.488003621548 16.0855590765 13.4219103667 0.563150746944 2.99185151652 1.68583069262 7.71163422363 8.67949298325 2.35129017655 0.0 2.95971027614 1.96966953373 -0.0325939339067 4.66772295156 1.62879130828 1.12630149389 17.7786328656 0.232684472612 4.90357627886 3.94296061566 10.5495699411 7.17971933001 11.0027161612 2.3128112268 
10.8062471707 0.38478949751 8.70031688547 2.92077863287 33.1792666365 -0.00814848347669 11.067904029 5.85559076505 74.6441828882 1.93707559982 14.1634223631 1.57537347216 63.8153010412 3.77410593029 -0.521050248981 2.57537347216 5.05387052965 0.8854685378 14.1475780896 -0.54821186057 22.4105930285 0.118153010412 3.9094612947 5.03576278859 2.72928927116 2.90312358533 33.6274332277 15.2919873246 5.9470348574 9.86962426437 4.10819375283 -3.11000452694 -2.25486645541 1.60751471254 -3.28839379134e-229 5.14259846084 -0.135808057945 13.1009506564 9.80353100951 0.0 -0.135808057945 2.0239927569 14.7229515618 -0.0679040289724 -2.45314622001 11.3064735174 13.1846989588 2.18334087823 18.4056133997 0.0 17.4391127207 8.39248528746 -0.0466274332277 14.1765504753 11.3472159348 -0.135808057945 29.0547759167 1.77908555908 97.3363512902 12.402444545 41.4676324129 32.4612947035 0.2290629244 28.3662290629 
-0.110004526935 -0.0226346763241 0.426889995473 0.17111815301 -0.325939339067 -0.00452693526483 0.640561339973 -0.375735626981 1.93707559982 0.286555002263 -0.0534178361249 -0.0113173381621 -0.499773653237 0.281122679946 -0.0294250792214 -0.0113173381621 -0.194658216388 -0.00452693526483 -0.142598460842 -0.115436849253 0.367587143504 -0.25350837483 -0.038478949751 0.244454504301 -0.0203712086917 0.125848800362 1.88048890901 0.10547759167 0.289723856949 0.629696695337 -0.129017655048 -0.0823902218198 0.0475328202807 0.00181077410593 -1.09613126378e-230 0.228157537347 -0.00452693526483 0.0466274332277 0.987777274785 0.0 -0.00452693526483 -0.14033499321 -0.026256224536 -0.00226346763241 -0.133544590312 0.796740606609 0.329560887279 -0.110909913988 -0.00633770937076 0.0 0.468537799909 0.381167949298 -0.00226346763241 0.0484382073336 -0.0316885468538 -0.00452693526483 -0.0783159800815 -0.00452693526483 3.31688546854 0.171570846537 1.95246717972 0.28700769579 -0.0973291081938 0.305115436849 
12.3675871435 -0.340878225441 10.9153463105 1.63150746944 -5.00226346763 0.565866908103 0.546853779991 12.4988682662 14.1634223631 -0.0534178361249 54.7410593029 -0.181077410593 2.40787686736 0.710728836578 -0.470801267542 -0.181077410593 2.41738343142 -0.0724309642372 43.0375735627 -1.84698958805 13.7962879131 6.92258940697 5.80986871888 8.3368039837 1.50384789498 2.73698506111 7.40697148031 9.43232231779 4.31643277501 -0.648257129923 2.51018560435 -1.72249886827 -4.13309189679 1.51833408782 -1.75381002205e-229 1.60796740607 -0.0724309642372 6.04391127207 -0.833861475781 0.0 -0.0724309642372 13.6908103214 1.282028067 -0.0362154821186 -2.136713445 -1.8478949751 9.61339972838 -1.77455862381 4.40923494794 0.0 0.560434585785 2.01358080579 -0.0362154821186 12.306926211 1.32277048438 -0.0724309642372 6.81077410593 -0.0724309642372 12.0276143051 18.7025803531 14.2181982798 6.37935717519 14.7831598008 -1.07559981892 
0.0814848347669 0.253961068357 -0.0837483023993 -0.0203712086917 -0.325939339067 -0.00452693526483 -0.210502489814 0.645540968764 1.57537347216 -0.0113173381621 -0.181077410593 0.201448619285 0.0746944318696 0.110909913988 0.225894069715 0.116342236306 0.188320507017 0.0380262562245 -0.142598460842 0.224988682662 0.26120416478 -0.210955183341 0.0891806247171 0.372114078769 -0.0203712086917 -0.0230873698506 0.306020823902 0.211860570394 -0.0294250792214 0.0977818017202 0.147578089633 -0.124943413309 -0.27161611589 0.00181077410593 -1.09613126378e-230 0.0579447713898 0.0805794477139 -0.144861928474 -0.0973291081938 0.0 0.0593028519692 0.349026708918 0.505658669081 0.0190131281123 -0.133544590312 0.0307831598008 -0.0534178361249 0.0167496604799 0.695789950204 0.0 0.42598460842 -0.0230873698506 -0.00226346763241 0.431416930738 0.478949751019 0.0380262562245 0.666364870982 0.0805794477139 2.23177908556 0.129017655048 0.760977818017 -0.0321412403803 0.200543232232 -0.184246265278 
61.3983703033 -0.616568583069 -1.00045269353 3.11317338162 392.363965595 0.0298777727478 59.9637845179 7.92666364871 63.8153010412 -0.499773653237 2.40787686736 0.0746944318696 575.336803984 -1.98732458126 2.06654594839 0.39384336804 -3.39610683567 0.136260751471 3.36668175645 -3.49343594387 74.3952014486 -5.6034404708 0.317790855591 15.939791761 24.1344499774 -1.18379357175 -5.61973743775 53.0783159801 10.3005885016 -0.521955636034 -1.74422815754 -5.51154368493 12.4096876415 9.48166591218 -5.45873369362e-229 0.179266636487 -0.225441376188 100.211407877 -3.46401086464 0.0 -0.225441376188 -2.96740606609 94.2498868266 -0.112720688094 -4.79945676777 0.507469443187 49.9185151652 -2.71480307832 3.56948845632 0.0 2.37573562698 29.7311000453 -0.112720688094 2.26754187415 2.67722951562 -0.225441376188 147.870076958 0.412856496152 8.80217292893 1.87188773201 16.8669081032 244.471706655 -2.12358533273 248.458578542 
0.86102308737 1.11543684925 1.16115889543 0.369850611136 -0.316432775011 0.214576731553 0.296966953373 7.08646446356 3.77410593029 0.281122679946 0.710728836578 0.110909913988 -1.98732458126 5.80669986419 2.28836577637 -0.101856043459 -0.347668628339 0.00181077410593 1.24852874604 -0.443186962426 2.435943866 -0.494341330919 -0.00588501584427 3.6256224536 -0.0982344952467 -0.0375735626981 4.09461294703 0.502489814396 0.586238116795 0.837483023993 -0.501584427343 -0.6564056134 -1.80624717067 -0.026256224536 -9.86518137401e-230 0.861928474423 -0.0407424173834 0.185604345858 1.29425079221 0.0 0.172023540063 5.09868718877 3.33816206428 0.192394748755 -0.223177908556 1.55364418289 2.94477138977 0.70393843368 -0.184698958805 0.0 1.28066998642 0.600724309642 0.000905387052965 -0.0959710276143 -0.200090538705 0.38478949751 3.27387958352 -0.0407424173834 6.34133091897 0.480307831598 7.91263014939 0.880941602535 0.634676324129 0.384336803984 
0.488456315075 1.21774558624 -0.217745586238 -0.0316885468538 1.59936622906 -0.0117700316885 -0.143051154368 6.78904481666 -0.521050248981 -0.0294250792214 -0.470801267542 0.225894069715 2.06654594839 2.28836577637 3.02987777275 -0.0294250792214 0.00452693526483 -0.0117700316885 -0.370755998189 -0.300135808058 2.28338614758 -0.659121774559 -0.100045269353 4.76324128565 0.0959710276143 -0.170665459484 -0.753282028067 0.60615663196 -0.0126754187415 -0.188320507017 -0.0801267541874 -0.435491172476 -0.578542326845 -0.0421004979629 2.13526370184e-228 -0.0706201901313 -0.0117700316885 0.240380262562 -0.253055681304 0.0 0.243549117248 5.50746944319 5.04662743323 0.249434133092 -0.347215934812 -0.162516976007 0.869624264373 -0.288365776369 -0.182435491172 0.0 -0.441376188321 0.0208239022182 -0.00588501584427 -0.20597555455 -0.0823902218198 0.498868266184 4.71978270711 -0.0117700316885 -0.835672249887 -0.217745586238 2.85513807153 1.80579447714 1.27885921231 0.810321412404 
0.145314622001 0.0411951109099 -0.0199185151652 -0.0203712086917 -0.325939339067 -0.00452693526483 -0.210502489814 0.198732458126 2.57537347216 -0.0113173381621 -0.181077410593 0.116342236306 0.39384336804 -0.101856043459 -0.0294250792214 0.244001810774 0.315980081485 0.0593028519692 -0.142598460842 0.012222725215 0.218650973291 -0.189678587596 0.153010411951 0.0742417383431 -0.0203712086917 -0.00181077410593 0.603893164328 0.296966953373 -0.0294250792214 0.182888184699 0.253961068357 -0.103666817565 -0.27161611589 0.129470348574 -1.09613126378e-230 0.143051154368 -0.00452693526483 -0.144861928474 -0.0973291081938 0.0 -0.00452693526483 -0.14033499321 0.250339520145 -0.00226346763241 -0.133544590312 0.0946129470349 -0.0746944318696 0.0805794477139 1.10004526935 0.0 0.723856948846 -0.00181077410593 -0.00226346763241 0.686736079674 0.734268899955 -0.00452693526483 0.708918062472 0.123132639203 3.55092802173 0.235400633771 0.867360796741 0.0104119511091 0.0303304662743 -0.120416478044 
-0.470801267542 0.0362154821186 0.240380262562 -0.0312358533273 -1.73381620643 -0.0353100950656 35.060208239 -1.07967406066 5.05387052965 -0.194658216388 2.41738343142 0.188320507017 -3.39610683567 -0.347668628339 0.00452693526483 0.315980081485 32.9710276143 0.113626075147 3.33454051607 16.0783159801 4.10547759167 53.6183793572 0.529651425985 -0.582616568583 -0.0950656405613 16.1475780896 2.65504753282 1.03123585333 0.132186509733 3.77546401086 29.6532367587 28.076505206 85.7750113173 -0.275237664101 -1.8853457737e-229 0.2136713445 -0.077863286555 -0.980986871888 18.3046627433 0.0 -0.0353100950656 0.799004074242 -0.136713444998 0.00362154821186 15.8094160254 -1.67904028972 1.80036215482 1.07107288366 2.68673607967 0.0 0.143956541421 -0.703485740154 -0.0389316432775 1.70122227252 1.75282933454 0.00724309642372 1.09551833409 0.26256224536 7.0461747397 1.70846536895 -1.62607514713 -2.66772295156 0.79402444545 -3.56903576279 
0.0325939339067 0.012222725215 0.179266636487 0.0344047080127 -0.130375735627 -0.00181077410593 -0.0842009959258 0.339067451335 0.8854685378 -0.00452693526483 -0.0724309642372 0.0380262562245 0.136260751471 0.00181077410593 -0.0117700316885 0.0593028519692 0.113626075147 0.0620190131281 0.00679040289724 0.23042100498 0.287460389316 0.558171118153 0.0484382073336 0.0765052059756 -0.00814848347669 -0.00497962879131 1.1607062019 0.0932548664554 -0.0117700316885 0.0561339972838 0.118605703938 -0.0244454504301 -0.108646446356 0.00497962879131 -4.38452505511e-231 0.0316885468538 -0.00181077410593 0.30375735627 -0.0389316432775 0.0 -0.00181077410593 -0.0561339972838 0.151199637845 -0.000905387052965 0.414667270258 0.318696242644 0.267994567678 0.806699864192 0.354911724762 0.0 0.464010864645 0.122679945677 -0.000905387052965 0.223630602082 0.242643730195 -0.00181077410593 0.449524671797 0.0407424173834 1.14803078316 0.0728836577637 0.342688999547 0.0552286102309 0.0887279311906 0.0624717066546 
7.83521955636 -0.242643730195 10.3915799004 1.74332277048 -3.63875056587 0.15572657311 0.411498415573 8.15934812132 14.1475780896 -0.142598460842 43.0375735627 -0.142598460842 3.36668175645 1.24852874604 -0.370755998189 -0.142598460842 3.33454051607 0.00679040289724 41.2670891806 -0.582163875057 13.8103214124 9.99728383884 4.70665459484 3.76097781802 1.61566319602 2.91760977818 2.39203259393 9.38433680398 4.31009506564 -0.848800362155 3.22544137619 -0.940244454504 -3.42236306021 0.848347668628 -1.38112539236e-229 1.61521050249 -0.0570393843368 7.68537799909 -1.22634676324 0.0 -0.0570393843368 12.4870982345 2.08193752829 -0.0285196921684 0.0407424173834 -1.02489814396 9.76097781802 1.11317338162 4.73291081938 0.0 0.18017202354 1.00271616116 -0.0285196921684 8.19330013581 1.47306473517 -0.0570393843368 7.06428248076 -0.0570393843368 11.1416930738 16.09370756 9.20959710276 5.16523313717 4.24173834314 0.0104119511091 
-1.16885468538 0.194658216388 1.48619284744 0.260298777727 -1.15436849253 -0.0461747397012 18.4060660933 0.72068809416 -0.54821186057 -0.115436849253 -1.84698958805 0.224988682662 -3.49343594387 -0.443186962426 -0.300135808058 0.012222725215 16.0783159801 0.23042100498 -0.582163875057 12.6097781802 2.95789950204 34.4142145767 -0.264825712992 -0.783159800815 -0.207786328656 8.30918967859 11.1511996378 -0.622000905387 -0.300135808058 1.70801267542 15.6627433228 14.9936622906 45.9316432775 -0.117700316885 1.43373969302e-228 -0.191942055229 0.209144409235 2.50113173382 9.73064735174 0.0 0.0814848347669 -0.750565866908 -0.250792213671 -0.0230873698506 13.2974196469 2.08420099593 3.1742870077 9.35808057945 0.0502489814396 0.0 1.43866002716 0.777274784971 -0.0230873698506 -0.297419646899 0.187415119964 -0.0461747397012 1.32458125849 0.0389316432775 -0.725215029425 -0.556360344047 -2.78270710729 -1.4427342689 1.30511543685 -1.2580353101 
9.08103214124 0.671344499774 5.98822996831 1.77229515618 49.0588501584 -0.0104119511091 12.6115889543 10.6464463558 22.4105930285 0.367587143504 13.7962879131 0.26120416478 74.3952014486 2.435943866 2.28338614758 0.218650973291 4.10547759167 0.287460389316 13.8103214124 2.95789950204 21.0199185152 12.1190583975 1.81575373472 7.75373472159 3.62335898597 2.64689904934 14.6740606609 11.2064282481 3.47487550928 1.51425984608 4.18198279765 1.04028972386 8.48166591218 1.41693073789 2.63071503307e-230 1.17157084654 -0.116794929833 18.2625622454 3.36124943413 0.0 0.0959710276143 7.37935717519 17.667270258 0.154368492531 4.17157084654 3.47080126754 13.5409687641 7.05341783612 3.7641466727 0.0 3.40742417383 6.24264373019 0.00543232231779 4.23268447261 1.94839293798 0.308736985061 28.6432775011 0.223630602082 18.7713897691 6.24354911725 9.66727025804 35.9026708918 2.82933454052 32.4549569941 
-1.47261204165 -0.485740153916 7.31552738796 1.33091896786 -1.55636034405 -0.101403349932 61.6251697601 3.07288365776 0.118153010412 -0.25350837483 6.92258940697 -0.210955183341 -5.6034404708 -0.494341330919 -0.659121774559 -0.189678587596 53.6183793572 0.558171118153 9.99728383884 34.4142145767 12.1190583975 112.129923042 0.478497057492 -0.375282933454 0.0543232231779 28.0828429153 30.3186962426 1.00950656406 0.617473970122 5.67541874151 51.1100045269 48.5246717972 149.298777727 -0.636034404708 -2.45533403086e-229 -0.0552286102309 -0.101403349932 9.90402897239 32.0325939339 0.0 -0.101403349932 0.473517428701 0.254413761883 -0.050701674966 41.1362607515 5.42145767316 12.6459936623 24.0475328203 0.343141693074 0.0 3.77184246265 2.63603440471 -0.050701674966 0.523313716614 0.0561339972838 -0.101403349932 4.93933906745 -0.0588501584427 -1.83793571752 2.57084653689 -4.27750113173 -1.75826165686 3.52195563603 -1.39520144862 
1.3196016297 -0.013128112268 1.0769578995 0.16478044364 -1.08691715708 0.0484382073336 -0.247623358986 1.50973291082 3.9094612947 -0.038478949751 5.80986871888 0.0891806247171 0.317790855591 -0.00588501584427 -0.100045269353 0.153010411951 0.529651425985 0.0484382073336 4.70665459484 -0.264825712992 1.81575373472 0.478497057492 0.97555454957 0.831145314622 0.143503847895 0.287460389316 0.993662290629 1.32458125849 0.431869624264 0.00905387052965 0.561339972838 -0.335445903124 -0.923494794024 0.180624717067 -3.72684629685e-230 0.248076052512 -0.0153915799004 0.464916251698 -0.309642372114 0.0 -0.0153915799004 1.33137166139 0.285196921684 -0.0076957899502 -0.411498415573 -0.120869171571 0.809868718877 -0.185604345858 1.65504753282 0.0 0.656858306926 0.138524219104 -0.0076957899502 2.02851969217 0.870982344952 -0.0153915799004 1.17202354006 0.112267994568 4.43911272069 2.28972385695 1.98732458126 0.597102761431 1.49886826618 -0.468990493436 
5.26120416478 1.82933454052 2.10683567225 0.461294703486 9.55092802173 0.182888184699 0.95110909914 14.5839746492 5.03576278859 0.244454504301 8.3368039837 0.372114078769 15.939791761 3.6256224536 4.76324128565 0.0742417383431 -0.582616568583 0.0765052059756 3.76097781802 -0.783159800815 7.75373472159 -0.375282933454 0.831145314622 12.060208239 0.737890448167 -0.390674513354 7.49207786329 3.21955636034 0.76324128565 0.415572657311 -0.638750565867 -1.87143503848 -3.15436849253 0.709823449525 6.48909708157e-229 0.267541874151 -0.0724309642372 4.1077410593 -0.025350837483 0.0 0.353100950656 10.0737890448 10.5160706202 0.389316432775 -0.264373019466 1.30104119511 4.74105930285 1.5658669081 0.72838388411 0.0 1.5178813943 2.11996378452 -0.0362154821186 2.90267089181 0.429153463105 0.77863286555 12.5767315527 0.0552286102309 5.02761430512 2.55364418289 11.8352195564 9.74105930285 7.93209597103 7.39248528746 
2.33816206428 -0.0407424173834 0.317338162064 0.197374377546 16.5409687641 -0.00814848347669 2.57854232684 0.451335445903 2.72928927116 -0.0203712086917 1.50384789498 -0.0203712086917 24.1344499774 -0.0982344952467 0.0959710276143 -0.0203712086917 -0.0950656405613 -0.00814848347669 1.61566319602 -0.207786328656 3.62335898597 0.0543232231779 0.143503847895 0.737890448167 1.11226799457 0.0520597555455 -0.521502942508 2.54730647352 0.606609325487 -0.130375735627 -0.0194658216388 -0.258940697148 0.404708012675 0.416025350837 -1.9730362748e-230 0.0362154821186 -0.00814848347669 4.44137618832 -0.175192394749 0.0 -0.00814848347669 0.343141693074 4.06337709371 -0.00407424173834 -0.240380262562 -0.289271163422 2.37618832051 -0.199637845179 0.129017655048 0.0 -0.263014938886 1.26482571299 -0.00407424173834 0.197827071073 0.0280669986419 -0.00814848347669 6.41647804436 -0.00814848347669 0.102308736985 0.572657311 -0.298325033952 10.5464010865 -0.132639203259 10.2172928927 
0.0683567224989 -0.110004526935 0.961068356722 0.243549117248 -0.167043911272 -0.026256224536 19.3961068357 -1.20054323223 2.90312358533 0.125848800362 2.73698506111 -0.0230873698506 -1.18379357175 -0.0375735626981 -0.170665459484 -0.00181077410593 16.1475780896 -0.00497962879131 2.91760977818 8.30918967859 2.64689904934 28.0828429153 0.287460389316 -0.390674513354 0.0520597555455 8.72566772295 2.91534631055 0.756450882752 0.57401539158 2.49479402445 15.1240380263 14.4540516071 45.1267541874 -0.1299230421 -6.35756132992e-230 0.310547759167 -0.026256224536 0.117247623359 10.7546401086 0.0 -0.026256224536 0.377546401086 -0.296966953373 -0.013128112268 8.16161158895 0.110457220462 1.69443186962 0.27161611589 0.550475328203 0.0 0.0366681756451 0.17247623359 -0.013128112268 0.646899049344 0.241738343142 -0.026256224536 -0.0244454504301 0.0162969669534 4.41240380263 1.32277048438 1.23494794024 -0.263014938886 0.414214576732 -0.689904934359 
2.25622453599 -0.260298777727 14.5156179267 3.60615663196 -7.49298325034 0.267089180625 8.58985966501 13.742870077 33.6274332277 1.88048890901 7.40697148031 0.306020823902 -5.61973743775 4.09461294703 -0.753282028067 0.603893164328 2.65504753282 1.1607062019 2.39203259393 11.1511996378 14.6740606609 30.3186962426 0.993662290629 7.49207786329 -0.521502942508 2.91534631055 73.6681756451 2.11724762336 2.86373924853 8.0393843368 4.35672249887 1.13761883205 8.25939339067 0.169760072431 -2.80609603527e-229 2.83657763694 -0.11588954278 15.1000452694 12.35943866 0.0 -0.11588954278 -1.29470348574 3.29379809869 -0.0579447713898 20.4323223178 21.8008148483 17.8325033952 34.9904934359 4.2888184699 0.0 18.9945676777 10.6387505659 -0.0579447713898 6.6102308737 2.76324128565 -0.11588954278 12.5780896333 0.479855138072 50.9846084201 4.7709370756 30.6129470349 6.38569488456 11.35943866 6.1896785876 
6.68311453146 0.168401991852 2.51244907198 0.823902218198 34.2249886827 -0.013128112268 5.95337256677 3.61249434133 15.2919873246 0.10547759167 9.43232231779 0.211860570394 53.0783159801 0.502489814396 0.60615663196 0.296966953373 1.03123585333 0.0932548664554 9.38433680398 -0.622000905387 11.2064282481 1.00950656406 1.32458125849 3.21955636034 2.54730647352 0.756450882752 2.11724762336 7.7931190584 2.22317790856 0.662290629244 0.998189225894 -0.911272068809 0.169760072431 1.05205975555 -8.33059760472e-230 0.772295156179 -0.0344047080127 10.452240833 0.345405160706 0.0 0.00814848347669 3.29515617927 10.4047080127 0.025350837483 -1.01493888637 0.289271163422 6.85785423268 -0.459936622906 3.23268447261 0.0 1.43322770484 3.24581258488 -0.0172023540063 3.14259846084 1.75916704391 0.050701674966 16.966500679 0.220914440923 12.5998189226 4.38478949751 5.5110909914 24.0280669986 0.536894522408 22.1444092349 
1.57356269805 -0.0588501584427 1.80353100951 0.542779538253 6.49298325034 -0.0117700316885 2.26120416478 0.299683114531 5.9470348574 0.289723856949 4.31643277501 -0.0294250792214 10.3005885016 0.586238116795 -0.0126754187415 -0.0294250792214 0.132186509733 -0.0117700316885 4.31009506564 -0.300135808058 3.47487550928 0.617473970122 0.431869624264 0.76324128565 0.606609325487 0.57401539158 2.86373924853 2.22317790856 1.20009053871 0.981892258941 0.196468990493 -0.329108193753 0.208691715708 0.191942055229 -2.84994128582e-230 0.567677682209 -0.0117700316885 2.75101856043 1.55545495699 0.0 -0.0117700316885 1.12449071978 2.02535083748 -0.00588501584427 -0.347215934812 1.17790855591 2.50792213671 -0.288365776369 0.562245359891 0.0 0.728836577637 1.25486645541 -0.00588501584427 0.857854232684 0.130375735627 -0.0117700316885 3.37935717519 -0.0117700316885 6.93028519692 2.01629696695 4.19556360344 5.65685830693 -0.14667270258 5.10819375283 
1.3725667723 -0.0597555454957 1.33635129018 0.571751923947 -1.49026708918 -0.0289723856949 6.35491172476 -1.27704843821 9.86962426437 0.629696695337 -0.648257129923 0.0977818017202 -0.521955636034 0.837483023993 -0.188320507017 0.182888184699 3.77546401086 0.0561339972838 -0.848800362155 1.70801267542 1.51425984608 5.67541874151 0.00905387052965 0.415572657311 -0.130375735627 2.49479402445 8.0393843368 0.662290629244 0.981892258941 3.68537799909 3.53598913536 2.94929832503 11.0276143051 -0.175645088275 3.41992954299e-229 0.932548664554 -0.0289723856949 0.157990040742 5.90900860118 0.0 -0.0289723856949 -0.834314169307 -0.00633770937076 -0.0144861928474 1.37935717519 3.88637392485 1.39429606157 -0.220461747397 1.31688546854 0.0 3.0837483024 1.30330466274 -0.0144861928474 0.982344952467 0.81846989588 -0.0289723856949 0.0221819827976 0.141240380263 16.3897691263 0.868266183794 12.1638750566 0.607062019013 -0.239927569036 1.95699411498 
-0.0497962879131 -0.0239927569036 0.641014033499 0.06564056134 -0.609325486646 -0.051607062019 33.1534631055 -0.645088275238 4.10819375283 -0.129017655048 2.51018560435 0.147578089633 -1.74422815754 -0.501584427343 -0.0801267541874 0.253961068357 29.6532367587 0.118605703938 3.22544137619 15.6627433228 4.18198279765 51.1100045269 0.561339972838 -0.638750565867 -0.0194658216388 15.1240380263 4.35672249887 0.998189225894 0.196468990493 3.53598913536 27.7632412856 26.1330918968 80.392937981 -0.166591217746 -1.24958964071e-229 0.158442734269 -0.051607062019 0.0294250792214 17.27342689 0.0 -0.0303304662743 0.506564056134 0.0538705296514 -0.00452693526483 15.6052512449 -0.512901765505 2.2974196469 2.37392485287 2.17881394296 0.0 0.426437301947 -0.258940697148 -0.0258035310095 1.47985513807 1.38343141693 -0.00905387052965 1.33272974196 0.203712086917 5.69760072431 1.53463105478 -0.797193300136 -1.57492077863 1.10321412404 -2.24083295609 
-1.68764146673 -0.271163422363 -0.792666364871 -0.173834314169 -1.03666817565 -0.0244454504301 32.6079674061 -3.05024898144 -3.11000452694 -0.0823902218198 -1.72249886827 -0.124943413309 -5.51154368493 -0.6564056134 -0.435491172476 -0.103666817565 28.076505206 -0.0244454504301 -0.940244454504 14.9936622906 1.04028972386 48.5246717972 -0.335445903124 -1.87143503848 -0.258940697148 14.4540516071 1.13761883205 -0.911272068809 -0.329108193753 2.94929832503 26.1330918968 26.8189225894 79.469443187 -0.326392032594 -1.62227427039e-229 -0.231779085559 -0.0669986419194 -1.59076505206 16.9425079221 0.0 -0.0669986419194 -1.18334087823 -1.85242191037 -0.0334993209597 15.0022634676 -1.80398370303 0.554096876415 0.996831145315 -0.378904481666 0.0 -0.874151199638 -0.801267541874 -0.0334993209597 -0.746944318696 -0.17111815301 -0.0669986419194 -2.47397012223 -0.0244454504301 -2.92711634224 -0.771389769126 -5.06518786781 -3.46717971933 0.282933454052 -3.53961068357 
-1.12947034857 -0.543232231779 -1.1588954278 -0.0421004979629 16.1349026709 -0.108646446356 105.330918968 -8.37935717519 -2.25486645541 0.0475328202807 -4.13309189679 -0.27161611589 12.4096876415 -1.80624717067 -0.578542326845 -0.27161611589 85.7750113173 -0.108646446356 -3.42236306021 45.9316432775 8.48166591218 149.298777727 -0.923494794024 -3.15436849253 0.404708012675 45.1267541874 8.25939339067 0.169760072431 0.208691715708 11.0276143051 80.392937981 79.469443187 247.587596197 -0.594839293798 -2.63071503307e-229 -0.226346763241 -0.108646446356 0.544590312359 55.1321865097 0.0 -0.108646446356 -3.36803983703 0.0932548664554 -0.0543232231779 45.4970574921 -2.26120416478 5.37754640109 1.97645993662 -1.57763693979 0.0 -3.01041195111 0.318243549117 -0.0543232231779 -1.68854685378 -0.760525124491 -0.108646446356 0.758714350385 -0.108646446356 -1.65006790403 -1.58442734269 -7.31100045269 3.24988682662 2.30239927569 3.55681303757 
1.31462200091 -0.0389316432775 0.18786781349 0.0543232231779 6.4649162517 0.0475328202807 0.688999547306 0.519692168402 1.60751471254 0.00181077410593 1.51833408782 0.00181077410593 9.48166591218 -0.026256224536 -0.0421004979629 0.129470348574 -0.275237664101 0.00497962879131 0.848347668628 -0.117700316885 1.41693073789 -0.636034404708 0.180624717067 0.709823449525 0.416025350837 -0.1299230421 0.169760072431 1.05205975555 0.191942055229 -0.175645088275 -0.166591217746 -0.326392032594 -0.594839293798 0.640561339973 -3.9460725496e-230 0.136260751471 -0.0162969669534 1.52105024898 -0.350384789498 0.0 -0.0162969669534 0.260751471254 1.57356269805 -0.00814848347669 -0.438207333635 -0.450882752377 0.965142598461 -0.0801267541874 0.343141693074 0.0 -0.0792213671345 0.50837483024 -0.00814848347669 0.565866908103 0.183793571752 -0.0162969669534 2.91806247171 0.026256224536 0.693979176098 0.464463558171 -0.128564961521 4.34812132187 0.81982797646 3.81756450883 
8.00175822558e-229 -2.19226252756e-230 2.19226252756e-230 -1.9730362748e-230 -3.15685803968e-229 -4.38452505511e-231 -1.00844076268e-229 1.18162950235e-228 -3.28839379134e-229 -1.09613126378e-230 -1.75381002205e-229 -1.09613126378e-230 -5.45873369362e-229 -9.86518137401e-230 2.13526370184e-228 -1.09613126378e-230 -1.8853457737e-229 -4.38452505511e-231 -1.38112539236e-229 1.43373969302e-228 2.63071503307e-230 -2.45533403086e-229 -3.72684629685e-230 6.48909708157e-229 -1.9730362748e-230 -6.35756132992e-230 -2.80609603527e-229 -8.33059760472e-230 -2.84994128582e-230 3.41992954299e-229 -1.24958964071e-229 -1.62227427039e-229 -2.63071503307e-229 -3.9460725496e-230 0.0212765957447 -2.63071503307e-230 -4.38452505511e-231 -1.40304801764e-229 -9.4267288685e-230 0.0 -4.38452505511e-231 -1.35920276709e-229 5.72180519693e-229 -2.19226252756e-231 -2.63071503307e-230 1.08078542609e-228 7.51946046952e-229 9.86518137401e-230 -6.79601383543e-230 0.0 -1.64419689567e-229 -6.35756132992e-230 -2.19226252756e-231 -7.67291884645e-230 2.85432581088e-228 -4.38452505511e-231 1.03694017553e-228 9.86518137401e-230 -3.11301278913e-229 2.49479475636e-228 -4.5818286826e-229 -1.75381002205e-229 -9.4267288685e-230 2.54302453197e-229 
