64 4 3
0.1 0.86 0.02 0.02 
0.16 0.18 0.08 0.58 
0.06 0.86 0.06 0.02 
12.0 0.2 3.8 1.2 23.0 7.29409629557e-208 6.8 4.6 23.2 0.6 9.0 0.4 42.0 1.6 0.2 0.6 2.8 0.2 8.8 0.4 11.4 2.6 1.6 3.8 1.8 1.6 9.6 7.0 2.6 3.6 2.2 0.4 2.2 1.0 4.81834255425e-207 1.6 1.65965742754e-211 9.4 3.4 0.0 4.71420249405e-208 2.8 8.0 4.71337266534e-208 3.9932962486e-206 7.0 7.4 0.6 5.0 0.0 7.0 3.6 2.77084778934e-215 4.4 2.8 9.42674533068e-208 15.2 0.4 26.6 5.2 28.4 18.6 0.6 21.4 
1.27906976744 0.209302325581 0.441860465116 0.0697674418605 0.674418604651 0.046511627907 1.39534883721 3.67441860465 0.790697674419 0.046511627907 0.813953488372 0.0697674418605 0.906976744186 0.860465116279 0.767441860465 0.046511627907 1.67441860465 0.0232558139535 0.441860465116 1.48837209302 1.74418604651 2.3023255814 0.209302325581 1.60465116279 1.9517656075e-219 0.488372093023 1.86046511628 0.0697674418605 2.81287338155e-219 0.418604651163 1.06976744186 1.67441860465 2.53488372093 0.302325581395 0.162790697674 0.093023255814 0.046511627907 0.395348837209 0.604651162791 0.0 0.046511627907 1.11627906977 0.813953488372 0.0232558139535 1.39534883721 1.11627906977 1.20930232558 1.11627906977 0.139534883721 0.0 0.93023255814 0.255813953488 0.0232558139535 0.302325581395 0.651162790698 0.046511627907 2.86046511628 0.0232558139535 0.209302325581 0.837209302326 1.55813953488 0.813953488372 0.93023255814 0.395348837209 
156.0 3.99954390195e-201 17.0 17.0 2.0 1.17727511688e-201 7.76669270035e-200 7.54239966935e-200 7.0 8.0 2.86691019739e-200 7.6101137227e-202 113.0 1.25909398217e-200 3.24594947044e-200 1.99992685045e-207 11.0 1.31898357552e-201 1.22031502791e-200 32.0 51.0 194.0 140.0 20.0 1.52846455189e-210 322.0 152.0 36.0 1.0 63.0 150.0 13.0 1.7815155702e-199 72.0 7.77685756244e-201 154.0 2.67870523341e-205 13.0 347.0 0.0 7.6087743667e-202 2.27994709261e-200 21.0 7.60743501408e-202 6.44522380473e-200 3.25587193935e-200 66.0 5.42957638068e-200 238.0 0.0 1.82362598452e-200 1.08594552993e-200 4.47217862621e-209 267.0 3.11074302521e-200 1.52148700282e-201 47.0 1.11097965212e-201 21.0 3.46474462085e-200 37.0 118.0 150.0 4.0 
2.79829382562e-200 3.99954390195e-201 1.72463711014e-200 2.63796729641e-201 8.49278874752e-201 1.17727511688e-201 4.0 29.0 304.0 9.39241179422e-208 50.0 7.6101137227e-202 19.0 16.0 3.24594947044e-200 1.99992685045e-207 16.0 18.0 6.0 6.54996717919e-200 11.0 7.0 29.0 9.0 1.52846455189e-210 3.26883596036e-200 8.57339370689e-200 56.0 2.20281433187e-210 1.26160141712e-200 30.0 17.0 1.7815155702e-199 42.0 7.77685756244e-201 26.0 2.67870523341e-205 2.0 4.0 0.0 7.6087743667e-202 161.0 2.75073491536e-200 7.60743501408e-202 6.44522380473e-200 3.25587193935e-200 9.0 5.42957638068e-200 60.0 0.0 119.0 15.0 3.0 9.81850642651e-201 3.11074302521e-200 1.52148700282e-201 65.0 1.11097965212e-201 273.0 3.46474462085e-200 9.0 33.0 3.76561916441e-200 10.0 
1.5 0.5 5.5 0.125 3.00202777105e-210 0.25 3.75 8.375 9.5 0.875 3.125 2.70183238134e-209 2.75 7.5 4.50304165697e-209 0.875 2.25 2.875 2.25 0.5 14.25 3.0 9.25 8.375 0.125 4.1708864334e-208 1.08075045245e-207 3.125 2.82141615042e-208 0.125 1.875 4.0 0.125 7.25 3.59150150703e-209 0.125 0.0 3.0 1.5 2.10118861784e-209 0.0 17.125 18.375 0.25 0.25 3.00187603169e-209 7.375 3.00202778125e-210 1.0 0.0 1.625 6.75 1.92055914352e-208 7.50525411368e-209 0.5 0.0 18.375 3.0617168585e-208 4.125 5.75 1.0 9.25 2.0 12.75 
9.44444444444 35.7777777778 28.6666666667 25.7777777778 0.111111111111 8.37767087522e-224 58.4444444444 57.7777777778 13.8888888889 16.5555555556 0.222222222222 1.0 6.22222222222 34.6666666667 1.66666666667 3.55555555556 32.5555555556 1.0 24.2222222222 3.55555555556 36.4444444444 17.0 10.3333333333 43.5555555556 41.5555555556 15.4444444444 40.0 20.8888888889 10.4444444444 40.4444444444 23.1111111111 35.2222222222 3.0 10.2222222222 1.33333333333 6.33333333333 0.0 26.3333333333 18.3333333333 0.777777777778 0.0 25.3333333333 53.2222222222 3.66666666667 0.111111111111 1.11111111111 29.7777777778 0.111111111111 13.7777777778 0.0 4.22222222222 3.22222222222 7.11111111111 2.77777777778 26.5555555556 0.0 60.4444444444 11.3333333333 8.33333333333 25.4444444444 0.666666666667 26.3333333333 34.5555555556 27.7777777778 
6.0 0.5 7.25 2.0 0.25 6.0 5.75 40.75 4.75 0.5 40.5 3.42606238606e-206 6.0 7.0 19.25 0.5 6.75 0.25 1.5 2.0 29.25 0.25 6.0 57.75 1.0 0.75 5.75 11.0 1.0 0.25 0.75 11.5 1.02170016745e-205 3.75 4.55420858366e-206 0.5 0.0 0.5 1.0 2.66441520922e-206 0.0 3.5 9.25 24.75 3.80634316969e-207 17.25 5.5 40.75 2.0 0.0 13.5 6.75 2.43536774792e-205 9.51704813159e-206 9.09715843503e-205 0.0 32.25 4.25 4.0 2.0 4.0 14.75 8.5 12.0 
0.0689655172414 0.0689655172414 0.0689655172414 0.0689655172414 1.137023816e-204 2.20426129069e-211 0.0689655172414 1.37931034483 0.586206896552 1.69351725591e-202 0.103448275862 0.0689655172414 0.0689655172414 0.655172413793 0.0344827586207 0.103448275862 0.172413793103 1.02290914063e-203 0.172413793103 3.63497519366e-203 1.24137931034 1.7389996972e-202 0.103448275862 0.862068965517 4.25215435802e-202 1.57973129174e-202 4.09336321083e-202 0.0344827586207 1.06861681588e-202 0.137931034483 0.0344827586207 0.620689655172 3.05169731831e-203 0.0689655172414 1.36028813193e-203 6.48020523186e-203 0.0 2.69319814026e-202 0.0344827586207 7.95829246961e-204 0.0 0.344827586207 0.931034482759 0.0344827586207 0.103448275862 0.0344827586207 0.724137931034 1.13702381986e-204 0.103448275862 0.0 4.31896623305e-203 0.103448275862 0.0344827586207 2.8426294902e-203 2.71721341396e-202 0.0 4.06896551724 0.103448275862 0.103448275862 0.0344827586207 0.0344827586207 0.275862068966 0.0344827586207 0.310344827586 
7.19065661121e-192 6.66666666667 2.77689914595e-190 1.90273975131e-190 4.38751724481e-191 2.42739939013e-192 0.333333333333 1.66666666667 2.33333333333 3.20888471409e-190 6.71122844936e-192 5.33333333333 7.88730901314e-191 0.333333333333 24.0 13.6666666667 5.0 2.74553662626e-190 1.62718412368e-191 1.28834870516e-190 1.21248476424e-190 0.333333333333 0.333333333333 4.04396154798e-190 3.46368425631e-190 0.0 0.0 1.64249171837e-190 0.333333333333 4.69189859421e-196 1.0 9.33333333333 1.64058802997e-191 1.0 1.34388089116e-190 1.97648177766e-190 8.38231101425e-191 1.51828546348e-190 7.79850633319e-191 2.66666666667 48.3333333333 3.25107468659e-191 1.66666666667 4.33333333333 1.54200728099e-190 0.0 1.09868762288e-190 1.53676986475e-190 3.33333333333 76.0 2.48459879645e-191 3.41432884693e-191 23.6666666667 2.07880463475e-216 0.0 32.6666666667 2.66666666667 0.0 3.66666666667 9.70959756053e-192 4.85479878027e-192 1.33933413872e-190 1.54236567803e-190 3.0 
0.116279069767 5.48837209302 3.6511627907 2.41860465116 0.581395348837 0.0232558139535 3.04651162791 4.6511627907 3.32558139535 3.86046511628 0.0697674418605 3.46511627907 1.16279069767 4.16279069767 1.39534883721 4.44186046512 8.09302325581 3.02325581395 0.162790697674 2.25581395349 2.58139534884 3.18604651163 1.04651162791 6.18604651163 3.76744186047 0.0 0.0 2.20930232558 4.32558139535 0.0697674418605 4.81395348837 8.41860465116 0.232558139535 2.11627906977 2.13953488372 1.93023255814 1.16279069767 2.11627906977 1.09302325581 1.90697674419 3.86046511628 0.441860465116 5.90697674419 5.74418604651 2.16279069767 0.0 2.02325581395 1.6511627907 1.60465116279 0.627906976744 0.325581395349 0.348837209302 3.62790697674 1.70787614339e-234 0.0 1.53488372093 5.11627906977 0.0 1.46511627907 0.093023255814 0.046511627907 2.02325581395 1.83720930233 1.79069767442 
4.4658464585e-193 14.6666666667 11.3333333333 13.6666666667 2.72492199374e-192 107.666666667 7.33333333333 18.3333333333 15.3333333333 2.33333333333 4.16809165327e-193 16.0 4.89851107178e-192 8.66666666667 117.0 14.0 20.6666666667 17.6666666667 1.01058287845e-192 2.33333333333 23.6666666667 9.33333333333 28.6666666667 16.3333333333 10.6666666667 0.0 0.0 10.3333333333 83.0 2.91396180537e-197 10.3333333333 18.0 1.01890754067e-192 1.66666666667 85.0 2.0 5.205938203e-192 32.6666666667 4.0 3.0 3.0 1.33333333333 28.3333333333 24.6666666667 0.333333333333 0.0 7.33333333333 11.6666666667 11.3333333333 2.0 4.33333333333 33.0 0.666666666667 0.666666666667 0.0 45.6666666667 19.3333333333 0.0 9.0 6.03026597203e-193 3.01513298601e-193 18.0 5.66666666667 29.6666666667 
7.93691999031e-189 3.0 23.0 10.0 4.8428641793e-188 2.67932064979e-189 21.0 6.0 47.0 93.0 7.40773563796e-189 10.0 8.705872629e-188 7.0 6.85749935132e-188 35.0 50.0 349.0 1.79605714714e-188 5.0 13.0 72.0 75.0 142.0 205.0 0.0 0.0 2.0 43.0 5.17883494628e-193 31.0 50.0 1.81085214258e-188 102.0 1.48335203394e-187 61.0 9.25224711053e-188 32.0 12.0 38.0 1.06095635811e-187 7.0 50.0 4.53795263941e-187 104.0 0.0 26.0 36.0 9.0 1.72096973481e-189 2.74245634601e-188 34.0 12.0 2.29454790481e-213 0.0 7.18391445426e-188 35.0 0.0 27.0 1.07172825992e-188 5.35864129959e-189 11.0 16.0 40.0 
78.2 -1.2 -22.6 -6.4 92.0 -7.26480539617e-208 -10.6 -12.2 -121.8 -6.0 -29.8 -2.4 160.8 -13.2 0.8 -3.6 -13.2 -1.2 -26.4 -2.4 -19.4 -8.4 -6.6 -3.2 4.4 -9.6 -84.8 -7.8 -10.6 -17.8 -10.2 -1.8 -5.2 0.6 -9.6366851085e-207 -11.6 -1.99158891305e-210 29.8 -34.0 0.0 -4.24303119326e-207 -8.4 8.8 -4.24203539881e-207 -4.5104562219e-205 13.2 -5.8 -3.6 -27.2 0.0 -7.4 -8.6 -3.32501734721e-214 -23.2 -15.6 -8.48407079761e-207 2.2 -2.4 -195.6 -24.2 101.0 30.0 -3.0 100.6 
-1.2 1.16 -0.76 -0.24 -4.6 -2.48018359754e-209 -1.36 0.88 4.36 -0.12 -1.8 0.32 -5.4 -0.32 -0.04 0.48 1.04 0.16 -1.76 0.32 -0.68 -0.32 0.28 -0.16 -0.36 -0.12 0.88 -0.2 -0.52 0.08 0.76 0.12 -0.44 -2.06012144716e-207 -9.6366851085e-208 0.08 4.64704079712e-211 -1.88 -0.68 0.0 2.2626512314e-207 -0.56 -0.4 2.26241887936e-207 -7.98659249721e-207 -0.6 -1.28 0.48 2.6 0.0 1.4 -0.52 -5.54169557868e-216 1.52 1.84 4.52483775873e-207 0.16 0.32 6.68 -0.04 -1.48 -2.92 0.28 -3.88 
-22.6 -0.76 23.56 4.64 -87.4 -9.46767973454e-208 -0.04 2.32 9.64 2.52 63.6 -1.52 -136.0 7.92 -0.76 -2.28 2.56 -0.76 63.36 -1.52 8.48 16.52 4.92 0.76 -2.44 7.52 17.92 2.4 9.12 3.92 2.64 0.68 -0.36 -1.6 -1.34913591519e-206 4.72 -6.30669822466e-211 -11.12 14.28 0.0 -1.79139694774e-207 20.16 -18.4 -1.79108161283e-207 2.87289637851e-206 -2.6 8.88 -2.28 -4.2 0.0 -8.4 -0.28 -1.05292215995e-214 4.08 -6.24 -3.58216322566e-207 -27.16 -1.52 25.32 24.04 -18.52 -38.68 -0.08 -60.32 
-6.4 -0.24 4.64 2.36 -4.6 -8.75291555469e-208 4.04 -0.92 4.16 1.08 7.6 -0.48 -12.6 2.48 -0.04 -0.72 -0.96 -0.24 7.04 -0.48 3.12 1.68 0.08 0.64 0.04 1.48 8.88 0.8 2.48 2.28 -0.64 -0.08 1.56 -0.2 -5.7820110651e-207 1.28 -1.99158891305e-211 -0.08 6.12 0.0 -5.65704299287e-208 2.24 -1.2 -5.65604719841e-208 -1.19623776669e-206 0.6 3.32 -0.72 -3.0 0.0 -2.0 2.08 -3.32501734721e-215 -0.88 -2.56 -1.13120943968e-207 -2.44 -0.48 8.68 2.96 -6.08 0.68 -0.32 -4.88 
92.0 -4.6 -87.4 -4.6 2117.0 -1.55656205805e-206 280.6 9.2 -142.6 -13.8 -207.0 -9.2 2852.0 -36.8 18.4 -13.8 -64.4 -4.6 -202.4 -9.2 266.8 -59.8 -36.8 50.6 119.6 -36.8 -220.8 184.0 9.2 -82.8 -50.6 -9.2 87.4 46.0 -1.10821878748e-205 -36.8 -3.81721208335e-210 450.8 -78.2 0.0 -1.08426657363e-206 -64.4 460.0 -1.08407571303e-206 -8.33395536861e-205 -161.0 174.8 -13.8 -115.0 0.0 -161.0 124.2 -6.09586513787e-214 -101.2 -64.4 -2.16815142606e-206 685.4 -9.2 -611.8 -119.6 -653.2 1228.2 -13.8 1140.8 
-7.26480539617e-208 -2.48018359754e-209 -9.46767973454e-208 -8.75291555469e-208 -1.55656205805e-206 1.0 -4.1094957615e-207 7.4677091474e-207 -1.57085734164e-206 -4.37645777734e-208 1.11979500729e-206 -2.91763851823e-208 -2.77204950131e-206 2.85905671942e-208 -1.45881925911e-208 -4.37645777734e-208 -1.80018678289e-207 -1.45881925911e-208 -1.31000824326e-207 -2.91763851823e-208 -5.76087152853e-207 -1.89646503685e-207 6.57933211572e-208 4.52819788314e-207 -1.3129373332e-207 -1.16705540729e-207 3.46034981975e-207 -4.49753786728e-207 -1.89646503685e-207 -2.62587466641e-207 -1.60470118503e-207 -4.96036719507e-209 -1.60470118503e-207 6.08329539621e-208 0.0 -9.2489522742e-208 0.0 -6.85645051784e-207 -2.4799927405e-207 0.0 0.0 1.24146091522e-207 -5.83527703646e-207 0.0 0.0 -5.1058674069e-207 -2.84616210024e-207 -4.37645777734e-208 -3.64704814779e-207 0.0 -2.79655842829e-207 -8.00886047543e-208 0.0 2.87389302616e-207 -2.04234696276e-207 0.0 -7.56105831142e-207 -2.91763851823e-208 -1.87968956965e-206 4.65376703651e-208 -1.13539883851e-206 -1.01621311419e-206 1.47705927128e-206 -1.50039656228e-206 
-10.6 -1.36 -0.04 4.04 280.6 -4.1094957615e-207 57.56 -6.88 2.24 3.12 -30.6 -2.72 353.6 4.72 2.44 -4.08 -15.44 -1.36 -33.44 -2.72 41.68 -10.48 -7.88 8.96 15.56 -1.28 16.32 23.2 8.72 1.92 -11.96 -2.12 19.84 5.2 -2.79463868146e-206 -0.08 -1.12856705073e-210 58.88 17.68 0.0 -3.20565769596e-207 -10.64 59.2 -3.20509341243e-207 7.07357974686e-205 -11.6 32.48 -4.08 -28.0 0.0 -23.0 27.12 -1.60709171384e-214 -20.32 -17.84 -6.41018682486e-207 83.84 -2.72 -34.48 -15.56 -94.12 173.52 -3.48 147.68 
-12.2 0.88 2.32 -0.92 9.2 7.4677091474e-207 -6.88 17.24 25.48 -2.76 36.0 1.76 17.8 -3.76 0.08 2.64 12.32 0.88 38.72 1.76 15.56 11.44 7.04 1.12 2.32 1.64 -18.96 13.4 0.04 -9.36 9.68 1.76 -4.12 2.0 5.01107625642e-206 -0.16 -7.6344241667e-211 1.96 -15.64 0.0 1.19715848488e-206 12.32 9.2 1.197196657e-206 7.83359872454e-206 -25.0 2.56 2.64 20.2 0.0 -5.2 -3.96 -7.20420389473e-215 15.76 12.32 2.39439331399e-206 23.68 1.76 14.44 15.68 -69.44 8.04 2.64 -18.44 
-121.8 4.36 9.64 4.16 -142.6 -1.57085734164e-206 2.24 25.48 242.76 7.08 -31.4 8.72 -230.0 12.48 -1.24 13.08 29.84 4.36 -36.96 8.72 13.32 -5.72 8.88 2.44 -10.36 8.08 141.28 5.4 3.88 29.48 21.96 3.52 4.36 -0.2 -1.11785547259e-205 16.48 -3.8504052319e-210 -64.28 40.12 0.0 -1.09369497862e-206 -11.76 -7.2 -1.09350245836e-206 -8.72508429562e-205 -21.4 -13.88 13.08 75.8 0.0 37.4 8.88 -6.15128169108e-214 50.32 50.64 -2.18700491672e-206 14.16 8.72 382.68 16.96 -154.48 -57.32 7.88 -162.68 
-6.0 -0.12 2.52 1.08 -13.8 -4.37645777734e-208 3.12 -2.76 7.08 2.44 -4.2 -0.24 -24.6 2.64 -0.12 -0.36 -1.68 -0.12 -5.28 -0.24 -1.44 -1.56 -0.96 0.12 -1.08 0.84 14.64 -2.4 1.44 4.44 -1.32 -0.24 1.68 -0.6 -2.89100553255e-207 1.44 -9.95794456526e-212 -3.84 8.16 0.0 -2.82852149643e-208 -1.68 -3.6 -2.8280235992e-208 -2.39597774916e-206 4.8 0.36 -0.36 -2.4 0.0 1.8 2.04 -1.6625086736e-215 -1.44 -1.68 -5.65604719841e-208 -6.72 -0.24 18.24 -0.72 5.76 -5.76 -0.36 -7.44 
-29.8 -1.8 63.6 7.6 -207.0 1.11979500729e-206 -30.6 36.0 -31.4 -4.2 290.6 -3.6 -291.6 5.2 -1.8 -5.4 26.4 -1.8 299.2 -3.6 47.2 79.8 28.6 1.8 1.0 21.2 -72.8 32.8 21.6 -28.0 23.2 5.0 -17.8 -0.4 -4.33650829882e-206 4.4 -1.49369168479e-210 -6.0 -23.8 0.0 -4.24278224465e-207 95.2 -36.8 -4.24203539881e-207 -3.59396662374e-205 -57.0 31.2 -5.4 7.0 0.0 -50.4 -21.0 -2.49376294419e-214 30.0 -8.0 -8.48407079761e-207 -40.6 -3.6 -79.0 101.0 -128.6 -95.0 3.2 -163.2 
-2.4 0.32 -1.52 -0.48 -9.2 -2.91763851823e-208 -2.72 1.76 8.72 -0.24 -3.6 1.64 -10.8 -0.64 -0.08 0.96 2.08 0.32 -3.52 0.64 -1.36 -0.64 0.56 -0.32 -0.72 -0.24 1.76 -0.4 -1.04 0.16 1.52 0.24 -0.88 1.22124435978e-208 -1.9273370217e-207 0.16 2.65545188407e-211 -3.76 -1.36 0.0 2.82935132515e-208 -1.12 -0.8 2.8280235992e-208 -1.59731849944e-206 -1.2 -2.56 0.96 5.2 0.0 2.8 -1.04 -1.10833911574e-215 3.04 3.68 5.65604719841e-208 0.32 0.64 13.36 -0.08 -2.96 -5.84 0.56 -7.76 
160.8 -5.4 -136.0 -12.6 2852.0 -2.77204950131e-206 353.6 17.8 -230.0 -24.6 -291.6 -10.8 3878.2 -62.0 24.8 -16.2 -81.6 -5.4 -281.6 -10.8 344.6 -82.2 -48.2 64.6 160.8 -55.6 -354.4 244.6 1.4 -126.2 -64.4 -11.8 107.8 62.6 -2.02370387278e-205 -56.4 -6.97056119568e-210 608.2 -139.4 0.0 -1.9799650475e-206 -89.6 620.0 -1.97961651944e-206 -1.59869594695e-204 -221.4 221.0 -16.2 -143.8 0.0 -212.0 154.0 -1.16375606901e-213 -132.4 -77.6 -3.95923303889e-206 926.4 -10.8 -893.8 -168.6 -844.2 1639.0 -17.2 1551.4 
-13.2 -0.32 7.92 2.48 -36.8 2.85905671942e-208 4.72 -3.76 12.48 2.64 5.2 -0.64 -62.0 6.44 -0.32 -0.96 -2.08 -0.32 3.52 -0.64 -0.64 0.64 -0.56 0.32 -2.08 2.64 25.44 -3.2 3.84 7.44 -1.52 -0.24 2.48 -1.2 -7.7093480868e-207 3.04 -2.65545188407e-211 -7.84 14.96 0.0 3.95910026629e-207 1.12 -8.8 3.95923303889e-207 -2.79352966155e-206 6.8 2.16 -0.96 -4.4 0.0 1.2 3.04 -1.66250847496e-215 -1.44 -3.68 7.91846607777e-207 -15.12 -0.64 32.24 3.28 5.36 -15.76 -0.56 -22.24 
0.8 -0.04 -0.76 -0.04 18.4 -1.45881925911e-208 2.44 0.08 -1.24 -0.12 -1.8 -0.08 24.8 -0.32 1.16 -0.12 -0.56 -0.04 -1.76 -0.08 2.32 -0.52 -0.32 0.44 1.04 -0.32 -1.92 1.6 0.08 -0.72 -0.44 -0.08 0.76 0.4 1.00221525128e-205 -0.32 -3.31931485509e-212 3.92 -0.68 0.0 5.56176314853e-207 -0.56 4.0 5.5617797451e-207 6.46843516554e-207 -1.4 1.52 -0.12 -1.0 0.0 -1.4 1.08 -5.54169557868e-216 -0.88 -0.56 1.11235594902e-206 5.96 -0.08 -5.32 -1.04 -5.68 10.68 -0.12 9.92 
-3.6 0.48 -2.28 -0.72 -13.8 -4.37645777734e-208 -4.08 2.64 13.08 -0.36 -5.4 0.96 -16.2 -0.96 -0.12 2.44 3.12 0.48 -5.28 0.96 -2.04 -0.96 0.84 -0.48 -1.08 -0.36 2.64 -0.6 -1.56 0.24 2.28 0.36 -1.32 8.90441502382e-208 -2.89100553255e-207 0.24 -9.95794456526e-212 -5.64 -2.04 0.0 -2.82852149643e-208 -1.68 -1.2 -2.8280235992e-208 -2.39597774916e-206 -1.8 -3.84 1.44 7.8 0.0 4.2 -1.56 -1.6625086736e-215 4.56 5.52 -5.65604719841e-208 0.48 0.96 20.04 -0.12 -4.44 -8.76 0.84 -11.64 
-13.2 1.04 2.56 -0.96 -64.4 -1.80018678289e-207 -15.44 12.32 29.84 -1.68 26.4 2.08 -81.6 -2.08 -0.56 3.12 13.16 1.04 28.16 2.08 1.28 8.72 6.32 -1.04 -2.64 1.92 -4.48 3.2 -1.28 -3.68 9.44 1.68 -6.16 -3.6280392475e-206 -1.34913591519e-206 1.12 -4.64704079712e-211 -15.52 -9.52 0.0 -3.77302165267e-208 8.96 -8.0 -3.77069813227e-208 7.35521470453e-205 -13.2 -5.92 3.12 22.0 0.0 4.0 -7.28 -7.75837359827e-215 16.48 13.76 -7.54139626455e-208 -3.76 2.08 40.72 13.84 -30.32 -36.08 2.72 -53.12 
-1.2 0.16 -0.76 -0.24 -4.6 -1.45881925911e-208 -1.36 0.88 4.36 -0.12 -1.8 0.32 -5.4 -0.32 -0.04 0.48 1.04 1.16 -1.76 0.32 -0.68 -0.32 0.28 -0.16 -0.36 -0.12 0.88 -0.2 -0.52 0.08 0.76 0.12 -0.44 2.96813834127e-208 -9.6366851085e-208 0.08 -3.31931485509e-212 -1.88 -0.68 0.0 -9.42840498811e-209 -0.56 -0.4 -9.42674533068e-209 9.99199616094e-207 -0.6 -1.28 0.48 2.6 0.0 1.4 -0.52 -5.54169319501e-216 1.52 1.84 -1.88534906614e-208 0.16 0.32 6.68 -0.04 -1.48 -2.92 0.28 -3.88 
-26.4 -1.76 63.36 7.04 -202.4 -1.31000824326e-207 -33.44 38.72 -36.96 -5.28 299.2 -3.52 -281.6 3.52 -1.76 -5.28 28.16 -1.76 310.76 -3.52 49.28 82.72 29.92 1.76 1.76 21.12 -84.48 35.2 21.12 -31.68 24.64 5.28 -19.36 1.30598087016e-206 -4.24014144774e-206 3.52 -1.46049853624e-210 -3.52 -29.92 0.0 -4.14849819477e-207 98.56 -35.2 -4.1477679455e-207 -2.97473533224e-205 -61.6 31.68 -5.28 8.8 0.0 -52.8 -22.88 -2.43834604667e-214 31.68 -7.04 -8.295535891e-207 -36.96 -3.52 -93.28 103.84 -135.52 -93.28 3.52 -161.92 
-2.4 0.32 -1.52 -0.48 -9.2 -2.91763851823e-208 -2.72 1.76 8.72 -0.24 -3.6 0.64 -10.8 -0.64 -0.08 0.96 2.08 0.32 -3.52 1.64 -1.36 -0.64 0.56 -0.32 -0.72 -0.24 1.76 -0.4 -1.04 0.16 1.52 0.24 -0.88 -2.06723875938e-206 7.0347801292e-206 0.16 9.29408159424e-211 -3.76 -1.36 0.0 -1.88070202534e-208 -1.12 -0.8 -1.88534906614e-208 6.38693764443e-205 -1.2 -2.56 0.96 5.2 0.0 2.8 -1.04 -1.10833911574e-215 3.04 3.68 -3.77069813227e-208 0.32 0.64 13.36 -0.08 -2.96 -5.84 0.56 -7.76 
-19.4 -0.68 8.48 3.12 266.8 -5.76087152853e-207 41.68 15.56 13.32 -1.44 47.2 -1.36 344.6 -0.64 2.32 -2.04 1.28 -0.68 49.28 -1.36 63.64 12.76 3.56 9.88 18.48 2.36 -25.84 41.6 10.16 -14.84 1.52 0.44 11.52 7.4 -4.04740774557e-206 -1.04 -1.8920094674e-210 62.24 -8.16 0.0 -6.60818177881e-208 15.68 64.4 -6.59872173148e-208 -1.49077641602e-205 -46.4 38.04 -2.04 -6.0 0.0 -36.0 17.96 -2.32751213245e-214 -0.16 -5.92 -1.3197443463e-207 103.92 -1.36 -50.24 13.72 -177.56 168.96 -0.24 112.24 
-8.4 -0.32 16.52 1.68 -59.8 -1.89646503685e-207 -10.48 11.44 -5.72 -1.56 79.8 -0.64 -82.2 0.64 -0.52 -0.96 8.72 -0.32 82.72 -0.64 12.76 23.24 8.44 0.32 0.12 5.64 -22.16 9.4 5.24 -8.56 7.48 1.56 -5.72 -6.3988546025e-206 -1.2527690641e-206 1.04 -4.31510931161e-211 -2.84 -8.84 0.0 -1.22569264845e-207 26.32 -10.0 -1.22547689299e-207 1.86032185285e-204 -17.4 7.36 -0.96 5.0 0.0 -13.0 -6.76 -7.20420415958e-215 10.16 -0.08 -2.45095378598e-207 -9.92 -0.64 -18.76 28.28 -38.44 -28.36 1.24 -48.04 
-6.6 0.28 4.92 0.08 -36.8 6.57933211572e-208 -7.88 7.04 8.88 -0.96 28.6 0.56 -48.2 -0.56 -0.32 0.84 6.32 0.28 29.92 0.56 3.56 8.44 5.24 -0.28 -0.88 2.04 -6.96 3.4 0.84 -3.36 5.08 0.96 -3.52 2.37451067302e-207 -7.7093480868e-207 0.64 -2.65545188407e-211 -6.04 -5.44 0.0 -7.54272399049e-208 9.52 -5.2 -7.54139626455e-208 -6.38927389402e-206 -8.8 -0.24 0.84 8.8 0.0 -1.8 -4.16 -4.43335607891e-215 8.16 4.72 -1.50827925291e-207 -3.72 0.56 9.44 11.68 -19.84 -19.36 1.24 -30.04 
-3.2 -0.16 0.76 0.64 50.6 4.52819788314e-207 8.96 1.12 2.44 0.12 1.8 -0.32 64.6 0.32 0.44 -0.48 -1.04 -0.16 1.76 -0.32 9.88 0.32 -0.28 2.76 3.16 0.12 -0.88 6.2 1.72 -1.28 -0.76 -0.12 2.84 1.2 2.02370387278e-206 -0.08 -6.30669822466e-211 11.08 0.68 0.0 7.63534838294e-207 0.56 11.6 7.63566371785e-207 -7.43242256095e-206 -5.8 6.48 -0.48 -2.6 0.0 -5.4 4.12 -1.05292214803e-214 -1.52 -1.84 1.52713274357e-206 17.84 -0.32 -6.68 0.04 -26.52 31.72 -0.28 23.48 
4.4 -0.36 -2.44 0.04 119.6 -1.3129373332e-207 15.56 2.32 -10.36 -1.08 1.0 -0.72 160.8 -2.08 1.04 -1.08 -2.64 -0.36 1.76 -0.72 18.48 0.12 -0.88 3.16 8.36 -1.28 -17.28 12.8 1.52 -6.48 -1.96 -0.32 4.44 2.8 -8.67301659765e-207 -2.08 -2.98738336958e-211 27.28 -6.12 0.0 -8.4855644893e-208 0.56 26.4 -8.48407079761e-208 -7.18793324748e-206 -12.6 12.08 -1.08 -6.6 0.0 -12.2 6.52 -4.98752602081e-215 -4.72 -4.24 -1.69681415952e-207 40.04 -0.72 -41.48 -2.56 -45.92 70.52 -0.68 62.08 
-9.6 -0.12 7.52 1.48 -36.8 -1.16705540729e-207 -1.28 1.64 8.08 0.84 21.2 -0.24 -55.6 2.64 -0.32 -0.36 1.92 -0.12 21.12 -0.24 2.36 5.64 2.04 0.12 -1.28 3.64 7.84 0.6 2.84 1.64 1.68 0.36 -0.52 -0.6 -7.7093480868e-207 1.84 -2.65545188407e-211 -6.04 4.76 0.0 -7.54272399049e-208 6.72 -7.2 -7.54139626455e-208 3.61417601289e-205 -1.4 1.96 -0.36 1.0 0.0 -1.6 -0.56 -4.43335646294e-215 2.96 -0.48 -1.50827925291e-207 -9.92 -0.24 16.44 8.68 -8.04 -17.16 0.24 -26.04 
-84.8 0.88 17.92 8.88 -220.8 3.46034981975e-207 16.32 -18.96 141.28 14.64 -72.8 1.76 -354.4 25.44 -1.92 2.64 -4.48 0.88 -84.48 1.76 -25.84 -22.16 -6.96 -0.88 -17.28 7.84 179.24 -30.0 9.04 51.44 -4.32 -1.04 12.88 -6.8 -4.62560885208e-206 17.44 -1.59327113044e-210 -69.84 82.96 0.0 -4.52563439429e-207 -26.88 -46.4 -4.52483775873e-207 5.49987287798e-205 46.0 -13.84 2.64 9.2 0.0 40.0 15.84 -2.66001387777e-214 4.96 6.72 -9.04967551745e-207 -73.92 1.76 300.24 -8.72 44.56 -106.16 -0.16 -138.64 
-7.8 -0.2 2.4 0.8 184.0 -4.49753786728e-207 23.2 13.4 5.4 -2.4 32.8 -0.4 244.6 -3.2 1.6 -0.6 3.2 -0.2 35.2 -0.4 41.6 9.4 3.4 6.2 12.8 0.6 -30.0 30.2 4.8 -13.8 2.8 0.6 5.6 5.4 -3.37283978797e-206 -2.0 -1.16176019928e-210 42.8 -13.6 0.0 -2.35726721277e-207 11.2 45.2 -2.35668633267e-207 -2.79530737402e-205 -35.2 23.4 -0.6 0.4 0.0 -24.0 9.4 -1.93959337838e-214 2.4 -0.8 -4.71337266534e-207 74.4 -0.4 -44.8 9.4 -122.2 113.6 0.4 77.6 
-10.6 -0.52 9.12 2.48 9.2 -1.89646503685e-207 8.72 0.04 3.88 1.44 21.6 -1.04 1.4 3.84 0.08 -1.56 -1.28 -0.52 21.12 -1.04 10.16 5.24 0.84 1.72 1.52 2.84 9.04 4.8 6.04 1.64 -0.72 -0.04 2.88 0.2 -1.2527690641e-206 1.84 -4.31510931161e-211 4.96 8.16 0.0 -1.22569264845e-207 6.72 2.0 -1.22547689299e-207 -1.03825702464e-205 -3.2 8.76 -1.56 -6.0 0.0 -7.2 4.04 -7.20420425228e-215 -1.44 -5.28 -2.45095378598e-207 2.48 -1.04 3.84 7.48 -22.84 11.84 -0.56 -1.04 
-17.8 0.08 3.92 2.28 -82.8 -2.62587466641e-207 1.92 -9.36 29.48 4.44 -28.0 0.16 -126.2 7.44 -0.72 0.24 -3.68 0.08 -31.68 0.16 -14.84 -8.56 -3.36 -1.28 -6.48 1.64 51.44 -13.8 1.64 17.24 -3.12 -0.64 3.08 -2.8 1.9273370217e-207 4.64 -5.97476673916e-211 -23.64 25.16 0.0 -1.69711289786e-207 -10.08 -19.6 -1.69681415952e-207 -3.46777410307e-206 20.6 -7.04 0.24 -1.4 0.0 14.0 3.24 -9.97505204162e-215 -1.84 -0.48 -3.39362831905e-207 -33.12 0.16 77.64 -5.92 40.16 -43.96 -0.56 -42.44 
-10.2 0.76 2.64 -0.64 -50.6 -1.60470118503e-207 -11.96 9.68 21.96 -1.32 23.2 1.52 -64.4 -1.52 -0.44 2.28 9.44 0.76 24.64 1.52 1.52 7.48 5.08 -0.76 -1.96 1.68 -4.32 2.8 -0.72 -3.12 8.36 1.32 -4.84 -3.36615597618e-206 -1.06003536193e-206 0.88 -3.65124634059e-211 -11.68 -7.48 0.0 -5.65787282158e-208 7.84 -6.4 -5.65604719841e-208 7.13663545269e-205 -10.6 -4.08 2.28 16.6 0.0 2.4 -5.72 -6.09586473927e-215 12.72 10.24 -1.13120943968e-207 -3.24 1.52 29.48 11.56 -24.28 -28.12 2.08 -41.68 
-1.8 0.12 0.68 -0.08 -9.2 -4.96036719507e-209 -2.12 1.76 3.52 -0.24 5.0 0.24 -11.8 -0.24 -0.08 0.36 1.68 0.12 5.28 0.24 0.44 1.56 0.96 -0.12 -0.32 0.36 -1.04 0.6 -0.04 -0.64 1.32 1.24 -0.88 -3.58615498699e-206 -1.9273370217e-207 0.16 -6.63862971017e-212 -1.96 -1.36 0.0 -1.88568099762e-208 1.68 -1.2 -1.88534906614e-208 7.67564811172e-205 -2.0 -0.56 0.36 2.8 0.0 0.2 -1.04 -1.10833889061e-215 2.24 1.68 -3.77069813227e-208 -0.68 0.24 4.56 2.32 -4.56 -5.04 0.36 -7.56 
-5.2 -0.44 -0.36 1.56 87.4 -1.60470118503e-207 19.84 -4.12 4.36 1.68 -17.8 -0.88 107.8 2.48 0.76 -1.32 -6.16 -0.44 -19.36 -0.88 11.52 -5.72 -3.52 2.84 4.44 -0.52 12.88 5.6 2.88 3.08 -4.84 -0.88 8.36 1.4 -1.06003536193e-206 0.48 -3.65124634059e-211 17.12 9.52 0.0 -1.03712454869e-207 -6.16 18.0 -1.03694198637e-207 2.23008884243e-204 -0.4 9.72 -1.32 -10.0 0.0 -5.4 9.88 -6.09586513655e-215 -7.68 -6.16 -2.07388397275e-207 24.56 -0.88 -1.52 -7.44 -24.48 54.48 -1.32 47.12 
0.6 -2.06012144716e-207 -1.6 -0.2 46.0 6.08329539621e-208 5.2 2.0 -0.2 -0.6 -0.4 1.22124435978e-208 62.6 -1.2 0.4 8.90441502382e-208 -3.6280392475e-206 2.96813834127e-208 1.30598087016e-206 -2.06723875938e-206 7.4 -6.3988546025e-206 2.37451067302e-207 1.2 2.8 -0.6 -6.8 5.4 0.2 -2.8 -3.36615597618e-206 -3.58615498699e-206 1.4 2.2 -4.81834255425e-207 -0.8 -1.65965742754e-211 9.8 -3.4 0.0 -4.71420249405e-208 -6.68536648702e-207 10.8 -4.71337266534e-208 -3.99324304497e-206 -6.2 4.0 -1.13484583698e-207 -0.2 0.0 -4.0 2.2 -2.77084723315e-215 -0.4 4.15539367778e-207 -9.42674533068e-208 17.2 5.93627668255e-208 -11.4 -0.8 -21.6 27.0 -3.96303540193e-207 22.2 
-9.6366851085e-207 -9.6366851085e-208 -1.34913591519e-206 -5.7820110651e-207 -1.10821878748e-205 0.0 -2.79463868146e-206 5.01107625642e-206 -1.11785547259e-205 -2.89100553255e-207 -4.33650829882e-206 -1.9273370217e-207 -2.02370387278e-205 -7.7093480868e-207 1.00221525128e-205 -2.89100553255e-207 -1.34913591519e-206 -9.6366851085e-208 -4.24014144774e-206 7.0347801292e-206 -4.04740774557e-206 -1.2527690641e-206 -7.7093480868e-207 2.02370387278e-206 -8.67301659765e-207 -7.7093480868e-207 -4.62560885208e-206 -3.37283978797e-206 -1.2527690641e-206 1.9273370217e-207 -1.06003536193e-206 -1.9273370217e-207 -1.06003536193e-206 -4.81834255425e-207 1.0 -7.7093480868e-207 0.0 -4.52924200099e-206 -1.63823646844e-206 0.0 0.0 -1.34913591519e-206 -4.81834255425e-207 0.0 4.81834255425e-207 2.40917127712e-206 7.7093480868e-207 6.74567957595e-207 -2.40917127712e-206 0.0 -3.37283978797e-206 -1.73460331953e-206 0.0 -2.12007072387e-206 1.21422232367e-205 0.0 -5.7820110651e-207 2.89100553255e-207 -1.28167911943e-205 9.54031825741e-206 -1.36840928541e-205 -8.48028289548e-206 -2.89100553255e-207 -7.90208178897e-206 
-11.6 0.08 4.72 1.28 -36.8 -9.2489522742e-208 -0.08 -0.16 16.48 1.44 4.4 0.16 -56.4 3.04 -0.32 0.24 1.12 0.08 3.52 0.16 -1.04 1.04 0.64 -0.08 -2.08 1.84 17.44 -2.0 1.84 4.64 0.88 0.16 0.48 -0.8 -7.7093480868e-207 3.24 -2.65545188407e-211 -9.04 8.16 0.0 -7.54272399049e-208 1.12 -7.2 -7.54139626455e-208 -6.38927399776e-206 2.4 -0.64 0.24 2.4 0.0 2.8 0.64 -4.43335611863e-215 2.56 1.12 -1.50827925291e-207 -10.32 0.16 33.44 3.68 -1.44 -17.76 0.24 -25.04 
-1.99158891305e-210 4.64704079712e-211 -6.30669822466e-211 -1.99158891305e-211 -3.81721208335e-210 0.0 -1.12856705073e-210 -7.6344241667e-211 -3.8504052319e-210 -9.95794456526e-212 -1.49369168479e-210 2.65545188407e-211 -6.97056119568e-210 -2.65545188407e-211 -3.31931485509e-212 -9.95794456526e-212 -4.64704079712e-211 -3.31931485509e-212 -1.46049853624e-210 9.29408159424e-211 -1.8920094674e-210 -4.31510931161e-211 -2.65545188407e-211 -6.30669822466e-211 -2.98738336958e-211 -2.65545188407e-211 -1.59327113044e-210 -1.16176019928e-210 -4.31510931161e-211 -5.97476673916e-211 -3.65124634059e-211 -6.63862971017e-212 -3.65124634059e-211 -1.65965742754e-211 0.0 -2.65545188407e-211 1.0 -1.56007798189e-210 -5.64283525365e-211 0.0 1.65965742754e-211 -4.64704079712e-211 -1.32772594203e-210 0.0 0.0 -1.16176019928e-210 -1.22814649638e-210 -9.95794456526e-212 -8.29828713772e-211 0.0 -1.16176019928e-210 -5.97476673916e-211 0.0 -7.30249268119e-211 -4.64704079712e-211 0.0 -2.52267928987e-210 -6.63862971017e-212 -4.41468875726e-210 -8.63021862322e-211 -4.71342709422e-210 -3.08696281523e-210 2.32352039856e-211 -3.55166689494e-210 
29.8 -1.88 -11.12 -0.08 450.8 -6.85645051784e-207 58.88 1.96 -64.28 -3.84 -6.0 -3.76 608.2 -7.84 3.92 -5.64 -15.52 -1.88 -3.52 -3.76 62.24 -2.84 -6.04 11.08 27.28 -6.04 -69.84 42.8 4.96 -23.64 -11.68 -1.96 17.12 9.8 -4.52924200099e-206 -9.04 -1.56007798189e-210 106.04 -21.76 0.0 -4.43135034441e-207 -1.12 95.6 -4.43057030542e-207 -6.97338401802e-206 -37.6 44.44 -5.64 -35.6 0.0 -46.0 24.36 -2.60459691933e-214 -25.76 -22.72 -8.86114061084e-207 140.32 -3.76 -187.04 -15.88 -136.76 262.56 -3.84 247.84 
-34.0 -0.68 14.28 6.12 -78.2 -2.4799927405e-207 17.68 -15.64 40.12 8.16 -23.8 -1.36 -139.4 14.96 -0.68 -2.04 -9.52 -0.68 -29.92 -1.36 -8.16 -8.84 -5.44 0.68 -6.12 4.76 82.96 -13.6 8.16 25.16 -7.48 -1.36 9.52 -3.4 -1.63823646844e-206 8.16 -5.64283525365e-211 -21.76 47.24 0.0 -1.60282884798e-207 -9.52 -20.4 -1.60254670622e-207 3.74600337067e-205 27.2 2.04 -2.04 -13.6 0.0 10.2 11.56 -9.42088243078e-215 -8.16 -9.52 -3.20509341243e-207 -38.08 -1.36 103.36 -4.08 32.64 -32.64 -2.04 -42.16 
0.0 0.0 0.0 0.0 0.0 0.0 0.0 0.0 0.0 0.0 0.0 0.0 0.0 0.0 0.0 0.0 0.0 0.0 0.0 0.0 0.0 0.0 0.0 0.0 0.0 0.0 0.0 0.0 0.0 0.0 0.0 0.0 0.0 0.0 0.0 0.0 0.0 0.0 0.0 1.0 0.0 0.0 0.0 0.0 0.0 0.0 0.0 0.0 0.0 0.0 0.0 0.0 0.0 0.0 0.0 0.0 0.0 0.0 0.0 0.0 0.0 0.0 0.0 0.0 
-4.24303119326e-207 2.2626512314e-207 -1.79139694774e-207 -5.65704299287e-208 -1.08426657363e-206 0.0 -3.20565769596e-207 1.19715848488e-206 -1.09369497862e-206 -2.82852149643e-208 -4.24278224465e-207 2.82935132515e-208 -1.9799650475e-206 3.95910026629e-207 5.56176314853e-207 -2.82852149643e-208 -3.77302165267e-208 -9.42840498811e-209 -4.14849819477e-207 -1.88070202534e-208 -6.60818177881e-208 -1.22569264845e-207 -7.54272399049e-208 7.63534838294e-207 -8.4855644893e-208 -7.54272399049e-208 -4.52563439429e-207 -2.35726721277e-207 -1.22569264845e-207 -1.69711289786e-207 -5.65787282158e-208 -1.88568099762e-208 -1.03712454869e-207 -4.71420249405e-208 0.0 -7.54272399049e-208 1.65965742754e-211 -4.43135034441e-207 -1.60282884798e-207 0.0 1.0 9.52078043195e-207 5.1840460689e-207 4.71337266534e-208 0.0 -2.8286044793e-207 -1.60316077946e-207 -2.82852149643e-208 -2.35710124703e-207 0.0 -3.29994174584e-207 -1.69711289786e-207 0.0 -2.07424909738e-207 -1.31997669834e-207 9.42674533068e-208 1.78982027318e-207 -1.88568099762e-208 -1.25397786342e-206 -2.45138529691e-207 -5.84693881857e-207 -6.88306757281e-207 2.5453374153e-207 -1.00883933373e-206 
-8.4 -0.56 20.16 2.24 -64.4 1.24146091522e-207 -10.64 12.32 -11.76 -1.68 95.2 -1.12 -89.6 1.12 -0.56 -1.68 8.96 -0.56 98.56 -1.12 15.68 26.32 9.52 0.56 0.56 6.72 -26.88 11.2 6.72 -10.08 7.84 1.68 -6.16 -6.68536648702e-207 -1.34913591519e-206 1.12 -4.64704079712e-211 -1.12 -9.52 0.0 9.52078043195e-207 32.36 -11.2 9.52101278399e-207 -1.1181046021e-205 -19.6 10.08 -1.68 2.8 0.0 -16.8 -7.28 -7.75837167809e-215 10.08 -2.24 1.9042025568e-206 -11.76 -1.12 -29.68 33.04 -43.12 -29.68 1.12 -51.52 
8.8 -0.4 -18.4 -1.2 460.0 -5.83527703646e-207 59.2 9.2 -7.2 -3.6 -36.8 -0.8 620.0 -8.8 4.0 -1.2 -8.0 -0.4 -35.2 -0.8 64.4 -10.0 -5.2 11.6 26.4 -7.2 -46.4 45.2 2.0 -19.6 -6.4 -1.2 18.0 10.8 -4.81834255425e-207 -7.2 -1.32772594203e-210 95.6 -20.4 0.0 5.1840460689e-207 -11.2 105.0 5.18470993187e-207 -2.42730736683e-205 -45.2 38.0 -1.2 -13.2 0.0 -34.4 26.4 -2.21667823147e-214 -13.6 -6.4 1.03694198637e-206 160.0 -0.8 -105.2 -20.4 -176.4 269.2 -1.6 234.8 
-4.24203539881e-207 2.26241887936e-207 -1.79108161283e-207 -5.65604719841e-208 -1.08407571303e-206 0.0 -3.20509341243e-207 1.197196657e-206 -1.09350245836e-206 -2.8280235992e-208 -4.24203539881e-207 2.8280235992e-208 -1.97961651944e-206 3.95923303889e-207 5.5617797451e-207 -2.8280235992e-208 -3.77069813227e-208 -9.42674533068e-209 -4.1477679455e-207 -1.88534906614e-208 -6.59872173148e-208 -1.22547689299e-207 -7.54139626455e-208 7.63566371785e-207 -8.48407079761e-208 -7.54139626455e-208 -4.52483775873e-207 -2.35668633267e-207 -1.22547689299e-207 -1.69681415952e-207 -5.65604719841e-208 -1.88534906614e-208 -1.03694198637e-207 -4.71337266534e-208 0.0 -7.54139626455e-208 0.0 -4.43057030542e-207 -1.60254670622e-207 0.0 4.71337266534e-208 9.52101278399e-207 5.18470993187e-207 1.0 0.0 -2.8280235992e-207 -1.60254670622e-207 -2.8280235992e-208 -2.35668633267e-207 0.0 -3.29936086574e-207 -1.69681415952e-207 0.0 -2.07388397275e-207 -1.3197443463e-207 9.42674533068e-208 1.79108161283e-207 -1.88534906614e-208 -1.25375712898e-206 -2.45095378598e-207 -5.84458210502e-207 -6.8815240914e-207 2.54522123928e-207 -1.00866175038e-206 
-4.5104562219e-205 -7.98659249721e-207 2.87289637851e-206 -1.19623776669e-206 -8.33395536861e-205 0.0 7.07357974686e-205 7.83359872454e-206 -8.72508429562e-205 -2.39597774916e-206 -3.59396662374e-205 -1.59731849944e-206 -1.59869594695e-204 -2.79352966155e-206 6.46843516554e-207 -2.39597774916e-206 7.35521470453e-205 9.99199616094e-207 -2.97473533224e-205 6.38693764443e-205 -1.49077641602e-205 1.86032185285e-204 -6.38927389402e-206 -7.43242256095e-206 -7.18793324748e-206 3.61417601289e-205 5.49987287798e-205 -2.79530737402e-205 -1.03825702464e-205 -3.46777410307e-206 7.13663545269e-205 7.67564811172e-205 2.23008884243e-204 -3.99324304497e-206 4.81834255425e-207 -6.38927399776e-206 0.0 -6.97338401802e-206 3.74600337067e-205 0.0 0.0 -1.1181046021e-205 -2.42730736683e-205 0.0 1.0 -1.95702140861e-206 4.41667365391e-206 6.85157302396e-205 -1.99664810355e-205 0.0 -8.17662621626e-206 -3.58871330008e-206 2.7708477761e-215 -1.75705034939e-205 -9.25389247439e-206 0.0 -3.21089781357e-205 -1.52848503438e-206 -1.06221680213e-204 -1.90443038662e-205 -1.06218151365e-204 -6.70149610753e-205 9.04858772857e-206 -7.43252191999e-205 
13.2 -0.6 -2.6 0.6 -161.0 -5.1058674069e-207 -11.6 -25.0 -21.4 4.8 -57.0 -1.2 -221.4 6.8 -1.4 -1.8 -13.2 -0.6 -61.6 -1.2 -46.4 -17.4 -8.8 -5.8 -12.6 -1.4 46.0 -35.2 -3.2 20.6 -10.6 -2.0 -0.4 -6.2 2.40917127712e-206 2.4 -1.16176019928e-210 -37.6 27.2 0.0 -2.8286044793e-207 -19.6 -45.2 -2.8280235992e-207 -1.95702140861e-206 51.4 -20.6 -1.8 -17.6 0.0 24.2 -3.4 -1.93959345254e-214 -15.2 -10.0 -5.65604719841e-207 -81.6 -1.2 32.8 -20.4 156.0 -100.0 -2.6 -50.8 
-5.8 -1.28 8.88 3.32 174.8 -2.84616210024e-207 32.48 2.56 -13.88 0.36 31.2 -2.56 221.0 2.16 1.52 -3.84 -5.92 -1.28 31.68 -2.56 38.04 7.36 -0.24 6.48 12.08 1.96 -13.84 23.4 8.76 -7.04 -4.08 -0.56 9.72 4.0 7.7093480868e-207 -0.64 -1.22814649638e-210 44.44 2.04 0.0 -1.60316077946e-207 10.08 38.0 -1.60254670622e-207 4.41667365391e-206 -20.6 29.24 -3.84 -18.6 0.0 -26.8 13.96 -2.05042735219e-214 -9.36 -13.92 -3.20509341243e-207 56.32 -2.56 -58.44 6.32 -88.56 111.16 -1.84 84.84 
-3.6 0.48 -2.28 -0.72 -13.8 -4.37645777734e-208 -4.08 2.64 13.08 -0.36 -5.4 0.96 -16.2 -0.96 -0.12 1.44 3.12 0.48 -5.28 0.96 -2.04 -0.96 0.84 -0.48 -1.08 -0.36 2.64 -0.6 -1.56 0.24 2.28 0.36 -1.32 -1.13484583698e-207 6.74567957595e-207 0.24 -9.95794456526e-212 -5.64 -2.04 0.0 -2.82852149643e-208 -1.68 -1.2 -2.8280235992e-208 6.85157302396e-205 -1.8 -3.84 2.44 7.8 0.0 4.2 -1.56 -1.6625086736e-215 4.56 5.52 -5.65604719841e-208 0.48 0.96 20.04 -0.12 -4.44 -8.76 0.84 -11.64 
-27.2 2.6 -4.2 -3.0 -115.0 -3.64704814779e-207 -28.0 20.2 75.8 -2.4 7.0 5.2 -143.8 -4.4 -1.0 7.8 22.0 2.6 8.8 5.2 -6.0 5.0 8.8 -2.6 -6.6 1.0 9.2 0.4 -6.0 -1.4 16.6 2.8 -10.0 -0.2 -2.40917127712e-206 2.4 -8.29828713772e-211 -35.6 -13.6 0.0 -2.35710124703e-207 2.8 -13.2 -2.35668633267e-207 -1.99664810355e-205 -17.6 -18.6 7.8 48.2 0.0 18.6 -11.8 -1.38542381521e-214 31.2 31.6 -4.71337266534e-207 -4.4 5.2 113.6 13.2 -43.2 -67.2 5.4 -94.4 
0.0 0.0 0.0 0.0 0.0 0.0 0.0 0.0 0.0 0.0 0.0 0.0 0.0 0.0 0.0 0.0 0.0 0.0 0.0 0.0 0.0 0.0 0.0 0.0 0.0 0.0 0.0 0.0 0.0 0.0 0.0 0.0 0.0 0.0 0.0 0.0 0.0 0.0 0.0 0.0 0.0 0.0 0.0 0.0 0.0 0.0 0.0 0.0 0.0 1.0 0.0 0.0 0.0 0.0 0.0 0.0 0.0 0.0 0.0 0.0 0.0 0.0 0.0 0.0 
-7.4 1.4 -8.4 -2.0 -161.0 -2.79655842829e-207 -23.0 -5.2 37.4 1.8 -50.4 2.8 -212.0 1.2 -1.4 4.2 4.0 1.4 -52.8 2.8 -36.0 -13.0 -1.8 -5.4 -12.2 -1.6 40.0 -24.0 -7.2 14.0 2.4 0.2 -5.4 -4.0 -3.37283978797e-206 2.8 -1.16176019928e-210 -46.0 10.2 0.0 -3.29994174584e-207 -16.8 -34.4 -3.29936086574e-207 -8.17662621626e-206 24.2 -26.8 4.2 18.6 0.0 31.4 -8.2 -1.93959329495e-214 8.4 14.4 -6.59872173148e-207 -51.4 2.8 99.0 -11.0 78.6 -99.4 1.6 -81.6 
-8.6 -0.52 -0.28 2.08 124.2 -8.00886047543e-208 27.12 -3.96 8.88 2.04 -21.0 -1.04 154.0 3.04 1.08 -1.56 -7.28 -0.52 -22.88 -1.04 17.96 -6.76 -4.16 4.12 6.52 -0.56 15.84 9.4 4.04 3.24 -5.72 -1.04 9.88 2.2 -1.73460331953e-206 0.64 -5.97476673916e-211 24.36 11.56 0.0 -1.69711289786e-207 -7.28 26.4 -1.69681415952e-207 -3.58871330008e-206 -3.4 13.96 -1.56 -11.8 0.0 -8.2 14.44 -9.97505184298e-215 -9.04 -7.28 -3.39362831905e-207 37.28 -1.04 -0.76 -8.72 -42.24 77.64 -1.56 64.36 
-3.32501734721e-214 -5.54169557868e-216 -1.05292215995e-214 -3.32501734721e-215 -6.09586513787e-214 0.0 -1.60709171384e-214 -7.20420389473e-215 -6.15128169108e-214 -1.6625086736e-215 -2.49376294419e-214 -1.10833911574e-215 -1.16375606901e-213 -1.66250847496e-215 -5.54169557868e-216 -1.6625086736e-215 -7.75837359827e-215 -5.54169319501e-216 -2.43834604667e-214 -1.10833911574e-215 -2.32751213245e-214 -7.20420415958e-215 -4.43335607891e-215 -1.05292214803e-214 -4.98752602081e-215 -4.43335646294e-215 -2.66001387777e-214 -1.93959337838e-214 -7.20420425228e-215 -9.97505204162e-215 -6.09586473927e-215 -1.10833889061e-215 -6.09586513655e-215 -2.77084723315e-215 0.0 -4.43335611863e-215 0.0 -2.60459691933e-214 -9.42088243078e-215 0.0 0.0 -7.75837167809e-215 -2.21667823147e-214 0.0 2.7708477761e-215 -1.93959345254e-214 -2.05042735219e-214 -1.6625086736e-215 -1.38542381521e-214 0.0 -1.93959329495e-214 -9.97505184298e-215 1.0 -1.21917302731e-214 -7.75837381015e-215 0.0 -3.10334944328e-214 -1.10833911574e-215 -7.37045475812e-214 -1.44084085046e-214 -7.5921229322e-214 -5.15377684447e-214 -1.6625086736e-215 -5.92961425594e-214 
-23.2 1.52 4.08 -0.88 -101.2 2.87389302616e-207 -20.32 15.76 50.32 -1.44 30.0 3.04 -132.4 -1.44 -0.88 4.56 16.48 1.52 31.68 3.04 -0.16 10.16 8.16 -1.52 -4.72 2.96 4.96 2.4 -1.44 -1.84 12.72 2.24 -7.68 -0.4 -2.12007072387e-206 2.56 -7.30249268119e-211 -25.76 -8.16 0.0 -2.07424909738e-207 10.08 -13.6 -2.07388397275e-207 -1.75705034939e-205 -15.2 -9.36 4.56 31.2 0.0 8.4 -9.04 -1.21917302731e-214 24.04 19.68 -4.1477679455e-207 -9.28 3.04 75.36 17.92 -38.56 -55.84 3.76 -80.96 
-15.6 1.84 -6.24 -2.56 -64.4 -2.04234696276e-207 -17.84 12.32 50.64 -1.68 -8.0 3.68 -77.6 -3.68 -0.56 5.52 13.76 1.84 -7.04 3.68 -5.92 -0.08 4.72 -1.84 -4.24 -0.48 6.72 -0.8 -5.28 -0.48 10.24 1.68 -6.16 4.15539367778e-207 1.21422232367e-205 1.12 -4.64704079712e-211 -22.72 -9.52 0.0 -1.31997669834e-207 -2.24 -6.4 -1.3197443463e-207 -9.25389247439e-206 -10.0 -13.92 5.52 31.6 0.0 14.4 -7.28 -7.75837381015e-215 19.68 22.76 -2.63948869259e-207 0.24 3.68 75.92 4.24 -23.92 -39.28 3.52 -53.92 
