64 4 3
0.02 0.1 0.86 0.02 
0.02 0.82 0.04 0.12 
0.08 0.84 0.02 0.06 
156.0 3.99954390195e-201 17.0 17.0 2.0 1.17727511688e-201 7.76669270035e-200 7.54239966935e-200 7.0 8.0 2.86691019739e-200 7.6101137227e-202 113.0 1.25909398217e-200 3.24594947044e-200 1.99992685045e-207 11.0 1.31898357552e-201 1.22031502791e-200 32.0 51.0 194.0 140.0 20.0 1.52846455189e-210 322.0 152.0 36.0 1.0 63.0 150.0 13.0 1.7815155702e-199 72.0 7.77685756244e-201 154.0 2.67870523341e-205 13.0 347.0 0.0 7.6087743667e-202 2.27994709261e-200 21.0 7.60743501408e-202 6.44522380473e-200 3.25587193935e-200 66.0 5.42957638068e-200 238.0 0.0 1.82362598452e-200 1.08594552993e-200 4.47217862621e-209 267.0 3.11074302521e-200 1.52148700282e-201 47.0 1.11097965212e-201 21.0 3.46474462085e-200 37.0 118.0 150.0 4.0 
12.0 0.2 3.8 1.2 23.0 7.29409629557e-208 6.8 4.6 23.2 0.6 9.0 0.4 42.0 1.6 0.2 0.6 2.8 0.2 8.8 0.4 11.4 2.6 1.6 3.8 1.8 1.6 9.6 7.0 2.6 3.6 2.2 0.4 2.2 1.0 4.81834255425e-207 1.6 1.65965742754e-211 9.4 3.4 0.0 4.71420249405e-208 2.8 8.0 4.71337266534e-208 3.9932962486e-206 7.0 7.4 0.6 5.0 0.0 7.0 3.6 2.77084778934e-215 4.4 2.8 9.42674533068e-208 15.2 0.4 26.6 5.2 28.4 18.6 0.6 21.4 
1.27906976744 0.209302325581 0.441860465116 0.0697674418605 0.674418604651 0.046511627907 1.39534883721 3.67441860465 0.790697674419 0.046511627907 0.813953488372 0.0697674418605 0.906976744186 0.860465116279 0.767441860465 0.046511627907 1.67441860465 0.0232558139535 0.441860465116 1.48837209302 1.74418604651 2.3023255814 0.209302325581 1.60465116279 1.9517656075e-219 0.488372093023 1.86046511628 0.0697674418605 2.81287338155e-219 0.418604651163 1.06976744186 1.67441860465 2.53488372093 0.302325581395 0.162790697674 0.093023255814 0.046511627907 0.395348837209 0.604651162791 0.0 0.046511627907 1.11627906977 0.813953488372 0.0232558139535 1.39534883721 1.11627906977 1.20930232558 1.11627906977 0.139534883721 0.0 0.93023255814 0.255813953488 0.0232558139535 0.302325581395 0.651162790698 0.046511627907 2.86046511628 0.0232558139535 0.209302325581 0.837209302326 1.55813953488 0.813953488372 0.93023255814 0.395348837209 
2.79829382562e-200 3.99954390195e-201 1.72463711014e-200 2.63796729641e-201 8.49278874752e-201 1.17727511688e-201 4.0 29.0 304.0 9.39241179422e-208 50.0 7.6101137227e-202 19.0 16.0 3.24594947044e-200 1.99992685045e-207 16.0 18.0 6.0 6.54996717919e-200 11.0 7.0 29.0 9.0 1.52846455189e-210 3.26883596036e-200 8.57339370689e-200 56.0 2.20281433187e-210 1.26160141712e-200 30.0 17.0 1.7815155702e-199 42.0 7.77685756244e-201 26.0 2.67870523341e-205 2.0 4.0 0.0 7.6087743667e-202 161.0 2.75073491536e-200 7.60743501408e-202 6.44522380473e-200 3.25587193935e-200 9.0 5.42957638068e-200 60.0 0.0 119.0 15.0 3.0 9.81850642651e-201 3.11074302521e-200 1.52148700282e-201 65.0 1.11097965212e-201 273.0 3.46474462085e-200 9.0 33.0 3.76561916441e-200 10.0 
2.55626899001e-195 1.0 4.51560748091e-195 6.6697664031e-196 9.23191801167e-197 2.20152815058e-195 66.0 119.0 53.0 3.92559011071e-196 1.62207014624e-194 9.63253031217e-203 3.19846302105e-195 84.0 7.10857687309e-195 4.46617869079e-196 158.0 8.63409571101e-196 17.0 4.0 36.0 29.0 25.0 21.0 3.94966327702e-196 2.31929210752e-196 1.78491526988e-195 4.84821882307e-195 3.69276720472e-196 1.52175122316e-196 76.0 161.0 5.36016588648e-197 2.0 1.34461175848e-207 1.87198482224e-196 0.0 1.37140303214e-195 7.72264471793e-196 5.3933725892e-208 0.0 7.58982235058e-195 119.0 9.25101583679e-195 1.0 6.0 1.0 1.47503682553e-194 20.0 0.0 5.31918792688e-195 1.0 2.4101121604e-204 5.53688287868e-214 239.0 0.0 133.0 100.0 6.0 217.0 2.0 10.0 5.0 16.0 
0.926829268293 0.19512195122 1.82926829268 0.268292682927 0.0243902439024 0.634146341463 1.34146341463 6.58536585366 2.73170731707 0.219512195122 4.63414634146 0.0487804878049 1.17073170732 2.60975609756 1.90243902439 0.292682926829 1.21951219512 0.585365853659 0.707317073171 0.292682926829 6.51219512195 0.609756097561 2.46341463415 7.87804878049 0.121951219512 0.0731707317073 0.560975609756 1.70731707317 0.0975609756098 0.146341463415 0.463414634146 2.34146341463 0.0243902439024 1.82926829268 1.19793114035e-221 0.0731707317073 0.0 0.634146341463 0.414634146341 4.80502192202e-222 0.0 3.92682926829 5.14634146341 2.48780487805 0.121951219512 1.70731707317 2.48780487805 3.9756097561 0.463414634146 0.0 1.63414634146 2.0487804878 0.0243902439024 4.93287700261e-228 0.0975609756098 0.0 9.60975609756 0.487804878049 1.26829268293 1.34146341463 0.609756097561 3.43902439024 1.24390243902 3.87804878049 
2.5 129.5 54.0 99.5 0.5 5.83812892445e-198 6.5 14.0 9.0 65.5 4.30149150522e-197 4.5 1.0 1.5 7.5 12.5 32.5 2.5 100.5 0.5 17.0 27.0 15.0 18.0 179.5 6.15042162127e-199 177.5 3.0 37.0 182.0 43.5 16.0 1.42143717279e-199 17.5 3.5 19.0 0.0 39.0 1.5 2.5 0.0 1.5 120.0 16.0 2.57224200589e-199 2.0 39.5 0.5 31.5 0.0 15.5 14.0 6.39126304656e-207 12.5 7.22080830655e-199 0.0 16.0 3.79140353887e-198 9.5 9.87869981839e-198 2.0 5.5 13.0 95.5 
13.3333333333 10.3333333333 25.0 5.5 4.95115311086e-206 1.1806975471e-204 74.5 62.1666666667 9.0 3.0 0.333333333333 5.16600476308e-212 9.0 37.5 3.81238789757e-204 1.16666666667 11.6666666667 0.666666666667 9.52511926585e-205 4.5 43.0 11.6666666667 6.33333333333 55.8333333333 2.5 23.1666666667 0.833333333333 30.3333333333 3.33333333333 8.1612762299e-206 7.5 20.6666666667 4.5 9.16666666667 0.833333333333 3.16666666667 0.0 26.5 27.0 0.333333333333 0.0 37.5 20.0 0.166666666667 5.20207735425e-206 3.11218186601e-204 31.3333333333 7.91074309602e-204 6.83333333333 0.0 1.16666666667 2.45639156047e-204 10.6666666667 2.96947555802e-223 1.46032928802e-205 0.0 63.1666666667 0.333333333333 8.33333333333 2.0 8.99013598263e-205 36.0 46.6666666667 7.16666666667 
0.5 21.5 38.25 22.75 8.01684952847e-196 1.5 13.75 19.25 16.0 49.25 0.25 9.25 1.75 7.5 17.0 30.25 39.5 121.0 1.0 3.25 16.75 34.75 25.5 68.75 80.25 0.0 0.0 11.25 77.75 1.36955823706e-200 30.0 28.5 1.15342611751e-196 36.0 1.75 33.75 1.49018680666e-195 21.0 12.0 25.5 2.25 2.75 32.0 27.75 26.5 0.0 13.0 16.75 11.5 0.25 4.0 10.75 3.25 1.96463108271e-223 0.0 25.5 22.25 0.0 9.25 1.0 0.5 21.5 15.0 19.75 
0.047619047619 4.85714285714 1.30952380952 0.642857142857 0.595238095238 1.42414330397e-230 2.66666666667 3.16666666667 2.30952380952 1.64285714286 0.0238095238095 3.7619047619 0.952380952381 1.30952380952 5.66666666667 3.5 4.2380952381 0.380952380952 0.0238095238095 2.28571428571 2.2380952381 0.97619047619 0.571428571429 3.71428571429 0.47619047619 0.0 0.0 1.95238095238 2.52380952381 0.0714285714286 1.61904761905 6.7380952381 0.142857142857 1.19047619048 5.66666666667 0.047619047619 1.19047619048 2.5 0.547619047619 0.47619047619 7.2619047619 0.333333333333 4.61904761905 4.54761904762 2.11904761905 0.0 1.59523809524 1.69047619048 0.642857142857 6.07142857143 0.166666666667 1.02126513277e-229 3.2619047619 5.84289340774e-237 0.0 3.85714285714 4.09523809524 0.0 0.857142857143 9.49268870749e-231 4.74634435374e-231 1.5 1.16666666667 1.2619047619 
1.72011809163e-195 1.0 5.64176010943e-190 2.35959798743e-190 5.81449184119e-190 318.0 2.0 9.0 36.0 1.39975952839e-189 2.49221766876e-191 15.0 6.9770112069e-190 1.0 177.0 5.0 13.0 16.0 2.81415500799e-191 1.80324017049e-189 26.0 5.0 75.0 19.0 3.14591136792e-190 0.0 0.0 1.72547736221e-189 3.09941006077e-189 9.93318530822e-195 14.0 17.0 8.365613856e-191 1.0 102.0 3.0 1.08080848947e-189 2.57139205701e-189 3.43371027157e-190 1.69389464506e-190 2.93247034248e-189 2.75254298345e-190 57.0 1.0 1.0 0.0 3.0 4.0 26.0 5.0 1.05360051653e-190 98.0 1.0 2.0 0.0 35.0 35.0 0.0 21.0 2.31499639929e-211 1.15749819965e-211 1.02930844786e-189 3.0 53.0 
0.333333333333 4.0 2.0 12.3333333333 1.99121720746e-193 1.18938277315e-214 2.0 15.6666666667 15.3333333333 4.79358357593e-193 0.333333333333 4.33333333333 1.0 42.3333333333 1.91684573385e-192 12.0 42.0 5.33333333333 0.666666666667 6.175333898e-193 2.66666666667 17.6666666667 2.0 2.33333333333 19.3333333333 0.0 0.0 0.333333333333 20.6666666667 3.40169529011e-198 23.3333333333 26.6666666667 1.33333333333 2.0 2.12361951776e-192 3.33333333333 3.70131134582e-193 10.6666666667 1.17590034777e-193 5.0 2.0 1.66666666667 5.0 10.3333333333 0.666666666667 0.0 4.33333333333 6.654562101e-193 7.66666666667 9.06867482877e-193 1.33333333333 2.33333333333 30.0 4.87973137616e-221 0.0 0.666666666667 8.33333333333 0.0 11.3333333333 7.927882249e-215 3.9639411245e-215 1.0 3.76399346737e-193 10.0 
1.0 -6.11345148648e-199 1.28004365946e-197 1.50328911725e-197 5.10381428363e-199 -1.70700164365e-199 -1.20156202875e-197 -1.13319510815e-197 5.45409328182e-198 7.26795941612e-198 -4.12952331756e-198 -1.16435543568e-199 1.01053684384e-196 -1.9272920189e-198 -4.80298868096e-198 -3.11985545991e-205 -3.83791251167e-199 -2.0576143778e-199 -1.80708698013e-198 1.90548694807e-197 4.05575234523e-197 1.53101736521e-196 1.26765131453e-196 1.20247115105e-197 -2.1635956966e-208 2.87468676657e-196 1.24926386523e-196 3.23316440435e-197 9.08494945003e-199 5.53196946213e-197 1.26626205832e-196 2.42584158572e-198 -2.76134913381e-197 6.50994180043e-197 -1.13542120412e-198 1.39849593892e-196 -4.17878016413e-203 8.31248984634e-198 3.09167711113e-196 0.0 -1.16414649616e-199 -3.44296144837e-198 1.49083800567e-197 -1.16393755715e-199 -1.00091148444e-197 -4.94355871898e-198 5.35887296116e-197 -8.4446404202e-198 2.16221792996e-196 0.0 -2.80481972635e-198 -1.65872840765e-198 -6.97659865689e-207 2.41154285464e-196 -4.54168481682e-198 -2.32787511431e-199 3.42107213418e-197 -1.6220302921e-199 1.8931824948e-197 -5.04478125086e-198 2.87391125192e-197 1.04956508189e-196 1.30711394998e-196 1.44182742521e-198 
-6.11345148648e-199 1.0 -6.79922463331e-200 -6.79922463331e-200 -6.0448419144e-201 1.95424588949e-202 3.90849177898e-202 1.15870346513e-199 -2.70196843613e-200 -3.19963512156e-200 1.95424588949e-202 3.80452111895e-201 -4.50189639617e-199 4.03822701378e-200 4.56446100845e-200 5.07113172968e-211 -3.59966987281e-200 1.69037724323e-211 3.90849177898e-202 -1.27982994027e-199 -1.65744139339e-199 -7.75911516977e-199 -5.59936146272e-199 -3.91652789756e-201 0.0 -1.28785313643e-198 -6.07735248504e-199 -1.36376145455e-199 -3.99954390195e-201 -2.51971265822e-199 -5.96127867784e-199 -5.16032215472e-200 0.0 -2.87771736351e-199 0.0 -6.15538911721e-199 8.03611570024e-205 -5.19940707253e-200 -1.38784173398e-198 0.0 3.80411931283e-201 8.78763518399e-200 -1.1719789306e-200 3.80371750704e-201 0.0 3.80371750772e-201 -2.47582479966e-199 5.07113172968e-211 -9.5189144866e-199 0.0 7.81698358163e-202 1.69037724323e-211 0.0 -1.06787822182e-198 2.02845269187e-210 7.60743501408e-201 -1.14926232399e-199 3.38075448646e-211 -8.3013298986e-200 8.45188621614e-211 -8.47785491884e-200 -4.56145036634e-199 -5.77108476638e-199 -1.50210526627e-200 
1.28004365946e-197 -6.79922463331e-200 1.0 1.42323122873e-198 2.52340065948e-200 -1.70681254032e-200 -1.3162812278e-198 -1.03375672311e-198 5.35569523762e-199 6.78445631685e-199 -4.01953737543e-199 -1.29371933286e-200 9.43786335677e-198 -1.8766630545e-199 -5.28480837287e-199 -3.13151908468e-206 -1.92499241618e-199 -9.23288503031e-201 -1.44319634732e-199 1.7620410582e-198 3.84361509032e-198 1.43137173429e-197 1.1831560952e-197 1.09337301101e-198 -2.22524893317e-209 2.67517352046e-197 1.20897971968e-197 3.0133942279e-198 8.48057059347e-200 5.13273115294e-198 1.16891861909e-197 8.63161616903e-200 -3.02857646934e-198 6.07518210578e-198 -1.24429720999e-199 1.30534342499e-197 -4.5537988968e-204 9.45515131847e-199 2.87607374279e-197 0.0 -1.29349164234e-200 -3.72863247799e-199 1.37383109005e-198 -1.29326395239e-200 -8.04400680576e-199 -3.55508769908e-199 5.10243785408e-198 -4.32782102534e-199 2.01837575824e-197 0.0 -1.56091569017e-199 -9.66350685433e-200 -7.60270366456e-208 2.25056643969e-197 -4.97718884033e-199 -2.58652790479e-200 3.23362081759e-198 -1.77756744342e-200 1.764308685e-198 -5.40613233126e-199 2.67538653753e-198 9.821917187e-198 1.22070987681e-197 1.78336038642e-199 
1.50328911725e-197 -6.79922463331e-200 1.42323122873e-198 1.0 5.44508108338e-200 -2.0013676987e-200 -1.32033775876e-198 -1.24527640368e-198 6.03227188005e-199 7.95312862123e-199 -4.87374733541e-199 -1.29371933286e-200 1.10586725927e-197 -2.08770042664e-199 -5.51811409974e-199 -3.39987564576e-206 -4.23586691173e-200 -1.97847536331e-200 -1.99539653278e-199 2.09677473055e-198 4.45745798412e-198 1.6831191623e-197 1.38679008301e-197 1.29909915035e-198 -2.41162139165e-209 3.14556412298e-197 1.37748142425e-197 3.53635121328e-198 9.94141097283e-200 6.04861667404e-198 1.38593430244e-197 2.6567354284e-199 -3.02857646934e-198 7.12109607134e-198 -1.32206578561e-199 1.53031284332e-197 -4.5537988968e-204 9.56042615053e-199 3.38298535479e-197 0.0 -1.29349164234e-200 -3.87591005739e-199 1.63062323798e-198 -1.29326395239e-200 -1.03765276949e-198 -5.16566689572e-199 5.88947899916e-198 -8.25423200141e-199 2.36605576882e-197 0.0 -2.80998778705e-199 -1.68782937178e-199 -7.60270366456e-208 2.63766526969e-197 -5.28826314285e-199 -2.58652790479e-200 3.75276002487e-198 -1.8886654086e-200 2.07108516454e-198 -5.89006585536e-199 3.13539783326e-198 1.14876626213e-197 1.42825130748e-197 1.67903541303e-199 
5.10381428363e-199 -6.0448419144e-201 2.52340065948e-200 5.44508108338e-200 1.0 -4.00304344276e-202 1.49307542295e-199 -1.3325462128e-199 2.25327352406e-200 2.81067018425e-200 -5.53839580583e-200 -1.52202274454e-201 4.06448369183e-199 -1.73007021236e-201 -6.49189893892e-200 -3.9998537009e-207 1.63577140007e-199 -2.63796715104e-201 -2.04969500668e-200 1.18723732854e-199 1.38334602744e-199 8.21460440223e-199 4.85976193684e-199 -1.20549898216e-200 1.33706319291e-208 1.19667154242e-198 3.97205539054e-199 1.21473491964e-199 3.51333801933e-201 2.28796633218e-199 6.37881341952e-199 1.63840054692e-199 3.5630311415e-199 2.50596316674e-199 -1.55537151249e-200 5.4418083605e-199 -5.35741046683e-205 8.2795253535e-202 1.29758033459e-198 0.0 -1.52175487334e-201 -4.1686156511e-200 1.87662582198e-200 -1.52148700282e-201 8.38749082345e-201 -6.51165684961e-200 1.79522981415e-199 -9.55110317047e-200 8.3617438451e-199 0.0 -2.86554956679e-200 -2.17189036417e-200 -4.47217864759e-209 9.18424224867e-199 -6.22148605042e-200 -3.04297400563e-201 7.37903310391e-200 -2.22195930423e-201 8.1597074894e-200 -6.9294892417e-200 8.83304802289e-200 3.90585761456e-199 4.64764513827e-199 -5.0672644417e-201 
-1.70700164365e-199 1.95424588949e-202 -1.70681254032e-200 -2.0013676987e-200 -4.00304344276e-202 1.0 1.37269970583e-201 1.74684297475e-200 -6.28195234551e-201 -9.41820093507e-201 2.86690898991e-200 0.0 -1.28327715324e-199 2.34509506739e-201 0.0 0.0 -1.25591771078e-200 0.0 8.24565340138e-201 -3.76728037403e-200 -5.59182042604e-200 -2.28391372675e-199 -1.6187296478e-199 -1.17632960025e-200 0.0 -3.79082587637e-199 -1.62058934203e-199 -4.14000536799e-200 -1.17727511688e-201 -7.41683323637e-200 -1.76591267533e-199 -1.49137273416e-200 0.0 -8.26046827708e-200 0.0 -1.80909518822e-199 0.0 -1.53045765195e-200 -4.08514465559e-199 0.0 0.0 5.30010181757e-201 -2.47227774546e-200 0.0 0.0 0.0 -7.35820585968e-200 0.0 -2.80191477818e-199 0.0 3.7272499396e-201 2.9455515838e-201 0.0 -3.04513950929e-199 0.0 0.0 -4.96409794981e-200 0.0 -2.37456545098e-200 6.87295369554e-201 -2.84500273942e-200 -1.33422937386e-199 -1.52045004334e-199 -3.73197752279e-201 
-1.20156202875e-197 3.90849177898e-202 -1.3162812278e-198 -1.32033775876e-198 1.49307542295e-199 1.37269970583e-201 1.0 3.58919708428e-200 -5.40732389939e-199 -6.21335414144e-199 2.88645145139e-200 0.0 -8.61953310458e-198 4.69019019269e-201 2.33305726905e-200 0.0 2.07859131162e-198 5.12969501285e-216 8.63650260166e-201 -8.89829225483e-199 -3.57744595382e-198 -1.00301077035e-197 -1.0870424228e-197 -1.53266847202e-198 2.36133238671e-209 -2.35050859766e-197 -1.14123744668e-197 -2.79502752154e-198 -7.76669269811e-200 -4.5126563531e-198 -8.9434429182e-198 1.69770784217e-198 8.19497162287e-198 -5.58966419278e-198 7.77685756244e-201 -1.19599250602e-197 0.0 -1.00967005094e-198 -2.51460262481e-197 0.0 0.0 5.69095100259e-201 -1.62322860924e-198 0.0 1.57995872355e-198 1.33317560295e-200 -4.88517804095e-198 1.52588411099e-199 -1.84847286078e-197 0.0 4.50911748323e-201 2.94555162756e-201 4.47217869034e-209 -2.07272510036e-197 3.11074302508e-200 0.0 -3.47795274959e-198 1.11097965178e-201 -1.62905122106e-198 3.46474450067e-200 -2.85622204731e-198 -9.15750460478e-198 -1.14751263355e-197 -3.03158563616e-199 
-1.13319510815e-197 1.15870346513e-199 -1.03375672311e-198 -1.24527640368e-198 -1.3325462128e-199 1.74684297475e-200 3.58919708428e-200 1.0 -4.48061792902e-199 -6.03391973548e-199 4.57337467618e-199 2.28223050453e-200 -8.42301927646e-198 2.86263060722e-199 6.23826250818e-199 4.56401855672e-210 -7.62035930037e-199 1.84657700564e-200 1.84594746919e-199 -1.96045854433e-198 -3.30067564759e-198 -1.40782820823e-197 -1.05122306874e-197 -6.56337867959e-199 8.99919841414e-210 -2.42865269348e-197 -1.03461896033e-197 -2.65390966239e-198 -7.54239966833e-200 -4.68505301131e-198 -1.12538430593e-197 -9.58523131892e-199 5.09676702091e-210 -5.39734457142e-198 1.16652863437e-199 -1.16117778482e-197 0.0 -6.66593866044e-199 -2.61721268521e-197 0.0 2.28223050423e-200 6.06991941722e-199 -9.59761613882e-199 2.28223050423e-200 4.22915434894e-199 4.81322052012e-199 -4.40204142592e-198 7.16578338412e-199 -1.79509111826e-197 0.0 2.57287773826e-199 1.57923445681e-199 8.94435782952e-209 -1.99811110315e-197 4.66611453768e-199 4.56446100845e-200 -2.55234193515e-198 1.66646947797e-200 -1.57510982263e-198 5.26584631207e-199 -2.1263345509e-198 -8.63438237691e-198 -1.07100598062e-197 -9.87837859907e-200 
5.45409328182e-198 -2.70196843613e-200 5.35569523762e-199 6.03227188005e-199 2.25327352406e-200 -6.28195234551e-201 -5.40732389939e-199 -4.48061792902e-199 1.0 2.88837197959e-199 -1.71232925412e-199 -5.32707959068e-201 4.02519850371e-198 -6.84963428027e-200 -2.27216462928e-199 -1.19772481231e-206 -6.57531070615e-200 -5.27593429497e-201 -6.37412906394e-200 7.40382722379e-199 1.62555073044e-198 6.07948172056e-198 5.03697769062e-198 4.6157688302e-199 1.59630833462e-209 1.13968789283e-197 5.08746105902e-198 1.28322590401e-198 3.6104650486e-200 2.18628087923e-198 4.98794493816e-198 5.1424257499e-200 -1.24706089909e-198 2.58735744857e-198 -5.44380029371e-200 5.55933445854e-198 -1.87509366339e-204 3.79669572763e-199 1.22537314848e-197 0.0 -5.32614205669e-201 -1.52728504078e-199 5.81474878304e-199 -5.32520450986e-201 -3.64111888252e-199 -1.72512859718e-199 2.15813197196e-198 -2.33658017318e-199 8.59290663187e-198 0.0 -7.72733156457e-200 -4.93289265558e-200 -2.6833065281e-208 9.5810306329e-198 -2.17752011667e-199 -1.06504090197e-200 1.36436053203e-198 -7.77685754959e-201 7.56243396671e-199 -2.35659167557e-199 1.14828833925e-198 4.17953274399e-198 5.19247915039e-198 7.19244570673e-200 
7.26795941612e-198 -3.19963512156e-200 6.78445631685e-199 7.95312862123e-199 2.81067018425e-200 -9.41820093507e-201 -6.21335414144e-199 -6.03391973548e-199 2.88837197959e-199 1.0 -2.2935281579e-199 -6.08809097816e-201 5.3418761116e-198 -1.00727518571e-199 -2.59675957635e-199 -1.59994148036e-206 -7.51953793363e-201 -1.05518686041e-200 -9.76252022328e-200 1.01278681483e-198 2.14728309623e-198 8.12414958907e-198 6.69986633979e-198 6.31203103674e-199 -1.22277164151e-209 1.52023840266e-197 6.61385340199e-198 1.70885551252e-198 4.80245058962e-200 2.92461575905e-198 6.70577029891e-198 1.39919589786e-199 -1.42521245616e-198 3.4404845058e-198 -6.22148604995e-200 7.39264710091e-198 -2.14296418673e-204 4.44936810537e-199 1.63506952975e-197 0.0 -6.08701949336e-201 -1.82395767409e-199 7.8845583091e-199 -6.08594801127e-201 -5.15617904379e-199 -2.6046975514e-199 2.83483068317e-198 -4.34366110455e-199 1.14298322021e-197 0.0 -1.45890078756e-199 -8.68756423905e-200 -3.57774290097e-208 1.27439950269e-197 -2.48859442017e-199 -1.21718960225e-200 1.80821215295e-198 -8.88783721692e-201 1.00069761688e-198 -2.77179569666e-199 1.5164473792e-198 5.54747795678e-198 6.90242635354e-198 7.65306351026e-200 
-4.12952331756e-198 1.95424588949e-202 -4.01953737543e-199 -4.87374733541e-199 -5.53839580583e-200 2.86690898991e-200 2.88645145139e-200 4.57337467618e-199 -1.71232925412e-199 -2.2935281579e-199 1.0 0.0 -3.15242867032e-198 2.34509508401e-201 0.0 0.0 -3.14969272491e-199 6.41211876607e-215 2.28180172496e-199 -9.17411263165e-199 -1.34803411445e-198 -5.56180578285e-198 -3.92825328038e-198 -2.31698055726e-199 1.4586413288e-209 -9.23145083557e-198 -3.87345576465e-198 -1.00361400567e-198 -2.86691019357e-200 -1.80615342409e-198 -4.30036529605e-198 -3.72307476476e-199 1.69018054869e-210 -2.0070325869e-198 0.0 -4.41465085479e-198 0.0 -3.72698325594e-199 -9.94817838494e-198 0.0 0.0 1.42759175831e-199 -6.02051141422e-199 0.0 0.0 5.21064907537e-208 -1.80556716311e-198 0.0 -6.82324626974e-198 0.0 8.62026942968e-200 8.542099594e-200 1.06868646101e-215 -7.36991357387e-198 1.4586413288e-209 0.0 -1.20429775572e-198 0.0 -6.01074018371e-199 1.99315657296e-199 -6.88254028828e-199 -3.23999940892e-198 -3.58852366333e-198 -1.13699284926e-199 
-1.16435543568e-199 3.80452111895e-201 -1.29371933286e-200 -1.29371933286e-200 -1.52202274454e-201 0.0 0.0 2.28223050453e-200 -5.32707959068e-201 -6.08809097816e-201 0.0 1.0 -8.59942850614e-200 7.60743501408e-201 9.1289220169e-201 1.01422634594e-210 -6.84963808945e-201 3.38075448646e-211 0.0 -2.43507566888e-200 -3.1204144969e-200 -1.4763620622e-199 -1.06541592117e-199 -5.35741621411e-204 0.0 -2.45045661871e-199 -1.1567372858e-199 -2.58749223969e-200 -7.6101137227e-202 -4.79437164517e-200 -1.13390962337e-199 -9.89314783917e-201 0.0 -5.47928188031e-200 0.0 -1.17195751329e-199 5.35741046683e-205 -9.89314783951e-201 -2.64070946178e-199 0.0 7.61011371932e-202 1.74971005324e-200 -1.52711228888e-201 7.60743501408e-202 0.0 7.60743502761e-202 -4.71837765638e-200 1.01422634594e-210 -1.81120706594e-199 0.0 4.73305628104e-210 3.38075448646e-211 0.0 -2.03190036392e-199 4.05690538375e-210 1.52148700282e-201 -2.13134079645e-200 6.76150897291e-211 -1.59812387974e-200 1.69037724323e-210 -1.59855247444e-200 -8.67563679209e-200 -1.0958670909e-199 -3.0440454884e-201 
1.01053684384e-196 -4.50189639617e-199 9.43786335677e-198 1.10586725927e-197 4.06448369183e-199 -1.28327715324e-199 -8.61953310458e-198 -8.42301927646e-198 4.02519850371e-198 5.3418761116e-198 -3.15242867032e-198 -8.59942850614e-200 1.0 -1.39639397925e-198 -3.66792290157e-198 -2.25984127403e-205 -8.93010599097e-200 -1.4640717688e-199 -1.34395959488e-198 1.40637077284e-197 2.98480857147e-197 1.12993109924e-196 9.31588220752e-197 8.74940990181e-198 2.80904707168e-209 2.11382109847e-196 9.19972388339e-197 2.37585113902e-197 6.67734527062e-199 4.06580097989e-197 9.32502171119e-197 1.96224771521e-198 -1.97748228291e-197 4.78404578624e-197 -8.78784904556e-199 1.02790468651e-196 -3.02693691376e-203 6.19162684709e-198 2.27349791422e-196 0.0 -8.59791503437e-200 -2.55809266178e-198 1.09246469161e-197 -8.59640156592e-200 -7.1564216386e-198 -3.64220331484e-198 3.94103826129e-197 -6.03127627713e-198 1.58920814586e-196 0.0 -2.01580771962e-198 -1.20245398638e-198 -5.05356184356e-207 1.77205083057e-196 -3.51513961846e-198 -1.71928031318e-199 2.51048478684e-197 -1.25540700684e-199 1.39208039521e-197 -3.89454255591e-198 2.10971396605e-197 7.7136512528e-197 9.59957581862e-197 1.06317065713e-198 
-1.9272920189e-198 4.03822701378e-200 -1.8766630545e-199 -2.08770042664e-199 -1.73007021236e-201 2.34509506739e-201 4.69019019269e-201 2.86263060722e-199 -6.84963428027e-200 -1.00727518571e-199 2.34509508401e-201 7.60743501408e-201 -1.39639397925e-198 1.0 9.1289220169e-200 0.0 -1.15957307455e-199 2.6379671507e-201 1.2604520958e-200 -3.738898595e-199 -5.34699117266e-199 -2.36350331089e-198 -1.76273155168e-198 -8.91182270709e-200 6.78437827349e-211 -4.05428262259e-198 -1.79012955129e-198 -4.38058963547e-199 -1.25909398149e-200 -7.93229208581e-199 -1.87575715122e-198 -1.56353199066e-199 5.07054164607e-210 -9.04201713383e-199 0.0 -1.9343145424e-198 0.0 -1.18836776114e-199 -4.36905611812e-198 0.0 7.60743501408e-201 1.79663347592e-199 -1.09316172728e-199 7.60743501408e-201 5.80357067163e-200 4.45394512134e-200 -7.46931781056e-199 9.76073607131e-200 -2.99664366589e-198 0.0 3.83980189377e-200 1.58278029116e-200 4.47217894682e-209 -3.36178093228e-198 6.78437827349e-211 1.52148700282e-200 -4.03555944891e-199 0.0 -2.52684260856e-199 9.82315484932e-210 -3.05452374013e-199 -1.43771271642e-198 -1.83244406521e-198 -2.28104810356e-200 
-4.80298868096e-198 4.56446100845e-200 -5.28480837287e-199 -5.51811409974e-199 -6.49189893892e-200 0.0 2.33305726905e-200 6.23826250818e-199 -2.27216462928e-199 -2.59675957635e-199 0.0 9.1289220169e-201 -3.66792290157e-198 9.1289220169e-200 1.0 0.0 -3.38796597714e-199 0.0 0.0 -6.88745240231e-199 -1.49415329169e-198 -6.29714197265e-198 -4.54432925861e-198 -2.7996687225e-199 1.18924563821e-210 -1.04519572948e-197 -4.93384319507e-198 -1.15028396532e-198 -3.24594947039e-200 -1.95162587563e-198 -4.85979528364e-198 -4.21973431157e-199 1.01935340418e-210 -2.33708361872e-198 1.63314008811e-199 -4.99876218448e-198 0.0 -4.21973431152e-199 -1.12634446624e-197 0.0 9.1289220169e-201 2.09965206389e-199 -3.44885861655e-199 9.1289220169e-201 2.33305726873e-200 2.89095794265e-199 -1.89583580823e-198 4.66611453746e-200 -7.72535973964e-198 0.0 0.0 1.52903010627e-210 0.0 -8.66668508607e-198 6.53256035245e-199 1.82578440338e-200 -1.02551871516e-198 2.33305726873e-200 -6.81649388792e-199 5.83264317183e-199 -1.05493855179e-198 -3.77037411435e-198 -4.81415067356e-198 -1.31851153689e-200 
-3.11985545991e-205 5.07113172968e-211 -3.13151908468e-206 -3.39987564576e-206 -3.9998537009e-207 0.0 0.0 4.56401855672e-210 -1.19772481231e-206 -1.59994148036e-206 0.0 1.01422634594e-210 -2.25984127403e-205 0.0 0.0 1.0 -2.19951384495e-206 5.07113172968e-211 0.0 -6.3996644988e-206 -1.01992212467e-205 -3.87985301874e-205 -2.79988237723e-205 -3.71030740619e-206 0.0 -6.43975938731e-205 -3.03981781684e-205 -7.19943239371e-206 -1.99992685045e-207 -1.25993363126e-205 -2.99985984888e-205 -2.59985419426e-206 0.0 -1.38890488778e-205 0.0 -3.05988301005e-205 0.0 -2.59990490558e-206 -6.93974617105e-205 0.0 0.0 0.0 -4.08905233134e-206 0.0 0.0 2.02845269187e-210 -1.30205621276e-205 1.52133951891e-210 -4.74868564502e-205 0.0 7.09958442156e-210 5.07113172968e-211 0.0 -5.33974383711e-205 6.08535807562e-210 0.0 -8.8674334822e-206 1.01422634594e-210 -3.9758241335e-206 2.53556586484e-210 -7.39866440899e-206 -2.33989920163e-205 -2.99988013341e-205 -7.10417130517e-207 
-3.83791251167e-199 -3.59966987281e-200 -1.92499241618e-199 -4.23586691173e-200 1.63577140007e-199 -1.25591771078e-200 2.07859131162e-198 -7.62035930037e-199 -6.57531070615e-200 -7.51953793363e-201 -3.14969272491e-199 -6.84963808945e-201 -8.93010599097e-200 -1.15957307455e-199 -3.38796597714e-199 -2.19951384495e-206 1.0 -1.3189835754e-200 -1.29496003775e-199 6.02522624193e-199 -1.14315164025e-199 2.48812381331e-198 -1.63992902763e-199 -4.35862784501e-199 -1.47777965887e-209 6.12613062738e-199 -7.0616873465e-199 -5.83316130875e-200 -9.3994096939e-202 1.20719076185e-199 1.47327095302e-198 1.61855568242e-198 4.98824359649e-198 -9.10447900721e-200 -8.55454331868e-200 -1.48268570943e-199 -2.94657575675e-204 -2.36446440241e-199 7.72169347478e-199 0.0 -6.84816480055e-201 -2.15018266265e-199 -2.88135413124e-199 -6.84669151268e-201 6.58631342922e-199 -3.38158656048e-199 -3.0292512472e-199 -4.20966408979e-199 -2.23706225849e-199 0.0 -1.84526639598e-199 -1.11540106837e-199 -4.91939645464e-208 -3.58967804383e-199 -3.42181732755e-199 -1.36933830254e-200 -4.86366119385e-199 -1.22207761706e-200 -2.85328972213e-200 -3.81121906179e-199 -3.58599490503e-199 -2.62572492208e-199 -4.13319793865e-199 -1.52796775706e-199 
-2.0576143778e-199 1.69037724323e-211 -9.23288503031e-201 -1.97847536331e-200 -2.63796715104e-201 0.0 5.12969501285e-216 1.84657700564e-200 -5.27593429497e-201 -1.05518686041e-200 6.41211876607e-215 3.38075448646e-211 -1.4640717688e-199 2.6379671507e-201 0.0 5.07113172968e-211 -1.3189835754e-200 1.0 3.95695072605e-201 -2.76986550874e-200 -5.27593430212e-200 -2.1631330639e-199 -1.84657700572e-199 -2.11037372084e-200 0.0 -4.24712711316e-199 -1.3981225901e-199 -4.74834087176e-200 -1.31898357552e-201 -8.30959652569e-200 -1.95209569176e-199 -1.58278029062e-200 0.0 -9.49668174371e-200 0.0 -2.03123470629e-199 0.0 5.2759342992e-201 -4.57687300705e-199 0.0 0.0 2.06470224267e-214 -2.24227207835e-200 0.0 2.90176386577e-200 1.84657700556e-200 -6.72681623538e-200 4.88023922884e-200 -3.1391809097e-199 0.0 1.45088193312e-200 7.91390145226e-201 3.84727125964e-216 -3.52168614661e-199 2.02845269187e-210 0.0 -4.48454415671e-200 3.38075448646e-211 -2.76986550757e-200 8.45188621614e-211 -4.35264579892e-200 -1.50364127609e-199 -1.92571602026e-199 2.63796715036e-201 
-1.80708698013e-198 3.90849177898e-202 -1.44319634732e-199 -1.99539653278e-199 -2.04969500668e-200 8.24565340138e-201 8.63650260166e-201 1.84594746919e-199 -6.37412906394e-200 -9.76252022328e-200 2.28180172496e-199 0.0 -1.34395959488e-198 1.2604520958e-200 0.0 0.0 -1.29496003775e-199 3.95695072605e-201 1.0 -3.46971774469e-199 -5.47022422197e-199 -2.24870251591e-198 -1.68487662637e-198 -1.33977551966e-199 1.49256322017e-209 -3.92941438984e-198 -1.53893487011e-198 -4.31458605742e-199 -1.22031502418e-200 -7.68798467156e-199 -1.82255821085e-198 -1.53901329466e-199 0.0 -8.62525503751e-199 0.0 -1.87850344461e-198 0.0 -9.13727912184e-200 -4.23449314685e-198 0.0 0.0 4.00580992498e-200 -2.40437923571e-199 0.0 8.70541598564e-200 5.53977400369e-200 -7.20143720354e-199 1.4640975317e-199 -2.90434976638e-198 0.0 6.8654267376e-200 4.73061170342e-200 1.28242375321e-216 -3.17969308223e-198 1.49256322017e-209 0.0 -4.81267280017e-199 0.0 -2.54311909852e-199 5.49836300292e-200 -3.28885682929e-199 -1.38369607325e-198 -1.61827420401e-198 -2.31166508483e-200 
1.90548694807e-197 -1.27982994027e-199 1.7620410582e-198 2.09677473055e-198 1.18723732854e-199 -3.76728037403e-200 -8.89829225483e-199 -1.96045854433e-198 7.40382722379e-199 1.01278681483e-198 -9.17411263165e-199 -2.43507566888e-200 1.40637077284e-197 -3.738898595e-199 -6.88745240231e-199 -6.3996644988e-206 6.02522624193e-199 -2.76986550874e-200 -3.46971774469e-199 1.0 5.6298645968e-198 2.25245533991e-197 1.76295118343e-197 1.4061718745e-198 -4.89108656604e-209 4.040509854e-197 1.73384939455e-197 4.4774340008e-198 1.2659835554e-199 7.81025661462e-198 1.8262771179e-197 9.58316613207e-199 -1.95966712726e-198 9.04596707321e-198 -1.32206578561e-199 1.94836395263e-197 -6.96463360688e-204 1.17490148628e-198 4.34981430308e-197 0.0 -2.43472743619e-200 -7.29570188611e-199 1.95302101179e-198 -2.43437920451e-200 -1.00583200352e-198 -6.38776635339e-199 7.48693009254e-198 -1.09864772586e-198 3.01304078162e-197 0.0 -4.23963302423e-199 -2.60449653603e-199 -1.43109716039e-207 3.34875687423e-197 -5.28826314318e-199 -4.86875840901e-200 4.64494817246e-198 -1.88866540904e-200 2.6272974387e-198 -6.92100908577e-199 3.70033965386e-198 1.45356586995e-197 1.79114402237e-197 2.14500258109e-199 
4.05575234523e-197 -1.65744139339e-199 3.84361509032e-198 4.45745798412e-198 1.38334602744e-199 -5.59182042604e-200 -3.57744595382e-198 -3.30067564759e-198 1.62555073044e-198 2.14728309623e-198 -1.34803411445e-198 -3.1204144969e-200 2.98480857147e-197 -5.34699117266e-199 -1.49415329169e-198 -1.01992212467e-205 -1.14315164025e-199 -5.27593430212e-200 -5.47022422197e-199 5.6298645968e-198 1.0 4.54515567386e-197 3.74390135967e-197 3.55297943616e-198 -4.48323209349e-209 8.49244819316e-197 3.7201183181e-197 9.55424619798e-198 2.68410392702e-199 1.63206302275e-197 3.74182328258e-197 7.10389893346e-199 -8.19497162291e-198 1.92234424504e-197 -3.73289162997e-199 4.13156579273e-197 -1.36613966904e-203 2.59242627465e-198 9.1334008833e-197 0.0 -3.11973142561e-200 -9.67765564172e-199 4.45965227441e-198 -3.11904835577e-200 -2.79292157012e-198 -1.4097667801e-198 1.58963518879e-197 -2.20923727681e-198 6.38816721841e-197 0.0 -7.57888333329e-199 -4.54997097904e-199 -2.14664573887e-207 7.12041050673e-197 -1.49315665209e-198 -6.23809671155e-200 1.01698903246e-197 -5.33270232998e-200 5.58776195071e-198 -1.65620446757e-198 8.50391352452e-198 3.10231901523e-197 3.85593039804e-197 4.41594203132e-199 
1.53101736521e-196 -7.75911516977e-199 1.43137173429e-197 1.6831191623e-197 8.21460440223e-199 -2.28391372675e-199 -1.00301077035e-197 -1.40782820823e-197 6.07948172056e-198 8.12414958907e-198 -5.56180578285e-198 -1.4763620622e-199 1.12993109924e-196 -2.36350331089e-198 -6.29714197265e-198 -3.87985301874e-205 2.48812381331e-198 -2.1631330639e-199 -2.24870251591e-198 2.25245533991e-197 4.54515567386e-197 1.0 1.41601182168e-196 1.24834422659e-197 -2.92451496102e-208 3.2284560659e-196 1.40094189213e-196 3.60730264887e-197 1.01551872099e-198 6.20777027197e-197 1.44274952828e-196 5.43685356913e-198 -2.26252477417e-197 7.26983098634e-197 -1.50871036711e-198 1.56314057969e-196 -5.19668815282e-203 9.52441716874e-198 3.47403290247e-196 0.0 -1.47610222714e-199 -4.42309724328e-198 1.61477454429e-197 -1.47584239273e-199 -9.33357855249e-198 -5.76241846069e-198 5.98277185879e-197 -8.85029440402e-198 2.4169345073e-196 0.0 -3.10256983009e-198 -1.86931728449e-198 -8.67602653336e-207 2.6923870837e-196 -6.03484146891e-198 -2.95168478546e-199 3.75760095589e-197 -2.1553005251e-199 2.1136330723e-197 -6.72160456441e-198 3.14163317374e-197 1.17093703942e-196 1.45399797068e-196 1.49698275694e-198 
1.26765131453e-196 -5.59936146272e-199 1.1831560952e-197 1.38679008301e-197 4.85976193684e-199 -1.6187296478e-199 -1.0870424228e-197 -1.05122306874e-197 5.03697769062e-198 6.69986633979e-198 -3.92825328038e-198 -1.06541592117e-199 9.31588220752e-197 -1.76273155168e-198 -4.54432925861e-198 -2.79988237723e-205 -1.63992902763e-199 -1.84657700572e-199 -1.68487662637e-198 1.76295118343e-197 3.74390135967e-197 1.41601182168e-196 1.0 1.10224899772e-197 -2.12288942696e-208 2.65093255125e-196 1.15344786142e-196 2.98018774172e-197 8.37483308606e-199 5.09952064774e-197 1.16909148566e-196 2.41030071054e-198 -2.49412179828e-197 6.00022907317e-197 -1.08876005874e-198 1.28917710407e-196 -3.75018732678e-203 7.74810210539e-198 2.85115063752e-196 0.0 -1.06522841134e-199 -3.17719817172e-198 1.37361206056e-197 -1.06504090197e-199 -9.02331332495e-198 -4.55822068394e-198 4.94239676707e-197 -7.60140693296e-198 1.99321023947e-196 0.0 -2.54423972335e-198 -1.51148708714e-198 -6.2610500705e-207 2.22262908096e-196 -4.35504023529e-198 -2.13008180394e-199 3.15199998099e-197 -1.55537151295e-199 1.74503518597e-197 -4.83002360808e-198 2.64671361586e-197 9.6748017751e-197 1.20424268296e-196 1.32750393607e-198 
1.20247115105e-197 -3.91652789756e-201 1.09337301101e-198 1.29909915035e-198 -1.20549898216e-200 -1.17632960025e-200 -1.53266847202e-198 -6.56337867959e-199 4.6157688302e-199 6.31203103674e-199 -2.31698055726e-199 -5.35741621411e-204 8.74940990181e-198 -8.91182270709e-200 -2.7996687225e-199 -3.71030740619e-206 -4.35862784501e-199 -2.11037372084e-200 -1.33977551966e-199 1.4061718745e-198 3.55297943616e-198 1.24834422659e-197 1.10224899772e-197 1.0 -2.20769415538e-209 2.47521583357e-197 1.07211710023e-197 2.83255922984e-198 7.89003898035e-200 4.75395563606e-198 1.06160612448e-197 -1.80016402558e-199 -3.5630311404e-198 5.66119268833e-198 -9.33222907493e-200 1.21428430143e-197 -5.35741046683e-204 6.66941535275e-199 2.65939146405e-197 0.0 -2.67870523341e-204 -4.71363760016e-200 1.4791623332e-198 0.0 -1.1640863691e-198 -4.55442390769e-199 4.62579461687e-198 -8.72930032555e-199 1.87782922898e-197 0.0 -2.71343130425e-199 -1.50186881156e-199 -8.94435723319e-208 2.09878560215e-197 -3.73289163037e-199 0.0 3.12697970102e-198 -1.33317558271e-200 1.63736567185e-198 -3.88277549451e-199 2.68587641997e-198 9.16147373836e-198 1.14888827585e-197 1.0277788174e-199 
-2.1635956966e-208 0.0 -2.22524893317e-209 -2.41162139165e-209 1.33706319291e-208 0.0 2.36133238671e-209 8.99919841414e-210 1.59630833462e-209 -1.22277164151e-209 1.4586413288e-209 0.0 2.80904707168e-209 6.78437827349e-211 1.18924563821e-210 0.0 -1.47777965887e-209 0.0 1.49256322017e-209 -4.89108656604e-209 -4.48323209349e-209 -2.92451496102e-208 -2.12288942696e-208 -2.20769415538e-209 1.0 -4.90808710053e-208 -2.32326611887e-208 -3.34546312443e-209 3.73536693112e-210 -9.62932667689e-209 -2.27573588215e-208 -1.95308202609e-209 7.13547382928e-210 -1.06142491908e-208 0.0 -2.34705103163e-208 0.0 1.76710545567e-209 -5.30377199505e-208 0.0 0.0 4.74906479144e-210 2.55799793502e-210 0.0 0.0 0.0 -7.9308567801e-209 0.0 -3.61739249867e-208 0.0 3.39218913675e-211 1.10424296576e-209 0.0 -4.05386284045e-208 6.78437827349e-211 0.0 -1.45903721687e-209 0.0 -2.66702529709e-209 5.76672153247e-210 -5.21433425421e-209 -9.2019379862e-209 -2.2893046387e-208 7.93402388466e-209 
2.87468676657e-196 -1.28785313643e-198 2.67517352046e-197 3.14556412298e-197 1.19667154242e-198 -3.79082587637e-199 -2.35050859766e-197 -2.42865269348e-197 1.13968789283e-197 1.52023840266e-197 -9.23145083557e-198 -2.45045661871e-199 2.11382109847e-196 -4.05428262259e-198 -1.04519572948e-197 -6.43975938731e-205 6.12613062738e-199 -4.24712711316e-199 -3.92941438984e-198 4.040509854e-197 8.49244819316e-197 3.2284560659e-196 2.65093255125e-196 2.47521583357e-197 -4.90808710053e-208 1.0 2.61402416311e-196 6.76046547939e-197 1.90029804043e-198 1.15819861824e-196 2.66180787188e-196 6.38359615703e-198 -5.38017702201e-197 1.36125942151e-196 -2.50414813511e-198 2.92520044255e-196 -8.62543085159e-203 1.74837584407e-197 6.47557158678e-196 0.0 -2.45002534608e-199 -7.3414296382e-198 3.10488924363e-197 -2.44959407454e-199 -2.00671651104e-197 -1.04839076447e-197 1.12042570836e-196 -1.74178592276e-197 4.52270925548e-196 0.0 -5.87207567014e-198 -3.49674460635e-198 -1.44004151764e-206 5.04218017914e-196 -1.00165925412e-197 -4.89918814907e-199 7.13095646747e-197 -3.57735447981e-199 3.95916243206e-197 -1.11564776791e-197 5.98275391054e-197 2.1942876579e-196 2.72984789178e-196 2.9496047755e-198 
1.24926386523e-196 -6.07735248504e-199 1.20897971968e-197 1.37748142425e-197 3.97205539054e-199 -1.62058934203e-199 -1.14123744668e-197 -1.03461896033e-197 5.08746105902e-198 6.61385340199e-198 -3.87345576465e-198 -1.1567372858e-199 9.19972388339e-197 -1.79012955129e-198 -4.93384319507e-198 -3.03981781684e-205 -7.0616873465e-199 -1.3981225901e-199 -1.53893487011e-198 1.73384939455e-197 3.7201183181e-197 1.40094189213e-196 1.15344786142e-196 1.07211710023e-197 -2.32326611887e-208 2.61402416311e-196 1.0 2.93985251047e-197 8.26731692786e-199 5.02073229655e-197 1.14965091234e-196 1.89919398223e-198 -2.6188278882e-197 5.92299451857e-197 -1.18208234949e-198 1.27257662206e-196 -4.07163195479e-203 8.37070360622e-198 2.81109670836e-196 0.0 -1.15653370374e-199 -3.38166284955e-198 1.34229431789e-197 -1.15633012214e-199 -8.29031320232e-198 -4.09949820725e-198 4.91892078911e-197 -5.9916915693e-198 1.96762139065e-196 0.0 -2.05364973197e-198 -1.23652336172e-198 -6.79771151185e-207 2.19411863668e-196 -4.72832939829e-198 -2.31266024428e-199 3.12158840417e-197 -1.68868907117e-199 1.72138195399e-197 -5.14957161083e-198 2.61023739505e-197 9.56122204093e-197 1.18962338183e-196 1.47616297977e-198 
