64 5 3
0.04 0.76 0.12 0.04 0.04 
0.16 0.76 0.02 0.02 0.04 
0.78 0.02 0.02 0.1 0.08 
8.5 1.05827907052e-209 2.48052896892e-211 0.5 59.5 1.05112036827e-209 32.5 2.5 8.5 2.33417337003e-212 1.10818746993e-209 6.3116217961e-212 84.0 1.26758571491e-208 0.5 2.36612095173e-212 19.5 1.5432398258e-212 2.20919696394e-209 10.5 14.0 33.5 8.70018642813e-212 3.0 3.5 10.0 2.5 7.5 1.5 2.5 18.0 18.0 57.5 1.5 8.89415620845e-218 2.10692281967e-209 4.77191141593e-212 14.5 12.0 0.0 2.38595697856e-212 2.43607982158e-209 14.0 1.27059374406e-218 10.5 1.01922333839e-210 9.0 1.0 1.97204565184e-211 0.0 4.24230004207e-209 4.5 1.38353129736e-215 2.46843045071e-211 1.07815647843e-211 2.54118748813e-218 23.5 1.53971038017e-212 5.35423585921e-209 2.54667441932e-211 1.27906113054e-208 36.0 1.0 35.5 
0.763157894737 0.105263157895 0.131578947368 0.0263157894737 0.657894736842 0.0263157894737 0.315789473684 2.18421052632 0.789473684211 0.0526315789474 0.157894736842 0.0526315789474 0.842105263158 0.657894736842 1.95723835682e-219 0.0526315789474 0.789473684211 6.31866134277e-215 0.210526315789 0.447368421053 1.10526315789 0.0526315789474 0.157894736842 0.657894736842 6.31897184617e-215 0.0263157894737 0.315789473684 6.62719028008e-214 3.15473060661e-214 0.236842105263 0.184210526316 0.921052631579 1.575291772e-214 0.289473684211 3.64163495986e-220 0.105263157895 0.0526315789474 1.10686855936e-213 0.0526315789474 0.0 0.0263157894737 0.526315789474 0.131578947368 5.20233565695e-221 0.421052631579 0.552631578947 0.473684210526 0.184210526316 0.157894736842 0.0 0.684210526316 0.0526315789474 0.0263157894737 0.0789473684211 4.41441799766e-214 1.04046713139e-220 1.84210526316 6.3042103344e-215 0.236842105263 0.105263157895 0.894736842105 0.552631578947 0.0789473684211 0.157894736842 
9.33333333333 0.166666666667 5.33333333333 1.16666666667 1.98298388537e-213 0.166666666667 2.66666666667 8.0 17.1666666667 0.5 12.3333333333 0.333333333333 8.16666666667 1.66666666667 8.91654194685e-222 0.5 2.5 0.333333333333 9.16666666667 2.16666666667 8.16666666667 7.16666666667 1.83333333333 4.83333333333 0.333333333333 1.33333333333 18.5 3.5 1.66666666667 3.0 2.16666666667 0.5 0.833333333333 0.666666666667 1.65901055237e-222 1.33333333333 8.90095834666e-217 5.83333333333 2.83333333333 0.0 4.45048154334e-217 3.16666666667 2.66666666667 2.37001507482e-223 3.66666666667 8.16666666667 6.66666666667 6.66666666667 4.16666666667 0.0 8.16666666667 3.0 2.58067540985e-220 5.33333333333 2.33333333333 4.74003014964e-223 8.16666666667 0.333333333333 22.1666666667 5.5 26.5 5.0 5.33333333333 7.0 
6.5 2.5 0.5 2.4955804187e-211 4.91135207387e-208 4.8560005865e-209 0.5 22.5 2.52176251526e-208 1.07834912118e-211 5.11964106713e-209 0.5 4.41460532465e-208 5.0 16.5 1.09310837047e-211 1.0 7.12951030672e-212 1.02061210841e-208 7.5 6.5 1.59337947084e-210 4.01934085504e-211 14.0 7.12986065579e-212 2.85865333326e-211 6.42315672329e-209 1.0 3.55956478036e-211 2.0 0.5 1.03158996314e-208 1.77744277076e-211 5.45496226389e-209 3.5 9.73363161525e-209 2.20454339331e-211 1.24890864916e-210 6.05824346342e-211 0.0 0.5 11.5 13.0 0.5 0.5 6.5 6.5 1.0 9.1105216215e-211 0.0 1.95987178198e-208 6.44125170723e-211 6.39168357326e-215 1.14037365065e-210 14.0 1.0 16.5 0.5 2.47356756251e-208 12.5 8.0 2.5 3.0 2.5 
78.0 3.49638456829e-210 8.5 8.5 1.0 3.4727333625e-210 2.0 14.5 155.5 4.0 25.0 2.0852587624e-212 66.0 8.0 1.57932332254e-217 7.81728469623e-213 13.5 9.0 3.0 16.0 31.0 100.5 84.5 14.5 5.09886778807e-213 161.0 76.0 46.0 0.5 31.5 90.0 15.0 1.2711252192e-212 57.0 2.9384867736e-218 90.0 1.57656311086e-212 7.5 175.5 0.0 7.88281975216e-213 80.5 10.5 4.19783824801e-219 2.95268092204e-211 3.36735068399e-211 37.5 1.36266676228e-210 149.0 0.0 59.5 7.5 1.5 133.5 3.5620563407e-212 8.39567649601e-219 56.0 5.08695651536e-213 147.0 8.41380443796e-212 23.0 75.5 75.0 7.0 
13.0 8.0 14.75 3.625 0.125 2.375 58.5 59.625 8.5 2.5 20.5 4.84643256458e-218 7.75 19.125 9.625 1.125 11.625 0.25 0.5 2.5 35.25 8.875 5.25 63.75 1.125 17.75 3.5 17.25 1.875 0.125 5.75 20.125 3.375 7.125 0.625 2.625 0.0 12.75 19.75 0.25 0.0 14.75 17.5 12.5 6.7668009491e-213 8.625 21.75 2.875 6.125 0.0 6.75 3.375 8.0 3.48703925655e-226 1.802327645e-212 0.0 55.25 2.375 8.25 2.5 2.0 25.375 12.0 10.375 
0.368421052632 0.157894736842 1.21052631579 0.0789473684211 9.98867537903e-216 0.184210526316 0.868421052632 3.28947368421 2.57894736842 0.184210526316 0.736842105263 0.0526315789474 0.710526315789 2.57894736842 0.0263157894737 0.263157894737 0.710526315789 0.605263157895 0.657894736842 0.105263157895 5.15789473684 0.631578947368 2.42105263158 2.55263157895 0.0263157894737 1.41846552926e-213 2.789911932e-214 0.684210526316 1.49825046468e-214 0.131578947368 0.473684210526 1.55263157895 0.0263157894737 1.60526315789 4.97841581201e-215 0.0263157894737 0.0 0.631578947368 0.342105263158 1.99808138418e-215 0.0 4.15789473684 4.60526315789 0.0789473684211 0.131578947368 0.0263157894737 2.13157894737 3.68421052632 0.289473684211 0.0 0.5 1.5 0.0263157894737 1.18185308112e-224 0.105263157895 0.0 7.57894736842 0.0789473684211 0.947368421053 1.23684210526 0.236842105263 2.15789473684 0.921052631579 2.94736842105 
7.58399234378e-200 109.0 108.0 190.0 1.0 5.38308992735e-200 2.0 10.0 10.0 2.0 1.57900923911e-199 8.0 2.0 4.84949855615e-199 15.0 20.0 41.0 2.0 201.0 1.0 17.0 32.0 19.0 15.0 359.0 6.35005552365e-203 1.24896201627e-203 6.0 19.0 6.83730373482e-201 52.0 18.0 6.32514609044e-201 25.0 7.0 38.0 0.0 78.0 5.60970264314e-200 5.0 0.0 7.69990124482e-199 237.0 31.0 1.02671236665e-200 3.0777439049e-203 78.0 1.0 45.0 0.0 1.24604212787e-199 2.52021483804e-199 2.86244744596e-203 5.29081076072e-214 2.73463353778e-200 0.0 16.0 8.85828239624e-204 14.0 3.09257000076e-199 4.75889355672e-200 8.0 26.0 70.0 
7.58399234378e-200 1.65769090311e-200 61.0 12.0 4.47163797471e-205 5.38308992735e-200 1.0 41.0 4.2594194623e-199 3.13223161658e-200 1.57900923911e-199 7.35338941642e-206 13.0 81.0 3.44336669702e-203 3.44064140382e-200 1.26609170062e-199 3.0 1.40604180002e-199 15.0 47.0 1.2323523908e-199 5.0 51.0 10.0 6.35005552365e-203 1.24896201627e-203 88.0 9.0 6.83730373482e-201 9.5425661309e-200 2.30790643917e-199 6.32514609044e-201 12.0 2.22869122823e-204 4.61723852843e-201 0.0 59.0 8.0 8.94482627076e-205 0.0 110.0 16.0 1.43870140601e-200 1.02671236665e-200 3.0777439049e-203 35.0 1.22807639281e-198 4.39866667064e-200 0.0 1.0 2.52021483804e-199 2.86244744596e-203 5.29081076072e-214 2.73463353778e-200 0.0 43.0 8.85828239624e-204 1.51639909101e-199 3.09257000076e-199 4.75889355672e-200 72.0 200.0 7.0 
2.5 75.5 7.25014041066e-202 4.5 1.24096358431e-207 1.49390863229e-202 38.5 68.5 30.5 64.5 4.38204742e-202 0.5 4.33029433368e-202 43.5 9.55598977957e-206 2.5 91.0 1.5 8.5 2.0 26.5 25.5 18.0 21.0 1.99124249956e-203 1.7622597598e-205 177.5 3.91846334967e-202 27.5 182.0 55.5 87.5 1.7553469239e-203 6.0 6.1850370503e-207 1.28137047459e-203 0.0 3.81786258647e-202 1.5 2.48235741193e-207 0.0 1.5 61.0 0.5 0.5 5.0 1.0 3.40814281222e-201 19.0 0.0 15.5 14.5 7.94382967166e-206 12.5 119.5 0.0 74.5 50.0 5.5 108.5 3.0 6.5 2.5 68.5 
0.0512820512821 4.10256410256 1.38461538462 0.641025641026 0.358974358974 1.20615090219e-226 1.97435897436 2.97435897436 2.17948717949 1.41025641026 0.025641025641 3.74358974359 1.02564102564 1.10256410256 2.61538461538 3.51282051282 3.58974358974 0.384615384615 8.17011774353e-227 2.46153846154 1.92307692308 0.846153846154 0.512820512821 2.74358974359 0.487179487179 0.0 0.0 1.61538461538 0.282051282051 0.0769230769231 1.4358974359 5.48717948718 0.0512820512821 1.20512820513 0.923076923077 0.0512820512821 1.28205128205 0.871794871795 0.538461538462 0.512820512821 7.76923076923 0.282051282051 2.87179487179 1.92307692308 2.15384615385 0.0 1.30769230769 0.230769230769 0.641025641026 6.53846153846 0.0769230769231 3.21487416355e-226 3.33333333333 3.78163488924e-234 0.0 3.58974358974 3.92307692308 0.0 0.820512820513 8.03802672574e-227 4.01901336287e-227 0.974358974359 1.20512820513 0.692307692308 
1.79050053005e-198 1.0 2.2217061276e-193 7.41207770325e-194 1.15729145981e-193 318.0 2.0 9.0 36.0 4.1579317807e-193 9.64035986615e-195 15.0 2.91437534263e-193 1.0 177.0 5.0 13.0 16.0 3.0784901145e-210 7.08625005231e-193 26.0 5.0 75.0 19.0 1.15709881952e-193 0.0 0.0 4.61326011733e-193 6.0138418007e-194 7.99575299482e-198 14.0 17.0 6.85244585034e-196 1.0 102.0 3.0 4.25179047871e-193 1.57337937301e-193 1.20464583235e-193 7.73167898311e-194 1.3232015983e-192 8.39351019989e-194 57.0 1.0 1.0 0.0 3.0 4.0 26.0 5.0 8.98319467672e-195 98.0 1.0 2.0 0.0 35.0 35.0 0.0 21.0 3.02871838473e-210 1.51435919237e-210 1.14336217759e-193 3.0 53.0 
1.79050053005e-198 3.0 23.0 10.0 1.15729145981e-193 4.54476146557e-210 21.0 6.0 47.0 93.0 9.64035986615e-195 10.0 2.91437534263e-193 7.0 6.28412288975e-193 35.0 50.0 349.0 3.0784901145e-210 5.0 13.0 72.0 75.0 142.0 205.0 0.0 0.0 2.0 43.0 7.99575299482e-198 31.0 50.0 6.85244585034e-196 102.0 9.81275472048e-194 61.0 4.25179047871e-193 32.0 12.0 38.0 1.3232015983e-192 7.0 50.0 2.18514262959e-193 104.0 0.0 26.0 36.0 9.0 1.34052725065e-192 8.98319467672e-195 34.0 12.0 1.42491528135e-217 0.0 6.95623591471e-193 35.0 0.0 27.0 3.02871838473e-210 1.51435919237e-210 11.0 16.0 40.0 
0.4 18.8 26.0 23.6 1.60790485496e-200 1.2 7.0 15.8 12.4 20.8 0.2 7.8 1.6 7.6 13.6 24.4 40.4 30.2 0.8 1.6 12.2 23.4 6.6 27.2 34.8 0.0 0.0 8.8 66.0 1.1109051182e-204 30.2 23.2 9.52057570092e-203 9.6 1.4 16.8 5.90730580016e-200 16.8 7.2 15.8 2.0 1.8 18.0 28.2 0.6 0.0 7.4 6.2 11.8 0.2 3.4 3.2 16.2 1.97973309089e-224 0.0 20.4 13.8 0.0 8.2 0.8 0.4 15.2 8.8 13.8 
0.25 11.25 1.75 0.5 2.75 2.19542014563e-215 10.0 14.0 3.25 3.5 0.25 3.25 0.5 31.0 34.0 2.5 17.5 0.25 0.75 3.42312709691e-198 5.0 2.75 1.0 13.25 0.25 0.0 0.0 4.75 23.75 3.86247712608e-203 5.0 24.25 2.0 0.75 50.5 9.26647520727e-200 2.05389579688e-198 17.75 0.5 3.7349119261e-199 1.75 0.75 21.25 29.25 1.5 0.0 4.5 15.5 0.75 6.4756325588e-198 1.75 5.85167203496e-215 4.25 6.88328251808e-223 0.0 6.0 7.25 0.0 1.75 1.46307114414e-215 7.31535572069e-216 6.75 0.5 6.5 
56.75 -2.68864489811e-209 -9.44004552479e-211 3.75 416.25 -2.62318676599e-209 -101.25 18.75 63.75 -1.52021972191e-211 -2.54419849103e-209 -4.44105267976e-211 615.0 -3.18420001369e-208 3.75 -6.25464610352e-212 -146.25 -8.49841119058e-212 -5.54020321268e-209 -78.75 67.5 -251.25 2.70677624192e-212 22.5 26.25 -75.0 -18.75 56.25 11.25 -18.75 -135.0 -135.0 -386.25 11.25 1.33412343127e-217 -5.27491827165e-209 -4.05612470354e-211 108.75 -90.0 0.0 -2.02806305059e-211 -6.68730639344e-209 105.0 -6.98826559235e-218 -78.75 -2.36466948448e-210 45.0 -7.5 -4.06083320646e-211 0.0 -1.05276992833e-208 33.75 -1.17600160275e-214 -2.71972145563e-212 -2.23239460037e-211 -1.39765311847e-217 161.25 -3.84927086806e-212 -1.35244264018e-208 -4.54332815749e-212 -3.10135322994e-208 270.0 -7.5 266.25 
-2.68864489811e-209 0.5 0.0 -5.29139535262e-210 -5.24640912712e-208 1.05035134249e-209 -3.2293367107e-208 6.8143932877e-209 -3.70897193202e-209 0.0 1.05035134249e-209 1.58554497103e-211 -7.94307320232e-208 1.26042161734e-208 -5.29139459026e-210 2.30956366437e-212 -1.85295803411e-208 7.6985455479e-213 2.10070268498e-209 -1.10674433286e-208 -1.37593967449e-208 -3.5451579008e-208 2.30956366437e-212 -3.17252752085e-209 -3.70397674683e-209 -1.05820208507e-208 -1.58456837005e-209 -7.93247388889e-209 -1.58741860578e-209 -2.64261825809e-209 -1.90444041357e-208 -1.69475507299e-208 -6.08510465551e-208 -5.36297408738e-210 0.0 2.10224239409e-209 1.43157342478e-211 -1.53450465226e-208 -1.26993488463e-208 0.0 7.15787347686e-212 2.1007028311e-209 -1.48112877393e-208 6.35296872032e-218 -1.11119302405e-208 3.07942457213e-212 -3.22163369979e-209 -1.05596950686e-209 1.38573819862e-211 0.0 4.21218333373e-209 -4.7614859628e-209 0.0 9.23825465748e-212 9.23825465748e-212 1.27059374406e-217 -2.06558349937e-208 1.53970910958e-212 5.29794798575e-209 3.84927277395e-212 1.26203831572e-208 -3.49439130677e-208 -1.04242358905e-209 -3.2315610582e-208 
-9.44004552479e-211 0.0 0.5 3.85041818811e-211 -1.47580930092e-209 2.30707734706e-212 -7.04543352549e-210 1.59521262775e-210 1.91494598531e-210 1.84667810717e-211 4.44199249799e-210 0.0 -1.97012287117e-209 6.93660526143e-211 -1.24026181621e-211 7.87583893512e-214 -4.25008843475e-210 7.73065286788e-212 4.15121018531e-210 -1.75408670496e-210 -5.32823755383e-211 -4.97142870016e-210 4.94035911972e-211 4.29694571922e-211 -6.98424938598e-211 -1.95539182616e-210 5.42125843461e-210 -7.18892421571e-211 3.60063568263e-211 5.7084857689e-212 -3.8854852744e-210 -4.30272622816e-210 -1.39553021811e-209 -2.39264941075e-211 8.89415620845e-218 4.17204695869e-211 0.0 -1.33395219395e-210 -1.92916461602e-210 0.0 0.0 1.30367527102e-210 -2.70083473216e-210 0.0 -9.03811773723e-211 2.00655803634e-210 4.2417304477e-211 2.61228868964e-210 5.71547733041e-211 0.0 1.62005057711e-210 -6.6772422489e-212 0.0 1.03365118644e-210 1.6976055629e-211 0.0 -3.52683848974e-210 1.27059374406e-218 4.86648167675e-210 1.85064894857e-210 4.05151865561e-210 -7.27120840031e-210 7.23275965833e-211 -7.53266772869e-210 
3.75 -5.29139535262e-210 3.85041818811e-211 0.75 27.75 -5.25560184137e-210 -6.75 1.25 4.25 5.75946725349e-212 -4.8311683845e-210 -3.15581089805e-212 41.0 -6.31790149176e-209 0.25 -1.18306047587e-212 -9.75 7.74510660675e-213 -1.03205601004e-209 -5.25 4.5 -16.75 3.41271438756e-212 1.5 1.75 -5.0 -1.25 3.75 0.75 -1.25 -9.0 -9.0 -25.75 0.75 -4.44707810423e-218 -1.0410961391e-209 -2.38595570796e-212 7.25 -6.0 0.0 -1.19297848928e-212 -1.19643406709e-209 7.0 -6.35296872032e-219 -5.25 5.30534251029e-212 3.0 -0.5 1.78351563687e-212 0.0 -2.07951885591e-209 2.25 -6.91765648679e-216 4.70082435652e-212 -2.30423329174e-212 -1.27059374406e-218 10.75 -7.69855190087e-213 -2.52086060113e-209 2.27344769635e-211 -6.28134165339e-209 18.0 -0.5 17.75 
416.25 -5.24640912712e-208 -1.47580930092e-209 27.75 3080.75 -5.20381484874e-208 -749.25 138.75 471.75 -1.38883031086e-210 -5.54336410357e-208 -3.75541496868e-210 4551.0 -6.28044161573e-207 27.75 -1.40784196628e-210 -1082.25 -9.18227696352e-211 -1.10313016134e-207 -582.75 499.5 -1859.25 -5.17638620677e-210 166.5 194.25 -555.0 -138.75 416.25 83.25 -138.75 -999.0 -999.0 -2858.25 83.25 -5.29202294403e-216 -1.04354875446e-207 -2.83928729248e-210 804.75 -666.0 0.0 -1.41964440224e-210 -1.2330384068e-207 777.0 -7.56003277718e-217 -582.75 -5.93684727562e-209 333.0 -55.5 -1.17335870104e-209 0.0 -2.10401928755e-207 249.75 -8.09899115994e-214 -1.46867163678e-209 -6.41503104667e-210 -1.51200655544e-216 1193.25 -9.16127676204e-211 -2.66059465752e-207 -1.5152712795e-209 -6.34872004613e-207 1998.0 -55.5 1970.25 
-2.62318676599e-209 1.05035134249e-209 2.30707734706e-212 -5.25560184137e-210 -5.20381484874e-208 0.5 -3.20599402581e-208 6.83766557426e-209 -3.68199739209e-209 0.0 1.07265309018e-209 0.0 -7.88386417752e-208 1.26042161099e-208 -5.25560184137e-210 0.0 -1.83961444964e-208 0.0 2.10685489124e-209 -1.10367638669e-208 -1.36622577102e-208 -3.52125323372e-208 2.30707734706e-212 -3.14413279543e-209 -3.67892128896e-209 -1.05112036827e-208 -1.56437613989e-209 -7.88263373627e-209 -1.57668055241e-209 -2.62780092068e-209 -1.89201666289e-208 -1.68194639439e-208 -6.04394211757e-208 -5.24791158355e-210 0.0 2.10070268498e-209 0.0 -1.524124534e-208 -1.26134444193e-208 0.0 0.0 2.10454781389e-209 -1.47156851558e-208 0.0 -1.10367638669e-208 0.0 -3.15566818217e-209 -1.05112036827e-209 0.0 0.0 4.20371244731e-209 -4.72773457989e-209 0.0 7.69025782352e-212 0.0 0.0 -2.04960781556e-208 0.0 5.25175671246e-209 5.38318047647e-212 1.26142134451e-208 -3.46854341015e-208 -1.03189472372e-209 -3.20630163613e-208 
-101.25 -3.2293367107e-208 -7.04543352549e-210 -6.75 -749.25 -3.20599402581e-208 182.75 -33.75 -114.75 -4.811211795e-211 -3.37750792126e-208 -2.05127708373e-210 -1107.0 -3.86696899745e-207 -6.75 -7.68989309314e-211 263.25 -5.01540144017e-211 -6.74894872049e-208 141.75 -121.5 452.25 -2.68843501683e-210 -40.5 -47.25 135.0 33.75 -101.25 -20.25 33.75 243.0 243.0 695.25 -20.25 -2.80165920566e-216 -6.42320258702e-208 -1.55087121018e-210 -195.75 162.0 0.0 -7.75436018031e-211 -7.49349234886e-208 -189.0 -4.12942966821e-217 141.75 -3.17398681452e-209 -81.0 13.5 -6.17488252972e-210 0.0 -1.29372350416e-207 -60.75 -4.34212437548e-214 -7.57530992114e-210 -3.45770996263e-210 -8.25885933642e-217 -290.25 -5.00405860851e-211 -1.6294585964e-207 -7.46003746182e-210 -3.90095384558e-207 -486.0 13.5 -479.25 
18.75 6.8143932877e-209 1.59521262775e-210 1.25 138.75 6.83766557426e-209 -33.75 6.75 21.25 -5.83543342508e-212 7.33827777143e-209 -1.92163438621e-212 205.0 8.21663451406e-208 1.25 1.48707706e-211 -48.75 1.39027849861e-211 1.42088049174e-208 -26.25 22.5 -83.75 7.12443821759e-211 7.5 8.75 -25.0 -6.25 18.75 3.75 -6.25 -45.0 -45.0 -128.75 3.75 1.11176952606e-216 1.36667773724e-208 -1.19297785398e-211 36.25 -30.0 0.0 -5.96485432858e-212 1.48906345239e-208 35.0 3.49413279618e-217 -26.25 3.07277325739e-210 15.0 -2.5 1.17670536759e-210 0.0 2.74700362526e-208 11.25 7.48163358747e-216 2.00074790075e-210 7.00803845578e-211 6.98826559235e-217 53.75 1.00081250947e-211 3.44072353986e-208 1.75241796728e-210 8.22826788708e-208 90.0 -2.5 88.75 
63.75 -3.70897193202e-209 1.91494598531e-210 4.25 471.75 -3.68199739209e-209 -114.75 21.25 72.75 6.09680975218e-211 -3.46098277827e-209 1.56381246643e-211 697.0 -4.44009035809e-208 4.25 8.38748940943e-211 -165.75 2.39423875107e-211 -7.4892461236e-209 -89.25 76.5 -284.75 1.05861958053e-210 25.5 29.75 -85.0 -21.25 63.75 12.75 -21.25 -153.0 -153.0 -437.75 12.75 -7.56003277718e-217 -7.19879639994e-209 -4.05612470354e-211 123.25 -102.0 0.0 -2.02806343177e-211 -9.35730130242e-209 119.0 -1.08000468245e-217 -89.25 -1.63995589755e-210 51.0 -8.5 5.71324194456e-210 0.0 -1.42550718445e-208 38.25 5.78271857537e-215 3.84876578821e-210 3.53400375374e-210 -2.16000936491e-217 182.75 5.61993716996e-211 -1.54026229949e-208 3.19144232716e-210 -4.36112546452e-208 306.0 -8.5 301.75 
-1.52021972191e-211 0.0 1.84667810717e-211 5.75946725349e-212 -1.38883031086e-210 0.0 -4.811211795e-211 -5.83543342508e-212 6.09680975218e-211 0.5 4.61609085328e-212 0.0 -1.93746447337e-210 1.38482725598e-211 -1.16708668502e-212 0.0 -4.55148163483e-211 0.0 0.0 -2.45042694986e-211 -1.18467939086e-211 -7.81672181452e-211 1.99101294854e-214 2.3364488134e-212 -8.16960679511e-212 -1.63718041226e-211 7.26597277927e-211 -1.05770442477e-211 8.03910929337e-212 1.95620258262e-211 -4.1993788379e-211 -4.19613004065e-211 -1.22674741644e-210 -3.4650348317e-212 0.0 9.254082849e-212 0.0 -2.69195287878e-211 1.12760404906e-211 0.0 0.0 0.0 -2.80593498077e-211 0.0 -2.45088203853e-211 3.46206813996e-211 -2.53381071326e-212 -2.33417337003e-212 2.34189264677e-212 0.0 2.30804542664e-211 5.65253782134e-212 0.0 4.65406231451e-212 0.0 0.0 -4.55622369179e-211 0.0 1.31561575838e-210 9.23218170656e-212 8.77109881751e-211 -6.32410510865e-211 -2.31284108844e-212 -6.20901769355e-211 
-2.54419849103e-209 1.05035134249e-209 4.44199249799e-210 -4.8311683845e-210 -5.54336410357e-208 1.07265309018e-209 -3.37750792126e-208 7.33827777143e-209 -3.46098277827e-209 4.61609085328e-212 0.5 0.0 -8.32319415609e-208 1.26798233188e-208 -5.54093734963e-210 0.0 -1.93098563401e-208 1.59992111936e-214 3.7391025236e-209 -1.16359684342e-208 -1.3797119948e-208 -3.67261091866e-208 2.32833033719e-210 -2.91805703879e-209 -3.81229533908e-209 -1.09445369971e-208 -1.28862912575e-209 -7.91945397945e-209 -1.48868570599e-209 -2.75352160858e-209 -1.97814457792e-208 -1.78134762605e-208 -6.3713086036e-208 -5.34108632698e-210 0.0 2.17324138842e-209 0.0 -1.57654768199e-208 -1.32720882356e-208 0.0 0.0 2.67688016709e-209 -1.53788255737e-208 0.0 -1.16359684342e-208 2.3123253802e-211 -3.22578594227e-209 -1.10818746993e-209 2.00674444632e-210 0.0 4.31698375793e-209 -4.87597375744e-209 2.66653519894e-215 4.91538093421e-210 6.63608056591e-211 0.0 -2.13574800499e-208 0.0 5.87059153865e-209 7.26333869724e-210 1.33839625504e-208 -3.63512793416e-208 -5.17463374891e-210 -3.39755001004e-208 
-4.44105267976e-211 1.58554497103e-211 0.0 -3.15581089805e-212 -3.75541496868e-210 0.0 -2.05127708373e-210 -1.92163438621e-212 1.56381246643e-211 0.0 0.0 0.5 -5.07080594229e-210 1.27059374406e-217 -3.15579565092e-212 4.61912732874e-212 -1.10758949606e-210 1.53970910958e-212 0.0 -3.45611421443e-211 -7.60450195628e-211 -2.0989962106e-210 4.61912732874e-212 -1.43157126477e-211 -2.20906762863e-211 -6.15765088514e-211 5.77687304388e-212 -3.80989062721e-211 -9.46743269415e-212 -9.62021805193e-212 -1.04370936402e-210 -1.1206948322e-210 -3.62918253276e-210 -7.92772358457e-212 0.0 3.07941821916e-212 9.54382283185e-212 -9.15185160434e-211 -7.57394615532e-211 0.0 4.77191268652e-212 2.92236561135e-217 -7.91244263466e-211 1.27059374406e-218 -6.6272028859e-211 6.15883770891e-212 -5.52648819729e-211 -1.69249446736e-212 2.77147639724e-211 0.0 2.15559275341e-211 -2.68625889729e-211 0.0 1.8476509315e-211 1.8476509315e-211 2.54118748813e-218 -1.23687742314e-210 3.07941821916e-212 9.23825465748e-211 7.6985455479e-212 3.23339116307e-211 -2.21059543139e-210 6.31162687847e-212 -2.20983155542e-210 
615.0 -7.94307320232e-208 -1.97012287117e-209 41.0 4551.0 -7.88386417752e-208 -1107.0 205.0 697.0 -1.93746447337e-210 -8.32319415609e-208 -5.07080594229e-210 6724.5 -9.5124724487e-207 41.0 -1.6411070498e-210 -1599.0 -1.16532116772e-210 -1.66239993303e-207 -861.0 738.0 -2747.0 -6.50373957724e-210 246.0 287.0 -820.0 -205.0 615.0 123.0 -205.0 -1476.0 -1476.0 -4223.0 123.0 -7.4710912151e-216 -1.58033268776e-207 -4.00840558938e-210 1189.0 -984.0 0.0 -2.00420386199e-210 -1.85286483457e-207 1148.0 -1.06729874501e-216 -861.0 -8.19565054071e-209 492.0 -82.0 -1.4010875493e-209 0.0 -3.18198955054e-207 369.0 -1.15203345602e-213 -1.84803095942e-209 -7.51644876518e-210 -2.13459749003e-216 1763.0 -1.06240035291e-210 -4.01629634551e-207 -1.93092060871e-209 -9.59527464722e-207 2952.0 -82.0 2911.0 
-3.18420001369e-208 1.26042161734e-208 6.93660526143e-211 -6.31790149176e-209 -6.28044161573e-207 1.26042161099e-208 -3.86696899745e-207 8.21663451406e-208 -4.44009035809e-208 1.38482725598e-211 1.26798233188e-208 1.27059374406e-217 -9.5124724487e-207 0.5 -6.3379284221e-209 0.0 -2.21959773688e-207 1.55125032116e-212 2.53445645837e-208 -1.32697963517e-207 -1.64518353785e-207 -4.24576309293e-207 8.251586041e-212 -3.79967280031e-208 -4.43624134729e-208 -1.26738550121e-207 -1.86029994359e-208 -9.50380883724e-208 -1.89829888967e-208 -3.16388589034e-208 -2.28090496355e-207 -2.02826576851e-207 -7.28838705621e-207 -6.28083802239e-209 0.0 2.52299905275e-208 0.0 -1.8374590613e-207 -1.52031811107e-207 0.0 1.27059374406e-217 2.55483528601e-208 -1.77376810183e-207 1.27059374406e-217 -1.32998895678e-207 1.55529318545e-210 -3.83167266962e-208 -1.22371212055e-208 1.41562863837e-211 0.0 5.04816099062e-208 -5.69982202107e-208 2.18349185704e-215 2.15826400203e-211 3.08654910042e-212 2.54118748813e-217 -2.46964950954e-207 0.0 6.33089677704e-208 4.47000307667e-211 1.5151585615e-207 -4.18267336157e-207 -1.26045410907e-208 -3.86916393976e-207 
3.75 -5.29139459026e-210 -1.24026181621e-211 0.25 27.75 -5.25560184137e-210 -6.75 1.25 4.25 -1.16708668502e-212 -5.54093734963e-210 -3.15579565092e-212 41.0 -6.3379284221e-209 0.75 -1.18306047587e-212 -9.75 -7.71619912901e-213 -1.10459848197e-209 -5.25 4.5 -16.75 -4.35009321407e-212 1.5 1.75 -5.0 -1.25 3.75 0.75 -1.25 -9.0 -9.0 -25.75 0.75 1.82330202273e-216 -1.05346140984e-209 -2.38595570796e-212 7.25 -6.0 0.0 -1.19296324215e-212 -1.21803956011e-209 7.0 1.46118280567e-217 -5.25 -5.09608314826e-211 3.0 -0.5 -9.86022825921e-212 0.0 -2.12115002103e-209 2.25 -6.91765648679e-216 -1.23421522536e-211 -5.39003528304e-212 2.92236561135e-217 10.75 -7.69828507618e-213 -2.6771179296e-209 -1.27327050349e-211 -6.39530540876e-209 18.0 -0.5 17.75 
-6.25464610352e-212 2.30956366437e-212 7.87583893512e-214 -1.18306047587e-212 -1.40784196628e-210 0.0 -7.68989309314e-211 1.48707706e-211 8.38748940943e-211 0.0 0.0 4.61912732874e-212 -1.6411070498e-210 0.0 -1.18306047587e-212 0.5 -2.76628492439e-211 2.30956366437e-212 0.0 -2.02251426645e-211 -1.46491840093e-211 -7.69554882187e-211 6.92869099311e-212 -8.68617782773e-214 -8.28142333107e-212 -2.1351645853e-211 2.64185889218e-211 -3.88852515178e-212 -3.5491814276e-212 3.32295227815e-212 -2.8732795145e-211 -4.02806134668e-211 -1.36051954725e-210 -1.09619869759e-212 0.0 4.6756846161e-212 0.0 -3.43087538001e-211 -2.83934514208e-211 0.0 0.0 0.0 -1.92380068471e-211 0.0 -2.48442699932e-211 9.23825465748e-212 -1.89330193083e-211 4.56257004138e-212 4.16024504496e-211 0.0 3.23338913012e-211 -8.33798061843e-212 0.0 2.77147639724e-211 2.77147639724e-211 0.0 -1.85033529757e-211 4.61912732874e-212 1.38634428844e-210 1.15478183219e-211 4.85008369518e-211 -7.58855423176e-211 2.25300637701e-212 -7.93519136614e-211 
-146.25 -1.85295803411e-208 -4.25008843475e-210 -9.75 -1082.25 -1.83961444964e-208 263.25 -48.75 -165.75 -4.55148163483e-211 -1.93098563401e-208 -1.10758949606e-210 -1599.0 -2.21959773688e-207 -9.75 -2.76628492439e-211 380.75 -2.31561551304e-211 -3.86718949905e-208 204.75 -175.5 653.25 -1.27966290048e-210 -58.5 -68.25 195.0 48.75 -146.25 -29.25 48.75 351.0 351.0 1004.25 -29.25 -1.73436046065e-216 -3.68619747843e-208 -9.30522726105e-211 -282.75 234.0 0.0 -4.65261585407e-211 -4.32363642861e-208 -273.0 -2.22353905211e-217 204.75 -1.95202085818e-209 -117.0 19.5 -2.45799238744e-210 0.0 -7.4222567823e-208 -87.75 -2.61255690348e-214 -3.70347100665e-210 -1.27074828733e-210 -4.44707810423e-217 -419.25 -1.77066795368e-211 -9.34603399958e-208 -3.87036850897e-210 -2.24015862867e-207 -702.0 19.5 -692.25 
-8.49841119058e-212 7.6985455479e-213 7.73065286788e-212 7.74510660675e-213 -9.18227696352e-211 0.0 -5.01540144017e-211 1.39027849861e-211 2.39423875107e-211 0.0 1.59992111936e-214 1.53970910958e-212 -1.16532116772e-210 1.55125032116e-212 -7.71619912901e-213 2.30956366437e-212 -2.31561551304e-211 0.5 2.32111576571e-212 -6.16059090667e-212 -6.93928314178e-212 -2.77344811164e-211 2.31884320686e-212 7.74985192131e-213 -5.40133939031e-212 -1.46625437032e-211 4.24808673948e-211 -6.93725224824e-212 -2.3148597387e-212 -7.78681345344e-213 -2.16034594354e-211 -2.62299572911e-211 -8.87362899836e-211 -1.53156584651e-212 0.0 1.5480286994e-212 0.0 -9.23422763029e-212 -1.85175979727e-211 0.0 0.0 5.15174600435e-214 -1.38939690853e-211 0.0 8.03418138415e-213 1.39023322342e-211 -1.52044471759e-212 2.93697394497e-211 1.38765810397e-211 0.0 1.93197600444e-211 -1.53153317723e-212 9.59952671617e-216 9.23825465748e-212 9.23825465748e-212 0.0 -1.38778153269e-211 1.53970910958e-212 4.62786289805e-211 3.84927277395e-212 1.92620866558e-211 -4.93743948832e-211 3.08873043093e-212 -4.86037131434e-211 
-5.54020321268e-209 2.10070268498e-209 4.15121018531e-210 -1.03205601004e-209 -1.10313016134e-207 2.10685489124e-209 -6.74894872049e-208 1.42088049174e-208 -7.4892461236e-209 0.0 3.7391025236e-209 0.0 -1.66239993303e-207 2.53445645837e-208 -1.10459848197e-209 0.0 -3.86718949905e-208 2.32111576571e-212 0.5 -2.2789513268e-208 -2.7946367541e-208 -7.35286433367e-208 1.88219912481e-210 -6.4086785129e-209 -7.66428529358e-209 -2.1956161479e-208 -2.95662366778e-209 -1.61893466091e-208 -3.14403524539e-209 -5.52296371679e-209 -3.95275480801e-208 -3.53982367093e-208 -1.27028825427e-207 -1.03965545774e-209 0.0 4.26931222337e-209 0.0 -3.16883610732e-208 -2.65103631406e-208 0.0 0.0 5.03036805871e-209 -3.07200843659e-208 0.0 -2.30647806657e-208 9.60997269748e-211 -6.78825042238e-209 -1.74185031145e-209 2.03718640312e-210 0.0 8.48074324599e-209 -9.87506090376e-209 3.19984223872e-216 3.33138383425e-210 6.79040802093e-211 0.0 -4.26337892635e-208 0.0 1.10467751852e-208 6.20264712171e-210 2.58026533513e-208 -7.27265604353e-208 -1.94857479853e-209 -6.78072064329e-208 
-78.75 -1.10674433286e-208 -1.75408670496e-210 -5.25 -582.75 -1.10367638669e-208 141.75 -26.25 -89.25 -2.45042694986e-211 -1.16359684342e-208 -3.45611421443e-211 -861.0 -1.32697963517e-207 -5.25 -2.02251426645e-211 204.75 -6.16059090667e-212 -2.2789513268e-208 110.75 -94.5 351.75 -8.66531896487e-211 -31.5 -36.75 105.0 26.25 -78.75 -15.75 26.25 189.0 189.0 540.75 -15.75 4.0023702938e-217 -2.21195225838e-208 -2.14736013717e-211 -152.25 126.0 0.0 -1.07368140271e-211 -2.36711779782e-208 -147.0 -1.33412343127e-217 110.25 -5.63409939509e-210 -63.0 10.5 -1.79214640591e-210 0.0 -4.44290536145e-208 -47.25 -1.45270786223e-214 -2.40556802165e-210 -9.4729387271e-211 -2.66824686254e-217 -225.75 -1.30875217138e-211 -5.6127082029e-208 -2.59672618849e-210 -1.33853491838e-207 -378.0 10.5 -372.75 
67.5 -1.37593967449e-208 -5.32823755383e-211 4.5 499.5 -1.36622577102e-208 -121.5 22.5 76.5 -1.18467939086e-211 -1.3797119948e-208 -7.60450195628e-211 738.0 -1.64518353785e-207 4.5 -1.46491840093e-211 -175.5 -6.93928314178e-212 -2.7946367541e-208 -94.5 81.5 -301.5 -2.81182392668e-211 27.0 31.5 -90.0 -22.5 67.5 13.5 -22.5 -162.0 -162.0 -463.5 13.5 -9.7835718293e-217 -2.73298222011e-208 -6.6806759823e-211 130.5 -108.0 0.0 -3.34033849939e-211 -3.05335562823e-208 126.0 -5.08237497626e-218 -94.5 -9.24562662353e-210 54.0 -9.0 -7.91847411381e-211 0.0 -5.49193734194e-208 40.5 -1.47921986391e-214 -1.21832410241e-210 -5.08000956371e-211 -1.01647499525e-217 193.5 -9.23826863401e-212 -6.87333600881e-208 -5.34931151083e-211 -1.65572854768e-207 324.0 -9.0 319.5 
-251.25 -3.5451579008e-208 -4.97142870016e-210 -16.75 -1859.25 -3.52125323372e-208 452.25 -83.75 -284.75 -7.81672181452e-211 -3.67261091866e-208 -2.0989962106e-210 -2747.0 -4.24576309293e-207 -16.75 -7.69554882187e-211 653.25 -2.77344811164e-211 -7.35286433367e-208 351.75 -301.5 1122.75 -2.42362015821e-210 -100.5 -117.25 335.0 83.75 -251.25 -50.25 83.75 603.0 603.0 1725.25 -50.25 -2.97954232983e-216 -7.05613211173e-208 -1.59859032433e-210 -485.75 402.0 0.0 -7.99295587816e-211 -8.14765650745e-208 -469.0 -4.25648904262e-217 351.75 -3.08663134493e-209 -201.0 33.5 -5.90391766187e-210 0.0 -1.41841887445e-207 -150.75 -4.59749835336e-214 -7.42687959987e-210 -3.33424871015e-210 -8.51297808523e-217 -720.25 -5.00405886262e-211 -1.79172449259e-207 -6.91872653578e-210 -4.28256039815e-207 -1206.0 33.5 -1189.25 
2.70677624192e-212 2.30956366437e-212 4.94035911972e-211 3.41271438756e-212 -5.17638620677e-210 2.30707734706e-212 -2.68843501683e-210 7.12443821759e-211 1.05861958053e-210 1.99101294854e-214 2.32833033719e-210 4.61912732874e-212 -6.50373957724e-210 8.251586041e-212 -4.35009321407e-212 6.92869099311e-212 -1.27966290048e-210 2.31884320686e-212 1.88219912481e-210 -8.66531896487e-211 -2.81182392668e-211 -2.42362015821e-210 0.5 2.40125979467e-211 -2.27342797474e-211 -6.84406781383e-211 5.0182032591e-211 -6.52842347645e-212 6.24314100164e-212 -1.23554191432e-211 -1.22714951139e-210 -1.50364269046e-210 -5.00260719618e-210 -2.0634056516e-212 0.0 1.2732173856e-211 0.0 -9.13956408075e-211 -1.03519078886e-210 0.0 0.0 6.5632996345e-211 -9.24602184156e-211 0.0 -9.13080235017e-211 9.94087440112e-212 -2.64619336773e-211 -1.77149543502e-212 6.55682371274e-211 0.0 4.31808832482e-211 -2.60541238935e-211 1.54659041538e-215 8.23505175483e-211 3.54311367235e-211 0.0 -1.1332975739e-210 4.61912732874e-212 2.00497805688e-210 9.32865281353e-211 1.28752214909e-210 -2.6111654133e-210 5.78273758804e-211 -2.92647821377e-210 
22.5 -3.17252752085e-209 4.29694571922e-211 1.5 166.5 -3.14413279543e-209 -40.5 7.5 25.5 2.3364488134e-212 -2.91805703879e-209 -1.43157126477e-211 246.0 -3.79967280031e-208 1.5 -8.68617782773e-214 -58.5 7.74985192131e-213 -6.4086785129e-209 -31.5 27.0 -100.5 2.40125979467e-211 9.5 10.5 -30.0 -7.5 22.5 4.5 -7.5 -54.0 -54.0 -154.5 4.5 4.44707810423e-217 -6.29752493515e-209 -1.43157342478e-211 43.5 -36.0 0.0 -7.15784552379e-212 -7.21885251004e-209 42.0 2.16000936491e-217 -31.5 -1.82329551108e-210 18.0 -3.0 4.43677756372e-212 0.0 -1.25808511512e-208 13.5 -3.67061755626e-215 7.68870535941e-211 1.54345243334e-212 4.32001872982e-217 64.5 6.35296872021e-218 -1.56991827424e-208 6.45269158944e-211 -3.79255508296e-208 108.0 -3.0 106.5 
26.25 -3.70397674683e-209 -6.98424938598e-211 1.75 194.25 -3.67892128896e-209 -47.25 8.75 29.75 -8.16960679511e-212 -3.81229533908e-209 -2.20906762863e-211 287.0 -4.43624134729e-208 1.75 -8.28142333107e-212 -68.25 -5.40133939031e-212 -7.66428529358e-209 -36.75 31.5 -117.25 -2.27342797474e-211 10.5 12.75 -35.0 -8.75 26.25 5.25 -8.75 -63.0 -63.0 -180.25 5.25 -3.11295467296e-217 -7.37114331976e-209 -1.67016899557e-211 50.75 -42.0 0.0 -8.35084942495e-212 -8.50467353183e-209 49.0 -4.44707810423e-218 -36.75 -3.56728168436e-210 21.0 -3.5 -5.97619505132e-211 0.0 -1.48465068727e-208 15.75 -4.84235954075e-215 -7.40488693733e-211 -3.46489276447e-211 -8.89415620845e-218 75.25 -5.38898633061e-212 -1.87151331144e-208 -6.28979373227e-211 -4.47470769999e-208 126.0 -3.5 124.25 
-75.0 -1.05820208507e-208 -1.95539182616e-210 -5.0 -555.0 -1.05112036827e-208 135.0 -25.0 -85.0 -1.63718041226e-211 -1.09445369971e-208 -6.15765088514e-211 -820.0 -1.26738550121e-207 -5.0 -2.1351645853e-211 195.0 -1.46625437032e-211 -2.1956161479e-208 105.0 -90.0 335.0 -6.84406781383e-211 -30.0 -35.0 100.5 25.0 -75.0 -15.0 25.0 180.0 180.0 515.0 -15.0 -8.89415620845e-217 -2.10514016867e-208 -4.77191141593e-211 -145.0 120.0 0.0 -2.38595697856e-211 -2.43175865284e-208 -140.0 -1.27059374406e-217 105.0 -9.81523238769e-210 -60.0 10.0 -1.61157492559e-210 0.0 -4.23860554535e-208 -45.0 -1.38353129736e-214 -2.06732966913e-210 -9.24042949849e-211 -2.54118748813e-217 -215.0 -1.38573946922e-211 -5.33151037364e-208 -1.89114652745e-210 -1.2776190345e-207 -360.0 10.0 -355.0 
-18.75 -1.58456837005e-209 5.42125843461e-210 -1.25 -138.75 -1.56437613989e-209 33.75 -6.25 -21.25 7.26597277927e-211 -1.28862912575e-209 5.77687304388e-212 -205.0 -1.86029994359e-208 -1.25 2.64185889218e-211 48.75 4.24808673948e-211 -2.95662366778e-209 26.25 -22.5 83.75 5.0182032591e-211 -7.5 -8.75 25.0 6.75 -18.75 -3.75 6.25 45.0 45.0 128.75 -3.75 -2.22353905211e-217 -3.04000092229e-209 -1.19297785398e-211 -36.25 30.0 0.0 -5.96489244639e-212 -2.65236422707e-209 -35.0 -3.17648436016e-218 26.25 9.32923328804e-210 -15.0 2.5 1.71503151862e-210 0.0 -5.56148341076e-209 -11.25 -3.45882824339e-215 2.51396341037e-210 1.02381653244e-210 -6.35296872032e-218 -53.75 1.77066515837e-211 -5.99610102006e-209 1.86368419127e-210 -1.75853235121e-208 -90.0 2.5 -88.75 
56.25 -7.93247388889e-209 -7.18892421571e-211 3.75 416.25 -7.88263373627e-209 -101.25 18.75 63.75 -1.05770442477e-211 -7.91945397945e-209 -3.80989062721e-211 615.0 -9.50380883724e-208 3.75 -3.88852515178e-212 -146.25 -6.93725224824e-212 -1.61893466091e-208 -78.75 67.5 -251.25 -6.52842347645e-212 22.5 26.25 -75.0 -18.75 56.75 11.25 -18.75 -135.0 -135.0 -386.25 11.25 -6.67061715634e-217 -1.57663502528e-208 -3.57893356194e-211 108.75 -90.0 0.0 -1.7894674798e-211 -1.81477610576e-208 105.0 -6.98826559235e-218 -78.75 -7.11320310535e-210 45.0 -7.5 -1.13109835082e-211 0.0 -3.1718588526e-208 33.75 -7.38996530737e-215 -4.9321455397e-211 -8.45618788517e-212 -1.39765311847e-217 161.25 -2.30957319382e-212 -3.9611969342e-208 -8.99341217773e-212 -9.56245032461e-208 270.0 -7.5 266.25 
11.25 -1.58741860578e-209 3.60063568263e-211 0.75 83.25 -1.57668055241e-209 -20.25 3.75 12.75 8.03910929337e-212 -1.48868570599e-209 -9.46743269415e-212 123.0 -1.89829888967e-208 0.75 -3.5491814276e-212 -29.25 -2.3148597387e-212 -3.14403524539e-209 -15.75 13.5 -50.25 6.24314100164e-212 4.5 5.25 -15.0 -3.75 11.25 2.75 -3.75 -27.0 -27.0 -77.25 2.25 -1.33412343127e-217 -3.13727814961e-209 -7.15786712389e-212 21.75 -18.0 0.0 -3.57893546783e-212 -3.60010512311e-209 21.0 -1.9058906161e-218 -15.75 -9.51823650921e-211 9.0 -1.5 -2.58059324421e-212 0.0 -6.32112445295e-209 6.75 -2.07529694604e-215 1.53726543164e-212 -8.45597442542e-212 -3.81178123219e-218 32.25 -2.30956557026e-212 -7.75035811796e-209 4.27760216051e-211 -1.89895836672e-208 54.0 -1.5 53.25 
-18.75 -2.64261825809e-209 5.7084857689e-212 -1.25 -138.75 -2.62780092068e-209 33.75 -6.25 -21.25 1.95620258262e-211 -2.75352160858e-209 -9.62021805193e-212 -205.0 -3.16388589034e-208 -1.25 3.32295227815e-212 48.75 -7.78681345344e-213 -5.52296371679e-209 26.25 -22.5 83.75 -1.23554191432e-211 -7.5 -8.75 25.0 6.25 -18.75 -3.75 6.75 45.0 45.0 128.75 -3.75 1.33412343127e-217 -5.22712440833e-209 -1.19297785398e-211 -36.25 30.0 0.0 -5.96489244639e-212 -6.09018877563e-209 -35.0 -3.17648436016e-218 26.25 -7.8417770022e-211 -15.0 2.5 1.48577667383e-211 0.0 -1.04548183975e-208 -11.25 -3.45882824339e-215 -7.5330509187e-212 9.99924897563e-212 -6.35296872032e-218 -53.75 2.30956557026e-212 -1.27184195419e-208 -1.44037228242e-211 -3.14278872531e-208 -90.0 2.5 -88.75 
-135.0 -1.90444041357e-208 -3.8854852744e-210 -9.0 -999.0 -1.89201666289e-208 243.0 -45.0 -153.0 -4.1993788379e-211 -1.97814457792e-208 -1.04370936402e-210 -1476.0 -2.28090496355e-207 -9.0 -2.8732795145e-211 351.0 -2.16034594354e-211 -3.95275480801e-208 189.0 -162.0 603.0 -1.22714951139e-210 -54.0 -63.0 180.0 45.0 -135.0 -27.0 45.0 324.5 324.0 927.0 -27.0 -1.60094811752e-216 -3.79072316143e-208 -8.58944054867e-211 -261.0 216.0 0.0 -4.29472243434e-211 -4.34773880673e-208 -252.0 -2.16000936491e-217 189.0 -1.73018886534e-209 -108.0 18.0 -2.47832518426e-210 0.0 -7.62758038884e-208 -81.0 -2.33036422331e-214 -3.57310497281e-210 -1.30922265422e-210 -4.32001872982e-217 -387.0 -1.84765321857e-211 -9.60371652539e-208 -3.69702003871e-210 -2.30013969211e-207 -648.0 18.0 -639.0 
-135.0 -1.69475507299e-208 -4.30272622816e-210 -9.0 -999.0 -1.68194639439e-208 243.0 -45.0 -153.0 -4.19613004065e-211 -1.78134762605e-208 -1.1206948322e-210 -1476.0 -2.02826576851e-207 -9.0 -4.02806134668e-211 351.0 -2.62299572911e-211 -3.53982367093e-208 189.0 -162.0 603.0 -1.50364269046e-210 -54.0 -63.0 180.0 45.0 -135.0 -27.0 45.0 324.0 324.5 927.0 -27.0 -1.60094811752e-216 -3.37200789538e-208 -8.58944054867e-211 -261.0 216.0 0.0 -4.2947225614e-211 -3.89982281538e-208 -252.0 -2.28706873932e-217 189.0 -1.69348480056e-209 -108.0 18.0 -3.35478452544e-210 0.0 -6.79297355333e-208 -81.0 -2.39969413848e-214 -4.28844424646e-210 -1.8328663691e-210 -4.57413747863e-217 -387.0 -2.61750777336e-211 -8.58141072154e-208 -4.41434289028e-210 -2.0486564191e-207 -648.0 18.0 -639.0 
-386.25 -6.08510465551e-208 -1.39553021811e-209 -25.75 -2858.25 -6.04394211757e-208 695.25 -128.75 -437.75 -1.22674741644e-210 -6.3713086036e-208 -3.62918253276e-210 -4223.0 -7.28838705621e-207 -25.75 -1.36051954725e-210 1004.25 -8.87362899836e-211 -1.27028825427e-207 540.75 -463.5 1725.25 -5.00260719618e-210 -154.5 -180.25 515.0 128.75 -386.25 -77.25 128.75 927.0 927.0 2652.75 -77.25 -5.11413981986e-216 -1.21132675162e-207 -2.74384906416e-210 -746.75 618.0 0.0 -1.37192526267e-210 -1.40074589741e-207 -721.0 -7.30591402837e-217 540.75 -5.80283306006e-209 -309.0 51.5 -1.13007950743e-209 0.0 -2.43893784995e-207 -231.75 -7.95530495981e-214 -1.41165402441e-209 -6.19939975098e-210 -1.46118280567e-216 -1107.25 -8.853334686e-211 -3.07649297589e-207 -1.4489508216e-209 -7.35313973852e-207 -1854.0 51.5 -1828.25 
11.25 -5.36297408738e-210 -2.39264941075e-211 0.75 83.25 -5.24791158355e-210 -20.25 3.75 12.75 -3.4650348317e-212 -5.34108632698e-210 -7.92772358457e-212 123.0 -6.28083802239e-209 0.75 -1.09619869759e-212 -29.25 -1.53156584651e-212 -1.03965545774e-209 -15.75 13.5 -50.25 -2.0634056516e-212 4.5 5.25 -15.0 -3.75 11.25 2.25 -3.75 -27.0 -27.0 -77.25 2.75 -1.33412343127e-217 -1.05623861915e-209 -7.15786712389e-212 21.75 -18.0 0.0 -3.57893546783e-212 -8.98921806365e-210 21.0 -1.9058906161e-218 -15.75 -2.26277117509e-211 9.0 -1.5 -1.06490170702e-211 0.0 -2.14579208844e-209 6.75 1.6459262107e-216 -5.89284510425e-212 -5.39081796878e-212 -3.81178123219e-218 32.25 -7.69856460681e-213 -2.72064707109e-209 -1.04666488862e-211 -6.40827749956e-209 54.0 -1.5 53.25 
