64 5 3
0.02 0.02 0.02 0.04 0.9 
0.04 0.76 0.1 0.02 0.08 
0.08 0.02 0.16 0.72 0.02 
16.0 4.37509218187e-199 3.59760464433e-198 1.0 115.0 9.87576600442e-200 19.0 5.0 17.0 4.45554150624e-206 9.09207260808e-198 8.5947792202e-200 166.0 1.56254644443e-198 1.0 9.62981096782e-206 8.88502507563e-198 1.54758183649e-199 7.80436521727e-198 7.7377017379e-198 23.0 1.95725046917e-197 1.02247080213e-198 6.0 7.0 4.51930082337e-198 9.65267493099e-198 15.0 3.0 1.93088176077e-198 8.20037093452e-198 7.37562347288e-198 6.0 3.0 8.95823400705e-199 3.15492994381e-199 1.33161818687e-203 29.0 4.70349898918e-198 0.0 8.59411341111e-200 4.54596629961e-198 28.0 8.59344760202e-200 7.6482597902e-198 6.13006667145e-198 15.0 6.37409917096e-198 8.99579022501e-199 0.0 3.61999373409e-198 9.0 1.81035096041e-207 2.10884469317e-198 3.88315277328e-198 1.7186895204e-199 45.0 1.27974771529e-199 2.43795782141e-198 6.3847578643e-198 1.54644833526e-197 72.0 3.95008374088e-198 71.0 
156.0 4.37509218187e-199 17.0 17.0 2.0 9.87576600442e-200 9.69937898983e-198 9.53919075021e-198 7.0 8.0 9.09207260808e-198 8.5947792202e-200 113.0 1.56254644443e-198 3.71868391436e-198 9.62981096782e-206 11.0 1.54758183649e-199 7.80436521727e-198 32.0 51.0 194.0 140.0 20.0 2.99859170455e-199 322.0 152.0 36.0 1.0 63.0 150.0 13.0 2.1361724406e-197 72.0 8.95823400705e-199 154.0 1.33161818687e-203 13.0 347.0 0.0 8.59411341111e-200 4.54596629961e-198 21.0 8.59344760202e-200 7.6482597902e-198 6.13006667145e-198 66.0 6.37409917096e-198 238.0 0.0 3.61999373409e-198 1.35130119459e-198 1.81035096041e-207 267.0 3.88315277328e-198 1.7186895204e-199 47.0 1.27974771529e-199 21.0 6.3847578643e-198 37.0 118.0 150.0 4.0 
8.17296164814e-198 4.37509218187e-199 3.59760464433e-198 6.09375544925e-199 8.6213195266e-199 9.87576600442e-200 4.0 29.0 304.0 4.45554150624e-206 50.0 8.5947792202e-200 19.0 16.0 3.71868391436e-198 9.62981096782e-206 16.0 18.0 6.0 7.7377017379e-198 11.0 7.0 29.0 9.0 2.99859170455e-199 4.51930082337e-198 9.65267493099e-198 56.0 7.49647926137e-199 1.93088176077e-198 30.0 17.0 2.1361724406e-197 42.0 8.95823400705e-199 26.0 1.33161818687e-203 2.0 4.0 0.0 8.59411341111e-200 161.0 3.74735267345e-198 8.59344760202e-200 7.6482597902e-198 6.13006667145e-198 9.0 6.37409917096e-198 60.0 0.0 119.0 15.0 3.0 2.10884469317e-198 3.88315277328e-198 1.7186895204e-199 65.0 1.27974771529e-199 273.0 6.3847578643e-198 9.0 33.0 3.95008374088e-198 10.0 
4.0 0.5 4.0 1.5 3.19362895752e-200 3.65831845022e-201 6.0 4.5 40.0 1.5 1.0 1.0 8.0 3.0 1.3775265603e-199 1.5 4.0 0.5 2.89100139208e-199 1.0 8.5 0.5 1.5 3.5 1.1107799995e-200 2.0 24.0 4.5 2.5 7.5 3.0 0.5 2.5 0.5 3.31843350022e-200 3.0 4.93276509335e-205 1.5 8.5 0.0 3.18355089024e-201 1.68397999512e-199 4.0 3.18330425198e-201 2.83317465096e-199 9.5 4.5 1.5 9.5 0.0 12.0 4.0 6.70615354482e-209 7.0 6.0 6.36660850397e-201 10.0 1.0 58.5 4.5 29.5 6.5 1.0 5.5 
2.02222222222 0.2 0.666666666667 0.111111111111 0.644444444444 0.0444444444444 1.4 3.71111111111 1.17777777778 0.0444444444444 1.73333333333 0.0666666666667 1.48888888889 0.866666666667 0.733333333333 0.0444444444444 1.73333333333 0.0222222222222 1.4 1.42222222222 2.04444444444 2.46666666667 0.311111111111 1.66666666667 0.0444444444444 0.555555555556 1.77777777778 0.311111111111 0.111111111111 0.466666666667 1.13333333333 1.62222222222 2.42222222222 0.311111111111 0.155555555556 0.133333333333 0.0444444444444 0.711111111111 0.577777777778 0.0 0.0444444444444 1.37777777778 0.866666666667 0.0222222222222 1.33333333333 1.42222222222 1.44444444444 1.06666666667 0.266666666667 0.0 1.13333333333 0.266666666667 0.0222222222222 0.466666666667 0.666666666667 0.0444444444444 2.97777777778 0.0222222222222 0.555555555556 1.17777777778 3.33333333333 0.955555555556 0.911111111111 0.933333333333 
2.5 129.5 54.0 99.5 0.5 1.42729125877e-202 6.5 14.0 9.0 65.5 4.18535576456e-202 4.5 1.0 1.5 7.5 12.5 32.5 2.5 100.5 0.5 17.0 27.0 15.0 18.0 179.5 1.03367252941e-210 177.5 3.0 37.0 182.0 43.5 16.0 1.67414206267e-203 17.5 3.5 19.0 0.0 39.0 1.5 2.5 0.0 1.5 120.0 16.0 2.72269022011e-203 2.0 39.5 0.5 31.5 0.0 15.5 14.0 3.19835652422e-210 12.5 7.25184602278e-203 0.0 16.0 1.01133131404e-207 9.5 8.2008037417e-202 2.0 5.5 13.0 95.5 
0.368421052632 0.157894736842 1.21052631579 0.0789473684211 4.96319592087e-226 0.184210526316 0.868421052632 3.28947368421 2.57894736842 0.184210526316 0.736842105263 0.0526315789474 0.710526315789 2.57894736842 0.0263157894737 0.263157894737 0.710526315789 0.605263157895 0.657894736842 0.105263157895 5.15789473684 0.631578947368 2.42105263158 2.55263157895 0.0263157894737 8.70712541683e-219 1.71538465049e-219 0.684210526316 1.16642712366e-219 0.131578947368 0.473684210526 1.55263157895 0.0263157894737 1.60526315789 6.53636168947e-222 0.0263157894737 0.0 0.631578947368 0.342105263158 1.22644542361e-220 0.0 4.15789473684 4.60526315789 0.0789473684211 0.131578947368 0.0263157894737 2.13157894737 3.68421052632 0.289473684211 0.0 0.5 1.5 0.0263157894737 1.23682028822e-224 0.105263157895 0.0 7.57894736842 0.0789473684211 0.947368421053 1.23684210526 0.236842105263 2.15789473684 0.921052631579 2.94736842105 
20.8 12.8 35.8 8.2 8.52011393167e-223 1.6 14.0 30.6 8.6 1.4 1.4 2.81976433613e-213 12.0 18.0 7.87852970637e-215 1.8 8.4 1.0 5.39160358967e-207 4.8 28.2 13.4 5.2 89.2 2.8 28.4 5.6 38.8 3.8 0.2 6.4 7.0 0.2 10.4 1.12207027852e-218 4.2 0.0 32.2 32.4 0.4 0.0 22.0 20.0 0.6 3.93707818807e-208 13.8 37.6 1.0 7.6 0.0 5.2 4.8 12.8 2.1231984263e-221 1.04863508117e-207 0.0 48.8 3.8 11.8 2.4 3.2 51.6 41.8 16.0 
7.57934546781e-200 1.65482881562e-200 2.61195902808e-199 5.13349869605e-201 1.0 11.0 5.0 96.0 9.0 3.13133854879e-200 157.0 7.35338943417e-206 6.0 3.0 77.0 3.44023921974e-200 21.0 1.06561014306e-199 4.0 2.0533915426e-200 21.0 1.23203492341e-199 3.0 31.0 1.0 3.89792551936e-208 7.67927563296e-209 1.0 4.0 6.83685769295e-201 9.54051105414e-200 28.0 6.31310292514e-201 6.0 2.92613805515e-211 4.60784942211e-201 0.0 1.37525713218e-199 5.60263718033e-200 5.49043764265e-210 0.0 3.0 16.0 97.0 1.02671236666e-200 5.50397847339e-208 2.0 18.0 1.0 0.0 26.0 3.0 1.20608366393e-207 5.53688287868e-214 2.73463353918e-200 0.0 56.0 3.81367795442e-205 2.0 8.0 4.75818017036e-200 2.0 12.0 7.0 
1.03334541994e-205 0.25 3.56106725863e-205 6.99885945079e-207 3.02924201505e-221 7.33798777557e-206 115.0 97.0 17.25 3.25 2.15177450629e-205 1.00253924631e-211 2.25 56.25 2.80113310629e-213 4.69031983871e-206 47.0 1.45282117756e-205 4.25 3.75 50.75 8.25 10.75 26.25 1.0 5.3143157279e-214 1.04696960146e-214 7.75 0.25 9.32116844887e-207 22.5 64.75 6.5 3.25 1.25 6.28220486363e-207 0.0 1.87498467356e-205 1.0 7.48549939514e-216 0.0 28.75 39.75 1.95538659501e-206 0.25 1.5 5.0 1.67430881814e-204 7.5 0.0 0.75 0.25 1.6443385982e-213 7.54882144865e-220 59.75 0.0 79.5 25.0 2.75 54.25 0.5 6.25 20.0 4.75 
0.5 21.5 38.25 22.75 4.92405864545e-202 1.5 13.75 19.25 16.0 49.25 0.25 9.25 1.75 7.5 17.0 30.25 39.5 121.0 1.0 3.25 16.75 34.75 25.5 68.75 80.25 0.0 0.0 11.25 77.75 1.01862453965e-205 30.0 28.5 1.86120014658e-202 36.0 1.75 33.75 1.79594148458e-201 21.0 12.0 25.5 2.25 2.75 32.0 27.75 26.5 0.0 13.0 16.75 11.5 0.25 4.0 10.75 3.25 1.96463108271e-223 0.0 25.5 22.25 0.0 9.25 1.0 0.5 21.5 15.0 19.75 
3.2977056349e-197 1.0 8.98280796769e-196 2.29253232787e-196 3.57134042716e-196 318.0 2.0 9.0 36.0 1.27209441115e-195 6.22100149638e-197 15.0 9.96604892288e-196 1.0 177.0 5.0 13.0 16.0 6.59170882972e-197 2.14567134359e-195 26.0 5.0 75.0 19.0 3.57757437589e-196 0.0 0.0 1.40769076927e-195 1.70144366465e-196 7.38791972331e-200 14.0 17.0 1.34989848926e-196 1.0 102.0 3.0 1.30256743278e-195 5.19498984445e-196 3.71479202936e-196 1.00344102178e-198 1.6078930335e-195 1.39029879794e-196 57.0 1.0 1.0 0.0 3.0 4.0 26.0 5.0 1.2634035381e-196 98.0 1.0 2.0 0.0 35.0 35.0 0.0 21.0 2.31499639929e-211 1.15749819965e-211 4.06782626593e-196 3.0 53.0 
1.76519575931e-207 12.25 0.125 4.875 1.375 1.85907008208e-221 4.625 4.0 9.25 1.75 3.32997746793e-207 14.25 0.125 3.625 11.75 19.0 18.75 2.375 0.125 0.125 2.25 8.25 1.125 6.375 7.375 0.0 0.0 0.25 8.25 3.95460541648e-210 10.125 18.25 0.5 2.25 6.25 1.5 6.97238250813e-206 4.0 0.25 3.375 18.5 1.5 12.5 14.25 2.0 0.0 2.25 7.75 4.625 28.5 0.625 0.875 19.875 7.62728603002e-228 0.0 15.0 6.375 0.0 6.25 1.23917119333e-221 6.19585596667e-222 0.5 0.25 6.125 
0.0833333333333 2.72222222222 1.66666666667 0.694444444444 0.388888888889 7.62644369329e-226 2.25 4.05555555556 1.86111111111 1.52777777778 0.0555555555556 1.36111111111 1.16666666667 4.16666666667 0.833333333333 0.861111111111 3.91666666667 0.361111111111 0.0555555555556 2.63888888889 2.11111111111 0.777777777778 0.5 3.08333333333 0.527777777778 0.0 0.0 1.72222222222 0.277777777778 0.0833333333333 1.52777777778 5.66666666667 0.166666666667 1.05555555556 0.972222222222 1.44687284193e-220 1.38888888889 0.944444444444 0.583333333333 0.222222222222 4.52777777778 0.194444444444 2.86111111111 1.75 2.08333333333 0.0 1.47222222222 0.25 0.361111111111 0.75 0.166666666667 8.4411585137e-221 1.88888888889 3.12893354594e-232 0.0 1.22222222222 4.0 0.0 0.555555555556 5.08343898566e-226 2.54171949283e-226 1.08333333333 1.30555555556 0.5 
3.2977056349e-197 20.0 8.98280796769e-196 2.29253232787e-196 3.57134042716e-196 3.47307988533e-211 3.68893706565e-196 2.0 2.0 1.27209441115e-195 6.22100149638e-197 8.0 9.96604892288e-196 3.0 114.0 5.01339421254e-197 13.0 3.57131501474e-197 6.59170882972e-197 2.14567134359e-195 8.0 7.37400776463e-196 3.0 1.0 3.57757437589e-196 0.0 0.0 19.0 92.0 7.38791972331e-200 2.0 13.0 1.34989848926e-196 9.61108278095e-196 153.0 6.58905404147e-206 1.30256743278e-195 71.0 3.71479202936e-196 1.00344102178e-198 1.6078930335e-195 1.39029879794e-196 6.0 45.0 1.88183708452e-195 0.0 9.0 2.35303137304e-196 1.71645669863e-196 5.57231705606e-197 1.2634035381e-196 3.84410073972e-206 7.09457862414e-196 1.42491528135e-217 0.0 3.50713896185e-196 2.0 0.0 2.11422858659e-196 2.31499639929e-211 1.15749819965e-211 23.0 1.24822407091e-195 16.0 
1.0 -5.66422916781e-198 -3.81650289774e-197 1.31457169948e-199 8.13473336816e-196 -4.41931823059e-199 -3.19015210087e-198 -5.97554722593e-197 9.39822709252e-197 -7.128866409e-205 -5.57561115672e-197 -1.11736124717e-198 1.19819165537e-195 -1.91610696967e-197 -2.23478661244e-197 -1.54076975482e-204 -1.25811608514e-196 -2.47613093838e-198 -5.66735165294e-197 -1.00490896156e-196 9.04160056351e-197 -2.83837078622e-196 -6.3388328274e-198 -6.37119579261e-199 4.81801192392e-197 -6.29917656459e-197 -1.34863710092e-196 9.35983625884e-197 1.63006645595e-197 -1.29398783693e-197 -1.17145959369e-196 -1.09511373589e-196 -2.77329466005e-196 1.96924392357e-197 -5.37494040423e-198 -2.25535301023e-198 -2.13058909899e-202 1.66419386623e-196 -7.05524848604e-197 0.0 -1.11725471772e-198 -4.23641421099e-197 1.60412947551e-196 -1.11714818826e-198 -1.16976754957e-196 -1.92377006561e-197 4.05155520713e-197 -9.90335787255e-197 -6.29706675057e-198 0.0 -1.35912490166e-197 4.76470159453e-197 -2.89656153665e-206 -1.20336893991e-197 -2.35987758101e-197 -2.23429637652e-198 2.39500195443e-196 -7.67848629176e-199 -1.71829589406e-197 -3.95841795137e-197 6.56092309598e-197 4.9156561684e-196 -3.26308635156e-197 5.23158341373e-196 
-5.66422916781e-198 1.0 0.0 -4.37509218187e-199 -5.02353914534e-197 7.81686381379e-201 -8.29704141793e-198 1.07729770864e-197 -7.39857239012e-198 0.0 7.81686381379e-201 4.29712328647e-199 -7.25561784448e-197 4.39052616677e-198 4.71855934302e-198 4.75323033442e-216 8.74978487829e-199 1.58441011147e-216 1.56337276276e-200 1.19845636818e-202 -5.75817135349e-198 1.58441011147e-216 4.75323033442e-216 5.96839229289e-198 -3.06256452731e-198 1.58441011147e-216 7.81686381379e-201 -5.70329351261e-198 -1.31252765456e-198 6.33764044589e-216 4.29672380101e-199 1.56337276276e-200 -2.62505530912e-198 -1.30471079075e-198 0.0 1.56337276276e-200 3.99485456061e-203 -1.26877673274e-197 0.0 0.0 4.29692354374e-199 9.89809846995e-198 -4.08648288733e-198 4.29672380101e-199 0.0 4.29672380101e-199 -4.79704756953e-198 4.75323033442e-216 2.85193820065e-215 0.0 3.12674552552e-200 -3.93758296369e-198 0.0 1.90129213377e-215 1.90129213377e-215 8.59344760202e-199 -1.14928721413e-197 3.16882022295e-216 3.90843190689e-200 7.92205055737e-216 6.96856044738e-198 -2.97585235977e-197 2.57807422915e-198 -3.10240701722e-197 
-3.81650289774e-197 0.0 1.0 2.79600990365e-198 -4.1372453392e-196 2.72822388691e-199 -6.30060147696e-197 2.48059312187e-197 -2.49084274882e-197 4.77152665885e-215 7.88285430846e-197 0.0 -5.76796485626e-196 6.39361454798e-198 -9.10134442215e-199 1.35966636834e-205 1.14429345058e-197 1.54758183649e-198 7.93912438691e-197 1.89430217743e-197 -3.62094602818e-197 6.62181603447e-197 9.06459435358e-198 -4.50073160251e-198 -2.18847816353e-197 6.59690175001e-198 7.58267450862e-197 -3.55497674638e-197 -2.54668674548e-198 5.11899086117e-199 1.13412908605e-197 3.19680727399e-198 -2.1585627866e-197 -8.59794344618e-198 8.95823400705e-199 3.29845101097e-198 0.0 -6.31786145278e-197 1.47633876639e-206 0.0 0.0 2.44532680685e-197 -8.70498775446e-197 0.0 3.41747751743e-197 2.32018431474e-197 -1.06386219234e-197 5.75164774931e-197 9.89535262501e-198 0.0 1.94910928197e-197 -2.06252580577e-197 0.0 1.59220273869e-197 6.88174447783e-198 0.0 -1.2047640622e-196 1.27974771529e-199 2.63876070148e-197 3.31459584466e-197 3.11769490865e-197 -2.38151316695e-196 1.46601125007e-197 -2.40556888422e-196 
1.31457169948e-199 -4.37509218187e-199 2.79600990365e-198 1.0 3.9428738162e-197 -9.87576600442e-200 -2.14304901039e-198 -7.55452112445e-199 9.13890655139e-198 -4.45554150385e-206 3.80187172148e-198 -8.5947792202e-200 5.65981298647e-197 -3.43795368926e-199 -3.36832852206e-198 -9.62981096782e-206 -6.77635367843e-198 1.54758183649e-199 6.31798738464e-198 -4.33302169763e-198 9.71447935038e-198 -6.68870362727e-198 4.76825057316e-199 -8.05619973342e-199 2.75234691657e-198 -3.31986414155e-198 4.5850779647e-198 6.64174657375e-198 1.80071410304e-198 -1.93088176077e-198 -6.08204234765e-198 -6.76624792078e-198 -1.92595920522e-197 1.01125084518e-198 -8.95823400705e-199 2.84225346529e-199 -1.33161818687e-203 1.32623881869e-197 -4.70349898918e-198 0.0 -8.59411341111e-200 -3.47937913239e-199 8.500100462e-198 -8.59344760202e-200 -8.38899709649e-199 -1.79683752929e-198 6.53000917055e-198 5.07800641906e-198 8.99576007401e-199 0.0 8.45454766405e-200 3.95885471036e-198 -1.81035096041e-207 2.90028670474e-199 -3.28343443237e-198 -1.7186895204e-199 1.51245796998e-197 -1.27974771529e-199 2.35978890587e-198 -1.28715196657e-198 -1.03282486675e-197 2.60941204638e-197 -2.41215910124e-198 2.23546426996e-197 
8.13473336816e-196 -5.02353914534e-197 -4.1372453392e-196 3.9428738162e-197 1.0 -1.12789622669e-197 1.00141950284e-195 -5.48768511882e-196 1.46606270239e-195 -5.12387273218e-204 -1.04551018129e-195 -9.88399610324e-198 1.75848947698e-194 -1.78754771256e-196 -3.18141724323e-196 -1.1074282613e-203 -9.91048802972e-196 -1.77971911196e-197 -8.97345616515e-196 -8.7337317632e-196 1.73536945819e-195 -2.19831563445e-195 -1.17584142222e-196 4.23372877641e-197 7.32064676197e-196 -5.04041264825e-196 -1.10605968106e-195 1.42271984106e-195 2.4231126598e-196 -2.18131819515e-196 -9.14821617565e-196 -8.19819275295e-196 -1.7141098541e-195 2.89536469937e-196 -1.03019691081e-196 -3.61253570775e-197 -1.5313609149e-201 2.61698151771e-195 -5.22088387926e-196 0.0 -9.88323042278e-198 -5.22629556208e-196 2.63524841194e-195 -9.88246474232e-198 -8.63087583346e-196 -7.04957620432e-196 8.78775113733e-196 -7.31453294512e-196 -1.03451587588e-196 0.0 -4.15986602687e-196 8.30162695434e-196 -2.06380009487e-205 -2.42517139669e-196 -4.46562568927e-196 -1.97649294846e-197 4.01388118448e-195 -1.47170987259e-197 -2.79974306271e-196 -7.34247154395e-196 -1.77747751565e-195 7.56636654352e-195 -4.52691751024e-196 7.16849700208e-195 
-4.41931823059e-199 7.81686381379e-201 2.72822388691e-199 -9.87576600442e-200 -1.12789622669e-197 1.0 -1.76982101698e-198 1.03161621379e-198 -1.54885510545e-198 0.0 2.6450999545e-198 0.0 -1.60505974043e-197 9.38023657655e-200 -9.87576600442e-200 0.0 1.56337276276e-200 0.0 7.43160097471e-199 0.0 -1.89984613228e-198 0.0 2.72822388691e-199 4.987435945e-199 -6.91303620309e-199 0.0 1.55381039973e-198 -1.39042410443e-198 -2.96272980133e-199 0.0 0.0 1.56337276276e-200 -5.92545960265e-199 -1.06574523858e-199 0.0 1.56337276276e-200 0.0 -2.86397214128e-198 0.0 0.0 0.0 4.7033770878e-199 -2.76521448124e-198 0.0 0.0 0.0 -1.16164132909e-198 0.0 0.0 0.0 3.04089843946e-199 -6.15996551706e-199 0.0 9.09407962304e-199 0.0 0.0 -3.95812326558e-198 0.0 3.90843190689e-200 6.36585573613e-199 1.27603271676e-198 -6.63239695059e-198 2.27351990576e-198 -6.97270954407e-198 
-3.19015210087e-198 -8.29704141793e-198 -6.30060147696e-197 -2.14304901039e-198 1.00141950284e-195 -1.76982101698e-198 1.0 -1.31003602159e-196 8.84015850966e-197 -7.57442056014e-205 -1.50755546241e-196 -1.63300805184e-198 1.34144465215e-195 -2.86012001995e-197 -5.94320153532e-197 -1.82966408389e-204 1.85501070212e-196 -2.94040548933e-198 -1.27733440053e-196 4.4219121362e-197 1.19727999457e-196 2.37527532985e-196 -1.69051790313e-197 -4.64325384253e-197 5.49508149951e-197 9.6233232553e-197 -1.36763998137e-196 9.67425808413e-197 1.36121596342e-197 8.90034391946e-198 1.70983323695e-196 1.84885641618e-196 6.27979611867e-196 1.98000149095e-197 -1.61248212127e-197 -5.06352192661e-198 -2.53007455505e-202 1.59267704116e-196 1.2699447101e-196 0.0 -1.63288154811e-198 -7.95903456766e-197 1.70489524519e-196 -1.63275504438e-198 4.41268715688e-197 -1.14935569498e-196 3.48799813753e-197 -1.0282185539e-196 -1.43932677131e-197 0.0 -6.79947243886e-197 5.18674678044e-197 -3.25863172867e-206 -3.55603311171e-197 -6.92970315781e-197 -3.26551008877e-198 2.58076582771e-196 -2.30354588753e-198 -3.90464098777e-197 -1.09828035713e-196 -2.86608094672e-196 5.66184799228e-196 -5.42982031002e-197 5.07820483294e-196 
-5.97554722593e-197 1.07729770864e-197 2.48059312187e-197 -7.55452112445e-199 -5.48768511882e-196 1.03161621379e-198 -1.31003602159e-196 1.0 -6.38592635316e-197 -2.22777075312e-205 5.48292677038e-197 2.1482953196e-198 -7.89996079751e-196 2.58439341262e-197 4.79145087631e-197 -4.81490548348e-205 -2.88655405813e-197 1.39282365284e-198 3.86314145907e-197 1.39394067106e-197 -5.9059920279e-197 -1.66716825565e-197 5.99963682226e-198 4.32727268845e-197 -3.19843157667e-197 -1.7199039026e-197 7.62076983551e-197 -5.92140666516e-197 -1.12230164877e-197 -1.97592247337e-198 -2.73436200953e-197 -3.32211427187e-197 -1.35251838415e-196 -1.15898800525e-197 8.95823400705e-198 1.26197111084e-198 -6.65809093434e-203 -1.12790946586e-196 -2.35174949233e-197 0.0 2.14832861005e-198 6.28727625011e-197 -7.49877088695e-197 2.1483619005e-198 1.13440417584e-197 2.52959050421e-197 -2.47222451339e-197 5.21343179138e-197 3.59830427359e-198 0.0 1.17287349518e-197 -3.07071186371e-197 -5.43105287546e-207 1.48012341165e-197 3.703237271e-197 4.29672380101e-198 -1.26717992723e-196 1.27974771529e-198 9.75183010329e-198 4.91913458515e-197 9.89439761771e-198 -3.15980747684e-196 4.21100686049e-197 -3.3596673693e-196 
9.39822709252e-197 -7.39857239012e-198 -2.49084274882e-197 9.13890655139e-198 1.46606270239e-195 -1.54885510545e-198 8.84015850966e-197 -6.38592635316e-197 1.0 -7.12886640833e-205 -2.93963957968e-197 -1.46111246743e-198 2.078826774e-195 -1.94683581792e-197 -5.03452090695e-197 -1.54076975464e-204 -1.33411010089e-196 -2.16661457108e-198 -5.13451058372e-198 -1.2643363231e-196 2.33621240036e-196 -2.84620397798e-196 -2.86587050196e-198 7.08214858187e-199 9.0706640663e-197 -6.5433465452e-197 -1.41153581849e-196 1.92007888069e-196 4.0116548276e-197 -3.28249899282e-197 -1.24234399989e-196 -1.21994401205e-196 -2.85914810055e-196 3.59125064504e-197 -1.5228997812e-197 4.12112068609e-199 -2.26375091768e-202 3.24237440747e-196 -7.99594827482e-197 0.0 -1.46099927989e-198 -3.6867053826e-197 3.09974486769e-196 -1.46088609234e-198 -1.19806329955e-196 -9.77112431426e-197 1.18562230619e-196 -9.11812503522e-197 1.79912954649e-198 0.0 -5.31550515469e-197 9.87867690144e-197 -2.89656153018e-206 -1.21516547311e-197 -6.03162729071e-197 -2.92177218469e-198 4.81860202105e-196 -2.175571116e-198 4.32873268651e-198 -5.94770419935e-197 -2.22355222846e-196 9.04969637029e-196 -6.01720971721e-197 8.35755176227e-196 
-7.128866409e-205 0.0 4.77152665885e-215 -4.45554150385e-206 -5.12387273218e-204 0.0 -7.57442056014e-205 -2.22777075312e-205 -7.12886640833e-205 1.0 9.50646066884e-216 0.0 -7.39619890029e-204 2.85193820065e-215 -4.45554150624e-206 0.0 6.26962723793e-216 0.0 0.0 1.82389156013e-215 -9.35663716249e-205 1.10573425833e-214 7.97952557555e-215 -8.91108301157e-206 -3.11887905437e-205 1.97788779241e-214 2.48244680476e-214 -6.68331225901e-205 -1.33666245163e-205 8.81933987686e-215 8.54949168809e-215 8.91108301216e-206 -2.67332490351e-205 -8.91108300891e-206 0.0 1.06787702669e-214 0.0 -1.29210703679e-204 2.78583156736e-214 0.0 0.0 0.0 -1.24755162173e-204 0.0 0.0 7.12984550163e-215 -6.6833122586e-205 0.0 1.40405165119e-214 0.0 4.75323033442e-215 -4.00998735528e-205 0.0 1.61687412717e-214 0.0 0.0 -1.91588284765e-204 0.0 2.82903417425e-214 1.90129213377e-215 2.01711498872e-214 -3.20798988438e-204 8.54949168809e-215 -3.16343446939e-204 
-5.57561115672e-197 7.81686381379e-201 7.88285430846e-197 3.80187172148e-198 -1.04551018129e-195 2.6450999545e-198 -1.50755546241e-196 5.48292677038e-197 -2.93963957968e-197 9.50646066884e-216 1.0 0.0 -1.4368321288e-195 1.29877466953e-197 -9.09207260808e-198 0.0 3.86974667163e-197 6.41211876607e-215 3.04780673718e-196 0.0 -8.89621939509e-197 7.73636659774e-197 4.01467100959e-197 2.88285009881e-198 -5.0750563927e-197 2.57878886591e-197 4.48416294198e-197 -6.2827112218e-197 4.95864299966e-198 7.19315629965e-207 3.22348608239e-197 6.46260589241e-198 -5.45524356485e-197 -1.55468626143e-197 0.0 1.29095780572e-197 0.0 -2.05647356151e-196 6.81190966036e-215 0.0 0.0 1.03459659488e-196 -2.28790144367e-196 0.0 0.0 1.43863125771e-206 -5.75056438905e-197 0.0 3.86818329887e-197 0.0 1.43900888921e-197 -6.74698320359e-197 1.06868646101e-215 7.79486082251e-197 1.28939443296e-197 0.0 -3.25008890154e-196 0.0 1.03190638956e-196 1.28059508436e-196 1.18189120687e-196 -5.89843583456e-196 7.23790494318e-197 -6.2615715436e-196 
-1.11736124717e-198 4.29712328647e-199 0.0 -8.5947792202e-200 -9.88399610324e-198 0.0 -1.63300805184e-198 2.1482953196e-198 -1.46111246743e-198 0.0 0.0 1.0 -1.42673335055e-197 8.59344760202e-199 9.4526592004e-199 9.50646066884e-216 1.7186895204e-199 3.16882022295e-216 0.0 7.98970912121e-203 -1.11745446045e-198 3.16882022295e-216 9.50646066884e-216 1.20300276719e-198 -6.01634545414e-199 3.16882022295e-216 4.43634831213e-215 -1.11734793099e-198 -2.57843376606e-199 1.26752808918e-215 8.59344760202e-200 3.16882022295e-216 -5.15686753212e-199 -2.57843376606e-199 0.0 6.33764044589e-216 2.66323637374e-203 -2.49248597386e-198 0.0 0.0 8.5947792202e-200 1.97649294846e-198 -7.73783137274e-199 8.59344760202e-200 0.0 8.59344760202e-200 -9.4547897895e-199 9.50646066884e-216 5.70387640131e-215 0.0 4.43634831213e-215 -7.73530129818e-199 0.0 3.80258426754e-215 3.80258426754e-215 1.7186895204e-199 -2.23489560471e-198 6.33764044589e-216 1.90129213377e-214 1.58441011147e-215 1.37495161632e-198 -5.84450313447e-198 5.15633488485e-199 -6.10229324635e-198 
1.19819165537e-195 -7.25561784448e-197 -5.76796485626e-196 5.65981298647e-197 1.75848947698e-194 -1.60505974043e-197 1.34144465215e-195 -7.89996079751e-196 2.078826774e-195 -7.39619890029e-204 -1.4368321288e-195 -1.42673335055e-197 1.0 -2.5492084089e-196 -4.63164683908e-196 -1.59854862065e-203 -1.45018179546e-195 -2.53803421184e-197 -1.22630375369e-195 -1.27282254667e-195 2.44072890592e-195 -3.19549753502e-195 -1.61415206719e-196 5.32869874804e-197 1.03217989054e-195 -7.3636758835e-196 -1.58143806958e-195 2.01141992407e-195 3.45465461151e-196 -3.10663018571e-196 -1.33903554317e-195 -1.20829343668e-195 -2.57850172733e-195 4.08139907681e-196 -1.48706684517e-196 -4.9232541814e-197 -2.2104861902e-201 3.69803188705e-195 -7.71373834301e-196 0.0 -1.42662282624e-197 -7.32135332569e-196 3.70100641271e-195 -1.42651230194e-197 -1.25457061883e-195 -9.71105483067e-196 1.23423120185e-195 -1.0458643017e-195 -1.40334342614e-196 0.0 -5.68569898888e-196 1.16709047604e-195 -3.00518259424e-205 -3.3534562836e-196 -6.41604768659e-196 -2.85302460387e-197 5.6371499136e-195 -2.12438120739e-197 -3.80360505757e-196 -1.03247201906e-195 -2.35756793796e-195 1.06531050748e-194 -6.45372040359e-196 1.01323561238e-194 
-1.91610696967e-197 4.39052616677e-198 6.39361454798e-198 -3.43795368926e-199 -1.78754771256e-196 9.38023657655e-200 -2.86012001995e-197 2.58439341262e-197 -1.94683581792e-197 2.85193820065e-215 1.29877466953e-197 8.59344760202e-199 -2.5492084089e-196 1.0 8.74959067799e-198 0.0 4.01496579531e-198 3.09516367298e-199 1.43099804305e-197 3.40481862237e-198 -1.87489392842e-197 1.28838010644e-197 1.4992970879e-198 1.02491187022e-197 -1.03381067701e-197 1.19943668182e-198 1.43316476556e-197 -1.84210562711e-197 -3.18834348102e-198 5.88326671823e-207 2.97769767971e-198 7.97026578045e-199 -9.37527866658e-198 -4.29393160304e-198 0.0 7.87323072441e-199 0.0 -3.73533361103e-197 1.66169560271e-214 0.0 8.59344760202e-199 2.41506783381e-197 -2.49862247444e-197 8.59344760202e-199 6.80938317937e-198 5.19259947064e-198 -1.14967839466e-197 1.14522441721e-197 1.79915564054e-198 0.0 4.07974867379e-198 -1.19059606256e-197 1.81035096361e-207 2.3988733674e-198 5.9971834091e-199 1.7186895204e-198 -4.62895046392e-197 0.0 5.26675855611e-198 5.09760589773e-198 2.00114023468e-197 -1.05147549721e-196 6.69401629787e-198 -1.07715110011e-196 
-2.23478661244e-197 4.71855934302e-198 -9.10134442215e-199 -3.36832852206e-198 -3.18141724323e-196 -9.87576600442e-200 -5.94320153532e-197 4.79145087631e-197 -5.03452090695e-197 -4.45554150624e-206 -9.09207260808e-198 9.4526592004e-199 -4.63164683908e-196 8.74959067799e-198 1.0 -9.62981096782e-206 -6.82259765115e-198 -1.54758183649e-199 -7.80436521727e-198 3.25743512938e-197 -5.19273513702e-197 -1.95725046917e-197 -1.02247080213e-198 2.02250634993e-197 -1.96125300104e-197 -4.51930082337e-198 -9.65267493099e-198 -4.12339024183e-197 -9.02650685753e-198 8.8189990477e-198 -7.16915722228e-198 -7.37562347288e-198 -3.79154422688e-197 -8.61653344074e-198 1.79164680141e-197 -3.15492994381e-199 -1.33161818687e-203 -8.48680653048e-197 -4.70349898918e-198 0.0 9.45272578131e-199 1.9171949082e-197 -4.25926840857e-197 9.45279236222e-199 -4.96078958808e-198 2.71507894662e-197 -1.97387260874e-197 -9.99158766724e-199 -8.99579022501e-199 0.0 -3.61999373409e-198 -2.61818779888e-197 -1.81035096041e-207 -2.10884469317e-198 7.1366012886e-197 1.89055847244e-198 -7.48988172123e-197 2.55949543059e-198 -2.43795782141e-198 6.08019971886e-197 1.03493604331e-198 -1.94600695917e-196 2.23719853257e-198 -1.87725576235e-196 
-1.54076975482e-204 4.75323033442e-216 1.35966636834e-205 -9.62981096782e-206 -1.1074282613e-203 0.0 -1.82966408389e-204 -4.81490548348e-205 -1.54076975464e-204 0.0 0.0 9.50646066884e-216 -1.59854862065e-203 0.0 -9.62981096782e-206 1.0 3.80258426754e-215 4.75323033442e-216 0.0 9.50646066884e-216 -2.21485652256e-204 4.75323033442e-216 1.42596910033e-215 -4.36168336104e-205 -6.74086767748e-205 4.75323033442e-216 6.65452246819e-215 -1.44447164514e-204 -2.88894329035e-205 1.90129213377e-215 2.85193820065e-215 4.75323033442e-216 -5.77788658069e-205 -4.53222122875e-206 0.0 9.6298109683e-206 0.0 -2.79264518067e-204 0.0 0.0 0.0 0.0 -2.64537117357e-204 0.0 0.0 1.90129213377e-215 -1.35382722061e-204 1.42596910033e-215 5.0975897481e-206 0.0 6.65452246819e-215 -8.66682987099e-205 0.0 5.70387640131e-215 5.70387640131e-215 0.0 -4.08418913358e-204 9.50646066884e-216 1.01951795076e-205 2.37661516721e-215 9.98178370228e-215 -6.83716578714e-204 9.50646066884e-216 -6.79184357487e-204 
-1.25811608514e-196 8.74978487829e-199 1.14429345058e-197 -6.77635367843e-198 -9.91048802972e-196 1.56337276276e-200 1.85501070212e-196 -2.88655405813e-197 -1.33411010089e-196 6.26962723793e-216 3.86974667163e-197 1.7186895204e-199 -1.45018179546e-195 4.01496579531e-198 -6.82259765115e-198 3.80258426754e-215 1.0 1.54758183649e-199 4.00769525111e-197 1.62209241763e-196 -1.47410166468e-196 5.27531124149e-196 4.49788760452e-198 -4.56554281369e-197 -6.03960205067e-197 1.56462025978e-196 4.53504392932e-197 -1.23036285605e-196 -2.21571876701e-197 3.82159295013e-197 2.80133962454e-196 2.76240293649e-196 7.79797101381e-196 -2.57398639784e-197 0.0 1.83042247798e-198 0.0 -2.46938640469e-196 1.83436459164e-196 0.0 1.7186895204e-199 1.65783392154e-197 -2.41297849244e-196 1.7186895204e-199 1.63911582742e-196 2.33848353284e-198 -9.73478150602e-197 2.10124243931e-197 5.39746515641e-198 0.0 2.66445257423e-198 -7.81370990674e-197 3.41979667524e-216 7.19662009092e-198 1.79915502273e-198 3.43737904081e-199 -3.69304499903e-196 2.53505617836e-215 1.44714089082e-197 1.52928177908e-197 1.52510483465e-197 -6.31171775459e-196 1.78361955515e-197 -6.27131330096e-196 
-2.47613093838e-198 1.58441011147e-216 1.54758183649e-198 1.54758183649e-199 -1.77971911196e-197 0.0 -2.94040548933e-198 1.39282365284e-198 -2.16661457108e-198 0.0 6.41211876607e-215 3.16882022295e-216 -2.53803421184e-197 3.09516367298e-199 -1.54758183649e-199 4.75323033442e-216 1.54758183649e-199 1.0 4.64274550946e-199 1.70234002014e-198 -1.85709820379e-198 4.64274550946e-198 4.19435191776e-215 -3.09516367298e-199 -1.08330728554e-198 1.58441011147e-216 7.11887644785e-198 -2.32137275473e-198 -4.64274550946e-199 6.33764044589e-216 3.09516367298e-199 1.54758183649e-199 -9.28549101893e-199 -4.64274550946e-199 0.0 3.65118378065e-215 0.0 -1.85709820379e-198 5.12969501285e-216 0.0 0.0 2.06470224267e-214 -3.71419640757e-198 0.0 3.40468004027e-198 2.16661457108e-198 -2.98762840799e-215 5.72605279501e-198 1.05464807199e-214 0.0 1.70234002014e-198 -4.64274550946e-199 3.84727125964e-216 1.90129213377e-215 1.90129213377e-215 0.0 -4.95226187676e-198 3.16882022295e-216 4.45166291316e-214 7.92205055737e-216 6.19032734595e-199 -1.05235564881e-197 6.19032734595e-199 -1.00592819372e-197 
-5.66735165294e-197 1.56337276276e-200 7.93912438691e-197 6.31798738464e-198 -8.97345616515e-196 7.43160097471e-199 -1.27733440053e-196 3.86314145907e-197 -5.13451058372e-198 0.0 3.04780673718e-196 0.0 -1.22630375369e-195 1.43099804305e-197 -7.80436521727e-198 0.0 4.00769525111e-197 4.64274550946e-199 1.0 5.10715865213e-198 -5.93202185795e-197 9.30910632383e-197 3.51670878596e-197 -9.85116966167e-198 -4.14367530209e-197 2.6387607e-197 3.37403037609e-197 -4.37720326391e-197 9.57141309824e-198 1.20049037571e-206 3.39130809538e-197 7.09249566006e-198 -4.68261913036e-197 -1.53454612404e-197 0.0 1.32250709553e-197 0.0 -1.59061808185e-196 1.70989833762e-216 0.0 0.0 9.60256507141e-197 -1.90277497783e-196 0.0 1.02141031866e-197 6.49986682465e-198 -3.52590361724e-197 1.71782969719e-197 3.95814105e-197 0.0 1.39490358305e-197 -5.86741587902e-197 1.28242375321e-216 6.00504776985e-197 1.31938035e-197 0.0 -2.68894617919e-196 0.0 1.05628596638e-196 1.17240014349e-196 9.72622915904e-197 -5.03597381116e-196 2.66421822969e-197 -5.31455409232e-196 
-1.00490896156e-196 1.19845636818e-202 1.89430217743e-197 -4.33302169763e-198 -8.7337317632e-196 0.0 4.4219121362e-197 1.39394067106e-197 -1.2643363231e-196 1.82389156013e-215 0.0 7.98970912121e-203 -1.27282254667e-195 3.40481862237e-198 3.25743512938e-197 9.50646066884e-216 1.62209241763e-196 1.70234002014e-198 5.10715865213e-198 1.0 -1.32904172696e-196 3.26812826652e-196 3.28687483691e-214 -2.42598777633e-197 -5.41639121653e-197 8.23112316562e-197 9.88860031687e-197 -1.16065526069e-196 -2.32131052137e-197 2.82562942154e-197 1.51565035613e-196 1.49862834202e-196 4.02170002099e-196 -2.32128280495e-197 1.34373510106e-197 3.5743676577e-214 7.98970912121e-203 -1.95453570057e-196 9.87734779874e-197 0.0 3.99485456061e-203 6.92920110238e-202 -1.96408798988e-196 0.0 1.25798033837e-196 4.6868357786e-197 -6.09070082795e-197 7.50577785588e-197 5.9964650315e-214 0.0 1.87257402215e-197 -5.94252755203e-197 0.0 6.46749650867e-214 5.37494040423e-197 0.0 -2.90959362657e-196 1.91962157294e-198 2.3800636683e-214 4.79905393427e-197 6.80949869967e-198 -5.48385127729e-196 1.50407017254e-197 -5.29564675406e-196 
9.04160056351e-197 -5.75817135349e-198 -3.62094602818e-197 9.71447935038e-198 1.73536945819e-195 -1.89984613228e-198 1.19727999457e-196 -5.9059920279e-197 2.33621240036e-196 -9.35663716249e-205 -8.89621939509e-197 -1.11745446045e-198 2.44072890592e-195 -1.87489392842e-197 -5.19273513702e-197 -2.21485652256e-204 -1.47410166468e-196 -1.85709820379e-198 -5.93202185795e-197 -1.32904172696e-196 1.0 -3.02858765716e-196 -9.68152359965e-198 1.0054152278e-197 1.04795661496e-196 -7.41507948202e-197 -1.32612243831e-196 2.1455993984e-196 4.11856052371e-197 -3.79751051539e-197 -1.36324157005e-196 -1.30096135971e-196 -2.9314405372e-196 4.11553100973e-197 -1.79164680141e-197 -2.14309924539e-198 -3.0627218298e-202 3.81742237627e-196 -8.46629819401e-197 0.0 -1.11730132435e-198 -4.72741425022e-197 3.76209839498e-196 -1.11714818826e-198 -1.17496669947e-196 -1.11692243304e-196 1.39630148291e-196 -8.08895059946e-197 -5.39749944194e-198 0.0 -6.08627556334e-197 1.19824683531e-196 -3.62070192065e-206 -2.44753724461e-197 -7.34650270792e-197 -2.23429637652e-198 5.77770395424e-196 -2.55949543059e-198 -1.52530983619e-197 -9.13753305794e-197 -2.97166986229e-196 1.06559410602e-195 -6.52837312087e-197 9.79618035997e-196 
-2.83837078622e-196 1.58441011147e-216 6.62181603447e-197 -6.68870362727e-198 -2.19831563445e-195 0.0 2.37527532985e-196 -1.66716825565e-197 -2.84620397798e-196 1.10573425833e-214 7.73636659774e-197 3.16882022295e-216 -3.19549753502e-195 1.28838010644e-197 -1.95725046917e-197 4.75323033442e-216 5.27531124149e-196 4.64274550946e-198 9.30910632383e-197 3.26812826652e-196 -3.02858765716e-196 1.0 8.99577511365e-198 -9.16674258928e-197 -1.33409222796e-196 2.69808644899e-196 2.79219299701e-196 -2.73796865125e-196 -4.97217389613e-197 6.56530064586e-197 4.90982910787e-196 4.79143548105e-196 1.31380050705e-195 -5.69183590522e-197 0.0 3.59831004546e-198 0.0 -4.72483567193e-196 3.15134429769e-196 0.0 0.0 2.5188176028e-197 -5.22262529238e-196 0.0 3.77883047241e-196 6.49984371325e-197 -1.64763878698e-196 1.98042786331e-196 1.07949301364e-197 0.0 5.28693556268e-197 -1.46496914145e-196 1.49616104542e-216 1.43932401818e-197 3.59831004546e-198 0.0 -7.74355111707e-196 3.16882022295e-216 2.87864803637e-197 3.05856353864e-197 4.19599973333e-197 -1.37625611558e-195 4.66313395414e-197 -1.35639389498e-195 
-6.3388328274e-198 4.75323033442e-216 9.06459435358e-198 4.76825057316e-199 -1.17584142222e-196 2.72822388691e-199 -1.69051790313e-197 5.99963682226e-198 -2.86587050196e-198 7.97952557555e-215 4.01467100959e-197 9.50646066884e-216 -1.61415206719e-196 1.4992970879e-198 -1.02247080213e-198 1.42596910033e-215 4.49788760452e-198 4.19435191776e-215 3.51670878596e-197 3.28687483691e-214 -9.68152359965e-198 8.99577511365e-198 1.0 1.37635577574e-199 -5.65799976264e-198 2.99859172719e-198 4.63798060775e-198 -6.81811245577e-198 6.80827224293e-199 6.47400560412e-214 3.74824045444e-198 7.4964798101e-199 -6.13482481279e-198 -1.7721196957e-198 0.0 1.49929585227e-198 0.0 -2.29048219266e-197 2.26385409238e-206 0.0 0.0 1.18591829094e-197 -2.56305907551e-197 0.0 8.10527213472e-206 1.64750077136e-204 -6.27246767839e-198 1.42596910033e-215 4.49788805692e-198 0.0 1.56811510239e-198 -7.63412212697e-198 6.19838147386e-216 8.72540734129e-198 1.49929585227e-198 0.0 -3.64009468916e-197 9.50646066884e-216 1.19943668182e-197 1.46537714652e-197 1.32921141029e-197 -6.62566021709e-197 7.57020764342e-198 -7.03464831729e-197 
-6.37119579261e-199 5.96839229289e-198 -4.50073160251e-198 -8.05619973342e-199 4.23372877641e-197 4.987435945e-199 -4.64325384253e-197 4.32727268845e-197 7.08214858187e-199 -8.91108301157e-206 2.88285009881e-198 1.20300276719e-198 5.32869874804e-197 1.02491187022e-197 2.02250634993e-197 -4.36168336104e-205 -4.56554281369e-197 -3.09516367298e-199 -9.85116966167e-198 -2.42598777633e-197 1.0054152278e-197 -9.16674258928e-197 1.37635577574e-199 1.0 2.29219952487e-198 -2.47169315766e-197 -1.08886212323e-197 5.85032608618e-198 -2.59902481228e-199 -6.61192377757e-198 -4.32468789122e-197 -4.30349858056e-197 -1.25691559694e-196 1.98364421103e-198 1.79164680141e-198 -6.93521142844e-199 -7.98970912121e-203 5.07597492974e-199 -2.8220993876e-197 0.0 1.20304271574e-198 2.61065657237e-197 3.37802478736e-197 1.20308266428e-198 -3.12470404078e-197 -9.42608173199e-198 2.02851069833e-198 -1.32927875012e-197 -1.79916285106e-198 0.0 -8.1097595027e-198 3.19815635836e-198 -1.08621057605e-206 3.05757411593e-198 6.56686886473e-198 2.40616532857e-198 3.78984920785e-197 2.55949543059e-199 -5.03225331287e-198 5.12064579888e-198 -2.03379172484e-197 3.37638830578e-197 1.69697228255e-197 1.47409965285e-197 
4.81801192392e-197 -3.06256452731e-198 -2.18847816353e-197 2.75234691657e-198 7.32064676197e-196 -6.91303620309e-199 5.49508149951e-197 -3.19843157667e-197 9.0706640663e-197 -3.11887905437e-205 -5.0750563927e-197 -6.01634545414e-199 1.03217989054e-195 -1.03381067701e-197 -1.96125300104e-197 -6.74086767748e-205 -6.03960205067e-197 -1.08330728554e-198 -4.14367530209e-197 -5.41639121653e-197 1.04795661496e-196 -1.33409222796e-196 -5.65799976264e-198 2.29219952487e-198 1.0 -3.04356690817e-197 -6.7568724517e-197 8.61880654266e-197 1.55065325397e-197 -1.35161723254e-197 -5.59033006894e-197 -5.13295051397e-197 -1.11022526501e-196 1.71769097754e-197 -6.27076380494e-198 -1.60873261975e-198 -9.32132730808e-203 1.54819194072e-196 -3.29244929243e-197 0.0 -6.01587938778e-199 -2.76237357109e-197 1.54679174891e-196 -6.01541332141e-199 -5.35378185314e-197 -4.29104667002e-197 5.29066850379e-197 -4.46186941967e-197 -4.49789813478e-198 0.0 -2.50400969682e-197 4.86050673195e-197 -1.26724567229e-206 -1.23630394885e-197 -2.6582351072e-197 -1.20308266428e-198 2.36374997206e-196 -8.95823400705e-199 -1.22679580226e-197 -3.95956991524e-197 -1.04353214252e-196 4.4513455915e-196 -2.73507270157e-197 4.19654991128e-196 
-6.29917656459e-197 1.58441011147e-216 6.59690175001e-198 -3.31986414155e-198 -5.04041264825e-196 0.0 9.6233232553e-197 -1.7199039026e-197 -6.5433465452e-197 1.97788779241e-214 2.57878886591e-197 3.16882022295e-216 -7.3636758835e-196 1.19943668182e-198 -4.51930082337e-198 4.75323033442e-216 1.56462025978e-196 1.58441011147e-216 2.6387607e-197 8.23112316562e-197 -7.41507948202e-197 2.69808644899e-196 2.99859172719e-198 -2.47169315766e-197 -3.04356690817e-197 1.0 1.95979122991e-197 -6.11926106005e-197 -1.05593107656e-197 1.95979122991e-197 1.44103560258e-196 1.41704686894e-196 4.0011868318e-196 -1.29581841292e-197 0.0 1.19943668182e-198 0.0 -1.25662258809e-196 9.40699790583e-197 0.0 0.0 8.39605677274e-198 -1.24141549691e-196 0.0 8.23112316562e-197 7.76360954622e-215 -4.9433863221e-197 7.83916491964e-198 3.59831004546e-198 0.0 5.9971834091e-199 -4.00739890694e-197 0.0 4.79774677256e-198 1.19943668182e-198 0.0 -1.88932470359e-196 3.16882022295e-216 9.59549345456e-198 1.01952117955e-197 7.79633843183e-198 -3.20591912487e-196 8.43888326055e-198 -3.19071203436e-196 
