64 6 3
0.02 0.02 0.02 0.1 0.78 0.06 
0.76 0.04 0.06 0.02 0.08 0.04 
0.06 0.66 0.06 0.06 0.14 0.02 
16.0 4.23789334052e-206 4.2258476278e-210 1.0 115.0 4.21502278764e-206 19.0 5.0 17.0 7.33426053307e-211 4.21767758431e-206 1.52421634322e-208 166.0 5.08014524664e-205 1.0 1.5470918126e-210 8.23102756811e-204 2.94153328077e-212 8.65769043629e-206 4.40035803491e-204 23.0 1.3995668702e-203 6.75774085731e-210 6.0 7.0 4.17780066819e-204 1.09540999742e-204 15.0 3.0 1.04445483587e-204 7.52225021142e-204 7.60882526063e-204 6.0 3.0 2.05025588207e-211 8.43020032926e-206 1.52392251527e-208 29.0 5.01336087035e-204 0.0 7.62253839928e-209 9.53915384847e-206 28.0 2.92582291864e-212 4.38915063758e-204 2.2175808571e-207 15.0 4.30990519359e-205 1.4189762738e-209 0.0 1.68698559968e-205 9.0 3.69884439826e-212 1.63172136296e-210 8.7950199645e-211 5.85164583728e-212 45.0 2.94139351049e-212 2.10753767508e-205 2.5615448588e-210 5.08010099556e-205 72.0 4.20134976811e-205 71.0 
156.0 4.23789334052e-206 17.0 17.0 2.0 4.21502278764e-206 9.69325233818e-204 3.92705240197e-205 7.0 8.0 4.21767758431e-206 1.52421634322e-208 113.0 5.08014524664e-205 9.66175586102e-211 1.5470918126e-210 11.0 2.94153328077e-212 8.65769043629e-206 32.0 51.0 194.0 140.0 20.0 5.8652750177e-212 322.0 152.0 36.0 1.0 63.0 150.0 13.0 2.27690102911e-203 72.0 2.05025588207e-211 154.0 1.52392251527e-208 13.0 347.0 0.0 7.62253839928e-209 9.53915384847e-206 21.0 2.92582291864e-212 4.38915063758e-204 2.2175808571e-207 66.0 4.30990519359e-205 238.0 0.0 1.68698559968e-205 2.28714057249e-210 3.69884439826e-212 267.0 8.7950199645e-211 5.85164583728e-212 47.0 2.94139351049e-212 21.0 2.5615448588e-210 37.0 118.0 150.0 4.0 
4.70640096189e-205 4.23789334052e-206 4.2258476278e-210 2.26769890559e-211 1.26147441417e-204 4.21502278764e-206 4.0 29.0 304.0 7.33426053307e-211 50.0 1.52421634322e-208 19.0 16.0 9.66175586102e-211 1.5470918126e-210 16.0 18.0 6.0 4.40035803491e-204 11.0 7.0 29.0 9.0 5.8652750177e-212 4.17780066819e-204 1.09540999742e-204 56.0 1.4694222649e-211 1.04445483587e-204 30.0 17.0 2.27690102911e-203 42.0 2.05025588207e-211 26.0 1.52392251527e-208 2.0 4.0 0.0 7.62253839928e-209 161.0 2.203646492e-207 2.92582291864e-212 4.38915063758e-204 2.2175808571e-207 9.0 4.30990519359e-205 60.0 0.0 119.0 15.0 3.0 1.63172136296e-210 8.7950199645e-211 5.85164583728e-212 65.0 2.94139351049e-212 273.0 2.5615448588e-210 9.0 33.0 4.20134976811e-205 10.0 
6.8 1.0 5.0 0.8 4.51523576016e-210 0.2 1.0 16.8 4.6 2.62517535523e-216 14.4 0.2 3.0 2.8 6.6 5.53755525919e-216 1.8 0.2 11.0 5.2 9.0 8.4 1.6 9.6 0.4 0.8 12.6 2.8 1.0 0.8 1.6 0.4 8.14978475467e-209 0.6 1.4 0.4 5.45462465144e-214 5.2 1.79444830796e-209 0.0 0.2 8.4 6.8 0.2 4.6 5.4 8.4 7.8 1.2 0.0 3.0 2.0 1.32393921833e-217 3.6 6.0 0.4 12.4 0.2 3.2 9.8 9.2 4.4 7.2 2.8 
0.769230769231 0.102564102564 0.128205128205 0.025641025641 0.74358974359 0.025641025641 1.48717948718 2.12820512821 0.769230769231 0.0512820512821 0.153846153846 0.0512820512821 0.871794871795 0.641025641026 1.45547440209e-216 0.0512820512821 1.76923076923 4.43120945576e-218 0.205128205128 0.974358974359 1.20512820513 1.76923076923 0.153846153846 0.641025641026 8.83561722352e-218 0.538461538462 0.435897435897 6.18952134202e-217 2.21357952239e-217 0.358974358974 1.10256410256 1.82051282051 2.79487179487 0.282051282051 3.08856381492e-217 0.102564102564 0.0512820512821 1.15012678229e-216 0.666666666667 0.0 0.025641025641 0.512820512821 0.128205128205 4.40754291911e-218 0.948717948718 0.538461538462 0.538461538462 0.230769230769 0.153846153846 0.0 0.666666666667 0.0512820512821 0.025641025641 0.0769230769231 1.32490683975e-216 8.81508583822e-218 1.84615384615 4.43099890184e-218 0.230769230769 0.102564102564 0.871794871795 0.538461538462 0.128205128205 0.153846153846 
11.6666666667 0.333333333333 2.66666666667 1.0 1.30546517894e-207 4.36201116401e-209 4.0 3.0 26.6666666667 1.0 0.666666666667 0.666666666667 11.3333333333 2.0 9.99868542902e-214 1.0 2.66666666667 0.333333333333 8.95960573414e-209 0.666666666667 5.66666666667 0.333333333333 1.0 3.0 6.0698118127e-215 1.33333333333 16.0 3.0 1.66666666667 6.0 2.0 0.333333333333 1.66666666667 0.333333333333 2.1217534275e-214 2.0 1.57706550109e-211 3.0 5.66666666667 0.0 7.88835535915e-212 9.87180797795e-209 2.66666666667 3.02785367435e-215 4.54221128716e-207 11.6666666667 3.66666666667 1.0 6.33333333333 0.0 11.3333333333 2.66666666667 3.82783234446e-215 4.66666666667 4.0 6.0557073487e-215 6.66666666667 0.666666666667 39.0 3.0 43.0 4.33333333333 0.666666666667 11.0 
0.368421052632 0.157894736842 1.21052631579 0.0789473684211 4.10293816178e-222 0.184210526316 0.868421052632 3.28947368421 2.57894736842 0.184210526316 0.736842105263 0.0526315789474 0.710526315789 2.57894736842 0.0263157894737 0.263157894737 0.710526315789 0.605263157895 0.657894736842 0.105263157895 5.15789473684 0.631578947368 2.42105263158 2.55263157895 0.0263157894737 4.67873781557e-220 2.08322980339e-221 0.684210526316 4.92799473059e-221 0.131578947368 0.473684210526 1.55263157895 0.0263157894737 1.60526315789 3.87298959996e-225 0.0263157894737 0.0 0.631578947368 0.342105263158 8.20771855871e-222 0.0 4.15789473684 4.60526315789 0.0789473684211 0.131578947368 0.0263157894737 2.13157894737 3.68421052632 0.289473684211 0.0 0.5 1.5 0.0263157894737 1.23682028822e-224 0.105263157895 0.0 7.57894736842 0.0789473684211 0.947368421053 1.23684210526 0.236842105263 2.15789473684 0.921052631579 2.94736842105 
2.5 129.5 54.0 99.5 0.5 1.42729125824e-202 6.5 14.0 9.0 65.5 4.18535576482e-202 4.5 1.0 1.5 7.5 12.5 32.5 2.5 100.5 0.5 17.0 27.0 15.0 18.0 179.5 5.55439656691e-212 177.5 3.0 37.0 182.0 43.5 16.0 1.67414206178e-203 17.5 3.5 19.0 0.0 39.0 1.5 2.5 0.0 1.5 120.0 16.0 2.72269022015e-203 2.0 39.5 0.5 31.5 0.0 15.5 14.0 2.76362218257e-210 12.5 7.25184603071e-203 0.0 16.0 1.01122629755e-207 9.5 8.20080374158e-202 2.0 5.5 13.0 95.5 
34.6666666667 0.666666666667 34.6666666667 5.0 4.24156754594e-215 2.66666666667 12.6666666667 31.3333333333 3.0 2.33333333333 2.33333333333 1.69808820864e-209 12.0 3.0 4.77717970393e-211 1.66666666667 0.666666666667 0.666666666667 3.24687363556e-203 3.0 19.3333333333 0.333333333333 2.0 78.0 1.33333333333 9.33333333333 7.66666666667 33.6666666667 0.666666666667 0.333333333333 0.333333333333 3.0 0.333333333333 12.0 4.00384952081e-218 0.666666666667 0.0 32.0 1.33333333333 8.48503957217e-215 0.0 1.77798511945e-202 21.0 1.0 2.37094496234e-204 23.0 45.6666666667 1.66666666667 4.0 0.0 8.0 8.0 2.40658891089e-211 1.27860976398e-217 6.31497762286e-204 0.0 34.6666666667 6.33333333333 6.33333333333 4.0 5.33333333333 50.6666666667 1.66666666667 17.3333333333 
7.57934543928e-200 1.6548287992e-200 61.0 12.0 1.8367654765e-211 5.38224133924e-200 1.0 41.0 4.25911552054e-199 3.13133854679e-200 1.57827596062e-199 7.35338943417e-206 13.0 81.0 2.06870659494e-207 3.44023921735e-200 1.26567623027e-199 3.0 1.4060239135e-199 15.0 47.0 1.23203492173e-199 5.0 51.0 10.0 2.09453414952e-209 9.32601085269e-211 88.0 9.0 6.8368576902e-201 9.54051104679e-200 2.30718735735e-199 6.3131029218e-201 12.0 1.73382422731e-214 4.60784936796e-201 0.0 59.0 8.0 3.67435566781e-211 0.0 110.0 16.0 1.43423005035e-200 1.02671236667e-200 3.61908060323e-208 35.0 1.22806611492e-198 4.39647705532e-200 0.0 1.0 2.52009437498e-199 1.0421475975e-207 5.53688287868e-214 2.73463354217e-200 0.0 43.0 3.81328194269e-205 1.51610416279e-199 3.09248057522e-199 4.758180166e-200 72.0 200.0 7.0 
3.29394237109e-206 15.75 3.5 3.5 0.25 2.75 33.5 95.75 26.25 1.36086272887e-206 39.25 3.19574311824e-212 6.5 30.75 19.25 1.0 55.25 4.63108381712e-206 5.25 3.75 61.0 23.75 13.75 58.25 0.25 28.5 1.25 9.25 3.0 2.97126122715e-207 26.75 64.75 1.25 5.75 7.53510594299e-221 4.75 0.0 1.5 37.5 0.5 0.0 2.25 40.0 24.25 0.25 1.5 9.5 4.5 12.75 0.0 6.75 1.0 16.0 2.40629923309e-220 59.75 0.0 101.75 25.0 12.0 56.25 0.5 15.25 24.0 11.25 
1.2128117058e-201 2.64798029703e-202 4.1795356918e-201 8.21438635672e-203 2.9391069302e-213 8.61241297413e-202 181.0 59.5 3.5 6.5 2.52548399509e-201 1.1766552738e-207 2.49637357728e-201 52.5 3.310248351e-209 5.5049112446e-202 14.0 1.70513992996e-201 2.24985425798e-201 3.28574190428e-202 8.0 2.0 3.0 32.0 2.0 3.35157640601e-211 1.49230500459e-212 2.25837158172e-201 0.5 1.09400225969e-202 7.0 27.0 10.5 5.83606235849e-201 2.5 7.37326685634e-203 0.0 2.20062267436e-201 2.0 5.87953353082e-213 0.0 54.5 18.0 2.29498841002e-202 1.64289751241e-202 5.79108493601e-210 5.66299089854e-201 1.965094442e-200 3.0 0.0 1.5 4.03253814221e-201 1.66759625292e-209 8.85986319359e-216 4.37583376768e-202 0.0 32.0 6.10183691278e-207 2.5 4.94844399378e-201 7.61381922734e-202 6.7087696465e-201 3.87508453807e-201 1.0 
1.40108119819e-206 41.0 0.333333333333 0.666666666667 2.66666666667 2.62938915299e-211 11.3333333333 6.0 6.66666666667 2.0 8.91909968403e-204 28.6666666667 7.0 4.0 6.0 25.0 12.0 1.0 1.83920343918e-210 0.333333333333 4.0 2.66666666667 0.666666666667 8.66666666667 2.0 0.0 0.0 0.333333333333 1.0 5.03253945858e-206 4.66666666667 12.6666666667 1.33333333333 3.0 8.33333333333 0.666666666667 3.76882747468e-202 1.45759367367e-202 0.666666666667 1.33333333333 5.0 2.33333333333 13.3333333333 23.6666666667 4.33333333333 0.0 2.66666666667 6.41016208387e-203 1.66666666667 2.20103281644e-203 1.33333333333 3.94014517363e-210 0.333333333333 1.06820135832e-216 0.0 0.333333333333 11.0 0.0 2.0 1.05106560363e-210 5.25532801814e-211 1.33333333333 0.666666666667 3.33333333333 
0.0606060606061 1.18181818182 1.0 0.606060606061 0.0606060606061 4.89599907189e-220 2.30303030303 2.78787878788 1.84848484848 0.333333333333 0.030303030303 1.45454545455 0.575757575758 0.939393939394 0.909090909091 0.909090909091 2.21212121212 0.393939393939 3.42465029226e-219 1.66666666667 2.09090909091 0.484848484848 0.393939393939 2.72727272727 0.272727272727 0.0 0.0 1.87878787879 0.151515151515 0.0909090909091 0.848484848485 3.93939393939 0.0606060606061 0.909090909091 0.969696969697 3.96268901088e-218 1.45454545455 0.909090909091 0.242424242424 0.242424242424 4.33333333333 0.0909090909091 2.48484848485 1.87878787879 1.54545454545 0.0 1.15151515152 0.242424242424 0.272727272727 0.818181818182 0.0606060606061 7.3366649023e-219 1.60606060606 1.98902199509e-225 0.0 1.24242424242 3.48484848485 0.0 0.515151515152 1.9571147215e-219 9.78557360751e-220 1.06060606061 1.24242424242 0.484848484848 
1.69339819864e-207 14.6666666667 11.3333333333 13.6666666667 9.85980935484e-205 107.666666667 7.33333333333 18.3333333333 15.3333333333 2.33333333333 1.07799514817e-204 16.0 1.43965100267e-203 8.66666666667 117.0 14.0 20.6666666667 17.6666666667 2.22292883158e-211 2.33333333333 23.6666666667 9.33333333333 28.6666666667 16.3333333333 10.6666666667 0.0 0.0 10.3333333333 83.0 6.08251203768e-207 10.3333333333 18.0 2.08720431204e-205 1.66666666667 85.0 2.0 4.55514331708e-203 32.6666666667 4.0 3.0 3.0 1.33333333333 28.3333333333 24.6666666667 0.333333333333 0.0 7.33333333333 11.6666666667 11.3333333333 2.0 4.33333333333 33.0 0.666666666667 0.666666666667 0.0 45.6666666667 19.3333333333 0.0 9.0 1.27035649478e-211 6.35178247392e-212 18.0 5.66666666667 29.6666666667 
2.7266152264e-206 6.66666666667 1.04124167159e-202 6.07789980355e-203 1.58757144881e-203 5.11700000679e-211 0.333333333333 1.66666666667 2.33333333333 4.60966622685e-203 1.73572759635e-203 5.33333333333 2.31804565975e-202 0.333333333333 24.0 13.6666666667 5.0 2.55197728705e-203 3.57923588454e-210 6.47326890712e-202 3.44429328861e-202 0.333333333333 0.333333333333 2.91994494039e-202 4.97547906313e-203 0.0 0.0 8.69961010681e-202 0.333333333333 9.79372125822e-206 1.0 9.33333333333 3.36069984152e-204 1.0 2.07632882545e-202 4.14156118043e-209 7.3344374269e-202 2.83659298951e-202 1.54631127081e-203 2.66666666667 48.3333333333 1.75869038731e-203 1.66666666667 4.33333333333 7.31236415387e-202 0.0 1.47424292504e-202 1.24746842397e-202 3.33333333333 76.0 1.16659789365e-205 7.66783526787e-210 23.6666666667 2.07880463475e-216 0.0 32.6666666667 2.66666666667 0.0 3.66666666667 2.04545709592e-210 1.02272854796e-210 1.95346788008e-202 6.44518600386e-202 3.0 
0.428571428571 10.5714285714 17.5714285714 11.7142857143 2.14285714286 0.142857142857 3.0 12.8571428571 8.85714285714 21.2857142857 0.285714285714 2.14285714286 1.42857142857 19.4285714286 1.71428571429 12.2857142857 34.1428571429 16.2857142857 1.0 5.85714285714 4.28571428571 16.1428571429 4.28571428571 21.4285714286 21.0 0.0 0.0 4.57142857143 25.4285714286 3.90894081253e-212 23.5714285714 27.7142857143 0.571428571429 7.42857142857 5.0 11.5714285714 0.285714285714 8.71428571429 5.28571428571 10.0 1.14285714286 1.28571428571 18.8571428571 16.2857142857 4.14285714286 0.0 5.85714285714 9.0 7.85714285714 1.70961540922e-209 1.14285714286 2.14285714286 14.5714285714 8.29707530344e-223 0.0 3.42857142857 10.2857142857 0.0 5.71428571429 0.571428571429 0.285714285714 6.85714285714 5.14285714286 7.28571428571 
3.00958981444e-203 3.0 23.0 10.0 1.75233337501e-200 5.64805439061e-208 21.0 6.0 47.0 93.0 1.91586551855e-200 10.0 2.55861793019e-199 7.0 5.52636801344e-200 35.0 50.0 349.0 3.9506974645e-207 5.0 13.0 72.0 75.0 142.0 205.0 0.0 0.0 2.0 43.0 1.08101368535e-202 31.0 50.0 3.70948123319e-201 102.0 2.29181515015e-199 61.0 8.09562271968e-199 32.0 12.0 38.0 7.48436368478e-199 7.0 50.0 2.82933784789e-199 104.0 0.0 26.0 36.0 9.0 4.72792437309e-200 1.28767018694e-202 34.0 12.0 2.29454790481e-213 0.0 2.01170656496e-199 35.0 0.0 27.0 2.2577394794e-207 1.1288697397e-207 11.0 16.0 40.0 
1.0 -4.25161303189e-205 -6.30569441202e-209 3.58355641016e-204 3.95307924612e-202 -4.21502103552e-205 -7.68896639357e-203 1.39634803736e-203 5.87600231086e-203 -1.17343543628e-209 -4.21786371968e-205 -2.43865762707e-207 5.84783762996e-202 -5.08461018829e-204 3.58355114607e-204 -2.47523479133e-209 -1.23043925259e-202 -4.70271628839e-211 -8.70607353451e-205 -6.59661970484e-203 6.62277869895e-203 -2.09935065883e-202 -1.05641004747e-208 2.15010599599e-203 2.50849153951e-203 -6.26670095776e-203 -1.61939778471e-203 5.37533878705e-203 1.07506771717e-203 -1.56668258013e-203 -1.1282715556e-202 -1.13697745693e-202 -3.20033797961e-202 1.02762687903e-203 -1.23015352924e-210 -8.4302913776e-205 -2.43827602444e-207 1.03923212794e-202 -7.52004135476e-203 0.0 -1.2195183692e-207 -9.7642358303e-205 1.00313215762e-202 -3.80356979423e-211 -6.58309137454e-203 -2.66714183488e-206 4.17976753821e-203 -6.42523086662e-204 -2.25333870718e-208 0.0 -1.6875705448e-204 3.22519993295e-203 -5.91815103722e-211 -2.0264744116e-209 -5.33865379882e-210 -7.60713958846e-211 1.53122035375e-202 -1.76981872074e-211 -2.1075497592e-204 -2.63027485061e-209 -5.08452815834e-204 2.56672239404e-202 -6.29556396303e-204 2.52325191551e-202 
-4.25161303189e-205 1.0 0.0 -4.23789334052e-206 -4.45207535485e-204 4.21501986745e-206 -7.2089933735e-205 1.67461510339e-205 -5.09690871713e-205 0.0 4.21501986745e-206 4.57323170293e-208 -6.65555115626e-204 5.05803847005e-205 -4.23771779114e-206 1.86848041654e-214 8.43006904295e-206 6.22826805515e-215 8.43003973489e-206 1.37153038831e-207 -9.32563806235e-205 6.22826805515e-215 1.86848041654e-214 -2.54270674421e-205 -2.96652533836e-205 6.22826805515e-215 4.21501995464e-206 -6.35683708122e-205 -1.27136800216e-205 2.49130722206e-214 1.46664842015e-211 8.43003974112e-206 -2.54273600431e-205 -8.49866014788e-206 0.0 8.43003974735e-206 4.57176754582e-208 -1.22898906875e-204 0.0 0.0 2.28734668437e-208 8.43037620453e-206 -1.18660735544e-204 1.46291145932e-211 0.0 1.46540276654e-211 -3.82782223804e-205 1.86848041654e-214 1.12108824993e-213 0.0 1.6860079557e-205 -3.81410400584e-205 0.0 7.47392166618e-214 7.47392166618e-214 2.92582291864e-211 -1.73844842801e-204 1.24565361103e-214 2.10750997109e-205 3.11413402757e-214 5.0580472606e-205 -2.92483202374e-204 4.58054626023e-208 -2.79815327827e-204 
-6.30569441202e-209 0.0 1.0 -2.99212261593e-210 -4.82982077533e-208 8.76058485574e-212 -7.92004703539e-209 -1.22756700904e-209 -6.05434838511e-209 1.50399117702e-213 1.64128232788e-209 0.0 -6.9542074636e-208 1.2351987236e-210 -3.61077086318e-210 2.18756650454e-210 3.15300265544e-210 2.93517677034e-211 1.57752446721e-209 3.66807375122e-210 -8.74230143972e-209 1.26768138757e-209 1.87592402565e-210 -1.59960009412e-209 -2.89357586286e-209 1.29223383311e-210 1.50082320879e-209 -5.97501094512e-209 -1.10621142542e-209 1.22712889617e-211 2.20015394582e-210 6.16120805359e-211 -2.53525952639e-209 -7.80452358939e-210 2.05025588207e-211 2.83492019431e-210 0.0 -1.14654984203e-208 3.16870441155e-211 0.0 0.0 4.95425260495e-210 -1.15653266114e-208 0.0 6.48667826448e-210 7.45858866625e-210 -5.05308684235e-209 1.09187327897e-209 1.93631065902e-210 0.0 4.12706283435e-210 -3.36890327939e-209 0.0 3.45807713536e-210 1.46527711885e-210 0.0 -1.76154893838e-208 2.92893697438e-212 5.49779774869e-210 6.83145309703e-210 6.52555535433e-210 -2.97846748488e-208 3.68698598178e-210 -2.9496781226e-208 
3.58355641016e-204 -4.23789334052e-206 -2.99212261593e-210 1.0 2.7878058392e-203 -4.21502278764e-206 -4.87889434746e-204 8.74232318488e-205 4.09242121688e-204 -7.32856000726e-211 -4.21742534227e-206 -1.52421634322e-208 4.12629130541e-203 -5.08014288832e-205 2.53386275617e-205 -1.5470918126e-210 -8.23102704825e-204 2.9288202599e-212 -8.65741475532e-206 -4.40035738913e-204 4.73249186857e-204 -1.39956662368e-203 -6.35508400156e-210 1.52030498596e-204 1.7737107512e-204 -4.17780043263e-204 -1.09540729052e-204 3.8008088618e-204 7.60161872633e-205 -1.04445483374e-204 -7.52224980057e-204 -7.60882492481e-204 -2.12486868394e-203 7.13604150003e-205 -2.05025588207e-211 -8.43018850544e-206 -1.52392251527e-208 7.34823077492e-204 -5.01336086675e-204 0.0 -7.62253839928e-209 -9.53907173531e-206 7.09263959353e-204 -2.92582291864e-212 -4.38914934611e-204 -2.21675620579e-207 2.91901729739e-204 -4.30988347328e-205 -1.37281481476e-209 0.0 -1.68697853709e-205 2.28048330118e-204 -3.69884439826e-212 -1.16180639134e-210 -7.62197493536e-211 -5.85164583728e-212 1.08006011665e-203 -2.94139351049e-212 -2.107528184e-205 -1.56370943316e-210 -5.0800909512e-205 1.81108044011e-203 -4.20134683163e-205 1.7779742562e-203 
3.95307924612e-202 -4.45207535485e-204 -4.82982077533e-208 2.7878058392e-203 1.0 -4.42577421904e-204 -5.45761648951e-202 9.80492606801e-203 4.51299992625e-202 -8.43439949904e-209 -4.42882723521e-204 -1.7528487947e-206 4.5413035428e-201 -5.33592434049e-203 2.78779733604e-203 -1.77915558449e-208 -9.13138321775e-202 -3.38276327288e-210 -9.10893697473e-204 -4.88467994546e-202 5.19839955749e-202 -1.55351937799e-201 -7.76642923122e-208 1.67266295664e-202 1.95146584549e-202 -4.63735876131e-202 -1.21355233425e-202 4.18171219808e-202 8.36342365133e-203 -1.15934497978e-202 -8.34974210875e-202 -8.44082925095e-202 -2.36009163549e-201 7.87104210213e-203 -2.35779426438e-209 -8.85172640514e-204 -1.75251089256e-206 8.08464361846e-202 -5.56483059337e-202 0.0 -8.76591915918e-207 -1.01050076847e-203 7.80337348882e-202 -3.36469635643e-210 -4.87201160007e-202 -2.50608608962e-205 3.21805185555e-202 -4.78663713838e-203 -1.63182268096e-207 0.0 -1.77143001054e-203 2.50902503195e-202 -4.21668282776e-210 -1.86653407655e-208 -1.01142729592e-208 -6.72939271287e-210 1.18869175862e-201 -3.38260253706e-210 -2.21291733297e-203 -2.94577658762e-208 -5.33587337144e-203 1.9931958614e-201 -4.66399992584e-203 1.9572150118e-201 
-4.21502103552e-205 4.21501986745e-206 8.76058485574e-212 -4.21502278764e-206 -4.42577421904e-204 1.0 -7.16553903101e-205 1.68601115919e-205 -5.05802851325e-205 0.0 4.2151045531e-206 0.0 -6.61758595181e-204 5.05802384094e-205 -4.21502278764e-206 0.0 8.43003973489e-206 0.0 8.43006309645e-206 0.0 -9.27304925675e-205 0.0 8.76058485574e-212 -2.52901016835e-205 -2.95051595135e-205 0.0 4.21506951076e-206 -6.32253388944e-205 -1.26450683629e-205 0.0 0.0 8.43003973489e-206 -2.52901367258e-205 -8.43004265509e-206 0.0 8.43003973489e-206 0.0 -1.22235660842e-204 0.0 0.0 0.0 8.43005433587e-206 -1.18020638054e-204 0.0 0.0 0.0 -3.79352138494e-205 0.0 0.0 0.0 1.68600882304e-205 -3.79351963282e-205 0.0 2.92019495191e-211 0.0 0.0 -1.72815931373e-204 0.0 2.10750993372e-205 2.04413646634e-211 5.05802763719e-205 -2.90836566507e-204 7.30048737978e-211 -2.78191518585e-204 
-7.68896639357e-203 -7.2089933735e-205 -7.92004703539e-209 -4.87889434746e-204 -5.45761648951e-202 -7.16553903101e-205 1.0 -3.10971321105e-203 -8.66077320498e-203 -1.2466376169e-209 -7.17053712234e-205 -2.89601105212e-207 -8.05107255325e-202 -8.640670983e-204 -4.87890817774e-204 -2.93947444394e-209 2.18527742533e-202 -5.5888619365e-211 -1.47635628353e-204 1.18180940353e-202 -8.48983889914e-203 3.7788128394e-202 -1.27065519653e-208 -2.9273693979e-203 -3.41522339868e-203 1.1280059061e-202 2.73162115819e-203 -7.31833633397e-203 -1.46366736547e-203 2.82000588575e-203 2.02999090841e-202 2.01522797877e-202 5.85489935236e-202 -1.54369669345e-203 -3.69046058772e-210 -1.43313708891e-204 -2.89545277902e-207 -1.41487836341e-202 1.35360706919e-202 0.0 -1.44828229586e-207 -1.64383705876e-204 -1.36650800737e-202 -5.55906354541e-211 1.18393880529e-202 -4.21334923934e-206 -6.06047967344e-203 1.10290604362e-203 -2.59640811634e-208 0.0 -2.86798773187e-204 -4.39100571942e-203 -6.65791350475e-211 -2.90108540421e-209 -1.57144788253e-209 -1.11181270908e-210 -2.11429679928e-202 -5.29575397249e-211 -3.5828181456e-204 -4.62340834113e-209 -8.64058166067e-204 -3.53555684349e-202 1.12353165041e-203 -3.49984009084e-202 
1.39634803736e-203 1.67461510339e-205 -1.22756700904e-209 8.74232318488e-205 9.80492606801e-203 1.68601115919e-205 -3.10971321105e-203 1.0 1.57093192157e-203 -3.66713026654e-210 1.6849581594e-205 -7.61229303646e-208 1.44553074179e-202 2.02539665932e-204 8.74247030853e-205 -7.73377743062e-210 -4.03964156279e-203 2.64445818222e-211 3.39265480486e-205 -2.19225234571e-203 1.50624796079e-203 -6.99782191774e-203 -1.46371730915e-209 5.24534027272e-204 6.11962495293e-204 -2.08890017874e-203 -5.04483100278e-204 1.31134846144e-203 2.62269689282e-204 -5.22227032436e-204 -3.75980232641e-203 -3.72588404209e-203 -1.0859965884e-202 2.79567893131e-204 2.05025588207e-210 3.37194088722e-205 -7.61961257637e-208 2.53527365196e-203 -2.50668038545e-203 0.0 -3.80249173089e-208 3.48055243405e-205 2.44807133396e-203 7.31455729659e-211 -2.19317718878e-203 2.17177765292e-207 1.09938576375e-203 -2.07568154896e-204 -5.23484989868e-209 0.0 6.7401950854e-205 7.86808161962e-204 -1.10959561041e-211 -2.63885387772e-211 8.43862210276e-210 1.46291145932e-210 3.79412375226e-203 2.93391958882e-211 8.42995422557e-205 8.06128710054e-210 2.02542524463e-204 6.34570188757e-203 -2.08744686749e-204 6.29134830056e-203 
5.87600231086e-203 -5.09690871713e-205 -6.05434838511e-209 4.09242121688e-204 4.51299992625e-202 -5.05802851325e-205 -8.66077320498e-203 1.57093192157e-203 1.0 -1.17284626507e-209 -5.06229384217e-205 -2.59116217803e-207 6.67654233818e-202 -6.10283022201e-204 4.09240734994e-204 -2.47452476877e-209 -1.3950595823e-202 -4.08812777174e-211 -1.04587711066e-204 -7.47796668807e-203 7.57320458228e-203 -2.37926358602e-202 -1.09235367487e-208 2.45542226588e-203 2.86469665417e-203 -7.10226076291e-203 -1.83936020319e-203 6.13863558219e-203 1.22772716236e-203 -1.77557319658e-203 -1.27873847336e-202 -1.28919718337e-202 -3.62518632288e-202 1.17053517018e-203 -3.48543499951e-210 -1.01162939297e-204 -2.59066827596e-207 1.18680283012e-202 -8.52271332668e-203 0.0 -1.29583152788e-207 -1.1781306323e-204 1.14554810305e-202 -4.97389896168e-211 -7.46111532677e-203 -3.32883602782e-206 4.76647963075e-203 -7.30041703286e-204 -2.34467492405e-208 0.0 -2.02486845216e-204 3.68317802716e-203 -5.91750341322e-211 -1.99680152594e-209 -1.38035085145e-209 -9.94779792337e-211 1.74801874343e-202 -4.94431455534e-211 -2.52904752351e-204 -3.20125944661e-209 -6.10274815758e-204 2.93037669129e-202 -7.13788990712e-204 2.88033059643e-202 
-1.17343543628e-209 0.0 1.50399117702e-213 -7.32856000726e-211 -8.43439949904e-209 0.0 -1.2466376169e-209 -3.66713026654e-210 -1.17284626507e-209 1.0 3.73575438277e-214 0.0 -1.21748473655e-208 1.12072631483e-213 -7.33426053307e-211 0.0 6.26962723793e-216 0.0 0.0 1.82389156013e-215 -1.54006116771e-209 1.10573425833e-214 7.97952557555e-215 -1.46684298716e-210 -5.13398237315e-210 7.43892245654e-214 6.43741729982e-213 -1.10008099177e-209 -2.19934365136e-210 2.09057277562e-213 8.54949168809e-215 1.4664848008e-210 -4.39962238125e-210 -1.46699842674e-210 0.0 8.34925657886e-214 0.0 -2.12687877732e-209 3.37316946641e-213 0.0 0.0 0.0 -2.05355439479e-209 0.0 0.0 2.80181578708e-213 -1.09998588801e-209 0.0 3.22439653923e-214 0.0 1.86787719139e-213 -6.59952696573e-210 0.0 5.25756390325e-214 0.0 0.0 -3.15369210683e-209 0.0 1.06588692793e-212 7.47150876555e-214 7.11902207344e-213 -5.28049274926e-209 8.54949168809e-215 -5.20715664155e-209 
-4.21786371968e-205 4.21501986745e-206 1.64128232788e-209 -4.21742534227e-206 -4.42882723521e-204 4.2151045531e-206 -7.17053712234e-205 1.6849581594e-205 -5.06229384217e-205 3.73575438277e-214 1.0 0.0 -6.62190624824e-204 5.05804906945e-205 -4.21767758431e-206 0.0 8.43079635464e-206 6.41211876607e-215 8.43638604791e-206 0.0 -9.27890218119e-205 1.51323058118e-209 8.84578994612e-210 -2.53045448156e-205 -2.95234908855e-205 5.04446720071e-210 4.2165802696e-206 -6.32636918959e-205 -1.2652402179e-205 6.02983081173e-211 6.30522390024e-210 8.43016584329e-206 -2.53060654436e-205 -8.43771739686e-206 0.0 8.43029199865e-206 0.0 -1.22311514986e-204 2.13117663639e-213 0.0 0.0 8.43222865328e-206 -1.18094467926e-204 0.0 0.0 1.20509448632e-210 -3.79686297649e-205 0.0 7.56647870035e-210 0.0 1.6860459796e-205 -3.79587180069e-205 1.06868646101e-215 1.85570016614e-209 2.52204681264e-210 0.0 -1.72931154281e-204 0.0 2.10771177817e-205 2.73658917604e-209 5.05829791297e-205 -2.91021520587e-204 2.24324368077e-209 -2.78379630726e-204 
-2.43865762707e-207 4.57323170293e-208 0.0 -1.52421634322e-208 -1.7528487947e-206 0.0 -2.89601105212e-207 -7.61229303646e-208 -2.59116217803e-207 0.0 0.0 1.0 -2.5301989429e-206 2.92582291864e-211 -1.52070535572e-208 3.73696083309e-214 5.95129812616e-212 1.24565361103e-214 0.0 9.14353758295e-208 -3.50540401059e-207 1.24565361103e-214 3.73696083309e-214 -9.13944267651e-208 -1.06695144025e-207 1.24565361103e-214 1.74391505544e-213 -2.28626525098e-207 -4.57264902966e-208 4.98261444412e-214 3.0005621353e-212 1.24565361103e-214 -9.14529805931e-208 -4.572647784e-208 0.0 2.49130722206e-214 3.04784503055e-208 -4.42022739533e-207 0.0 0.0 1.52421509757e-208 6.72939271287e-211 -4.26724910727e-207 2.92582291864e-212 0.0 2.97564906308e-212 -2.28620735735e-207 3.73696083309e-214 2.24217649985e-213 0.0 1.74391505544e-213 -1.37179458433e-207 0.0 1.49478433324e-213 1.49478433324e-213 5.85164583728e-212 -6.85841564508e-207 2.49130722206e-214 7.47392166618e-213 6.22826805515e-214 4.70747539565e-211 -1.097424014e-206 3.0496030156e-208 -1.08219357877e-206 
5.84783762996e-202 -6.65555115626e-204 -6.9542074636e-208 4.12629130541e-203 4.5413035428e-201 -6.61758595181e-204 -8.05107255325e-202 1.44553074179e-202 6.67654233818e-202 -1.21748473655e-208 -6.62190624824e-204 -2.5301989429e-206 1.0 -7.97759851947e-203 4.12627894993e-203 -2.56814438171e-208 -1.34929843961e-201 -4.8232831044e-210 -1.36108466148e-203 -7.21672842622e-202 7.6968576391e-202 -2.29528973788e-201 -1.11994266336e-207 2.47574506719e-202 2.88840640041e-202 -6.85159309636e-202 -1.79360996272e-202 6.18944183381e-202 1.23788826728e-202 -1.71290597898e-202 -1.23365125116e-201 -1.24726179112e-201 -3.48653998843e-201 1.1644401968e-202 -3.40342476423e-209 -1.32354283805e-203 -2.52971137535e-206 1.19662542356e-201 -8.22191184346e-202 0.0 -1.26534137428e-206 -1.50652697167e-203 1.1549989945e-201 -4.85686604494e-210 -7.19823422908e-202 -3.65909739907e-205 4.76098339861e-202 -7.06956542414e-203 -2.35361294504e-207 0.0 -2.64865102261e-203 3.71366174192e-202 -6.14007764011e-210 -2.67630112743e-208 -1.45399598014e-208 -9.71373208988e-210 1.75929802572e-201 -4.880844747e-210 -3.30883602969e-203 -4.15527073748e-208 -7.97752482102e-203 2.94998620226e-201 -6.89046418919e-203 2.89658134756e-201 
-5.08461018829e-204 5.05803847005e-205 1.2351987236e-210 -5.08014288832e-205 -5.33592434049e-203 5.05802384094e-205 -8.640670983e-204 2.02539665932e-204 -6.10283022201e-204 1.12072631483e-213 5.05804906945e-205 2.92582291864e-211 -7.97759851947e-203 1.0 -5.08011013677e-205 0.0 1.01161158616e-204 5.87240541868e-212 1.01380905176e-204 1.32098062814e-206 -1.11697126062e-203 2.46494105921e-210 1.58710870047e-209 -3.04808031725e-204 -3.55610155534e-204 2.35729732142e-211 5.14611351578e-205 -7.62021663844e-204 -1.52404327886e-204 1.86225277678e-211 2.21780783459e-207 1.01601229281e-204 -3.04808714612e-204 -1.01383807768e-204 0.0 1.01160488702e-204 0.0 -1.47324196883e-203 6.35534217962e-213 0.0 2.92582291864e-211 1.0226295616e-204 -1.42221988086e-203 2.92582291864e-211 2.20285522309e-207 2.23380237788e-207 -4.58319924853e-204 1.32113325733e-206 8.14125182478e-210 0.0 2.02321024464e-204 -4.57213030847e-204 3.6991650042e-212 5.79656044875e-211 1.17304502913e-211 5.85164583728e-211 -2.08220220378e-203 0.0 2.52901288051e-204 9.98582576517e-211 6.07183617612e-204 -3.50530315134e-203 2.20357571723e-207 -3.35400187991e-203 
3.58355114607e-204 -4.23771779114e-206 -3.61077086318e-210 2.53386275617e-205 2.78779733604e-203 -4.21502278764e-206 -4.87890817774e-204 8.74247030853e-205 4.09240734994e-204 -7.33426053307e-211 -4.21767758431e-206 -1.52070535572e-208 4.12627894993e-203 -5.08011013677e-205 1.0 -1.5470918126e-210 -8.23102686591e-204 -2.94153328077e-212 -8.65769043629e-206 -4.40034880876e-204 4.73247835543e-204 -1.3995668702e-203 -6.75774085731e-210 1.52031169425e-204 1.77370545806e-204 -4.17780066819e-204 -1.09540999742e-204 3.80079782713e-204 7.60159360219e-205 -1.04445237556e-204 -7.52224986032e-204 -7.60882526063e-204 -2.12486912768e-203 7.13601763821e-205 4.10051176413e-210 -8.43020032926e-206 -1.52392251527e-208 7.34820780575e-204 -5.01336087035e-204 0.0 -7.58742852426e-209 -9.53834632134e-206 7.09262939676e-204 3.2184052105e-211 -4.38915002251e-204 -2.20984883717e-207 2.91901161909e-204 -4.30989289205e-205 -1.4189762738e-209 0.0 -1.68698559968e-205 2.28047623434e-204 -3.69884439826e-212 -1.63172136296e-210 1.63426474129e-209 6.436810421e-211 1.0800581766e-203 5.85662829515e-211 -2.10753767508e-205 1.28153742567e-209 -5.08004481976e-205 1.81107524775e-203 -4.20132870218e-205 1.77796926097e-203 
-2.47523479133e-209 1.86848041654e-214 2.18756650454e-210 -1.5470918126e-210 -1.77915558449e-208 0.0 -2.93947444394e-209 -7.73377743062e-210 -2.47452476877e-209 0.0 0.0 3.73696083309e-214 -2.56814438171e-208 0.0 -1.5470918126e-210 1.0 1.49478433324e-213 1.86848041654e-214 0.0 3.73696083309e-214 -3.55816169054e-209 1.86848041654e-214 5.60544124963e-214 -7.00589653206e-210 -1.08296426882e-209 1.86848041654e-214 2.61587258316e-213 -2.32052561007e-209 -4.6412754378e-210 7.47392166618e-214 1.12108824993e-213 1.86848041654e-214 -9.28255087559e-210 -7.2956253093e-211 0.0 1.54727866064e-210 0.0 -4.48656625654e-209 0.0 0.0 0.0 0.0 -4.24997335348e-209 0.0 0.0 7.47392166618e-214 -2.17478126712e-209 5.60544124963e-214 8.2107939446e-211 0.0 2.61587258316e-213 -1.39236394653e-209 0.0 2.24217649985e-213 2.24217649985e-213 0.0 -6.56160886446e-209 3.73696083309e-214 1.64664314192e-210 9.34240208272e-214 3.92380887474e-213 -1.0984295815e-208 3.73696083309e-214 -1.09113956164e-208 
-1.23043925259e-202 8.43006904295e-206 3.15300265544e-210 -8.23102704825e-204 -9.13138321775e-202 8.43003973489e-206 2.18527742533e-202 -4.03964156279e-203 -1.3950595823e-202 6.26962723793e-216 8.43079635464e-206 5.95129812616e-212 -1.34929843961e-201 1.01161158616e-204 -8.23102686591e-204 1.49478433324e-213 1.0 2.98705479278e-212 1.68608833557e-205 1.71080912986e-202 -1.48495773311e-202 5.45829581987e-202 1.626530691e-210 -4.93861545816e-203 -5.76171926248e-203 1.62934202785e-202 4.0817854411e-203 -1.23465411466e-202 -2.46930818245e-203 4.07335588248e-203 2.93281576748e-202 2.934501965e-202 8.38605235932e-202 -2.46087819732e-203 0.0 1.68601147758e-205 0.0 -2.38699797393e-202 1.95521043421e-202 0.0 5.85164583728e-212 1.68631838848e-205 -2.30468769814e-202 5.85164583728e-212 1.71080925848e-202 6.52331207202e-211 -9.85194761436e-203 1.62934215043e-203 2.44595683262e-210 0.0 3.37204436067e-205 -7.40792477604e-203 3.41979667524e-216 1.4138424211e-210 3.57892646073e-211 1.17032916746e-211 -3.5376556843e-202 9.96522888823e-214 4.21506464617e-205 4.82794164481e-210 1.0116081198e-204 -5.92381079142e-202 1.62934208537e-203 -5.83981454644e-202 
-4.70271628839e-211 6.22826805515e-215 2.93517677034e-211 2.9288202599e-212 -3.38276327288e-210 0.0 -5.5888619365e-211 2.64445818222e-211 -4.08812777174e-211 0.0 6.41211876607e-215 1.24565361103e-214 -4.8232831044e-210 5.87240541868e-212 -2.94153328077e-212 1.86848041654e-214 2.98705479278e-212 1.0 8.80629976526e-212 3.22994010098e-211 -3.53170841734e-211 8.80624290747e-211 2.24038330498e-214 -5.88865361771e-212 -2.05907329654e-211 6.22826805515e-215 1.35105327188e-210 -4.40784480301e-211 -8.8245998423e-212 2.49130722206e-214 5.91157042026e-212 2.94358515877e-212 -1.76491996846e-211 -8.81298539448e-212 0.0 1.57908378686e-214 0.0 -3.54062035618e-211 5.12969501285e-216 0.0 0.0 2.06470224267e-214 -7.05848551718e-211 0.0 6.45738889474e-211 4.11173878569e-211 -8.7965207024e-214 1.08620225307e-210 1.19803367512e-213 0.0 3.23894010691e-211 -8.85458700119e-212 3.84727125964e-216 7.47392166618e-214 7.47392166618e-214 0.0 -9.41037115768e-211 1.24565361103e-214 4.08706251772e-213 3.11413402757e-214 1.18726548919e-211 -2.00020544063e-210 1.17531636175e-211 -1.91224063352e-210 
-8.70607353451e-205 8.43003973489e-206 1.57752446721e-209 -8.65741475532e-206 -9.10893697473e-204 8.43006309645e-206 -1.47635628353e-204 3.39265480486e-205 -1.04587711066e-204 0.0 8.43638604791e-206 0.0 -1.36108466148e-203 1.01380905176e-204 -8.65769043629e-206 0.0 1.68608833557e-205 8.80629976526e-212 1.0 1.321054655e-206 -1.89813764664e-204 9.06837795528e-209 7.15260684546e-210 -5.19453109167e-205 -6.06035749841e-205 5.16139812819e-210 9.31157296129e-206 -1.29863913796e-204 -2.59724261341e-205 8.10312915411e-211 2.20836332778e-207 1.73077784547e-205 -5.19461426177e-205 -1.71025504627e-205 0.0 1.68603375408e-205 0.0 -2.51071711644e-204 1.70989833762e-216 0.0 0.0 1.79772986069e-205 -2.42194628178e-204 0.0 2.71136943533e-207 2.20396275793e-207 -7.90633439067e-205 1.32126272883e-206 7.74212284076e-210 0.0 3.37204549251e-205 -7.79189619731e-205 1.28242375321e-216 1.26589522179e-209 2.58069906409e-210 0.0 -3.54333131135e-204 0.0 4.21522632454e-205 2.39886504396e-209 1.01382645872e-204 -5.9740194987e-204 2.20900971773e-207 -5.72545382363e-204 
-6.59661970484e-203 1.37153038831e-207 3.66807375122e-210 -4.40035738913e-204 -4.88467994546e-202 0.0 1.18180940353e-202 -2.19225234571e-203 -7.47796668807e-203 1.82389156013e-215 0.0 9.14353758295e-208 -7.21672842622e-202 1.32098062814e-206 -4.40034880876e-204 3.73696083309e-214 1.71080912986e-202 3.22994010098e-211 1.321054655e-206 1.0 -7.92219408054e-203 2.9390824344e-202 6.92877106331e-214 -2.64021434028e-203 -3.08025062444e-203 8.77338011213e-203 2.19863017764e-203 -6.60053705228e-203 -1.32010741047e-203 2.19334524555e-203 1.57934052242e-202 1.57947261464e-202 4.51747067897e-202 -1.31746557833e-203 3.0753838231e-210 6.0022984753e-214 9.14353509164e-208 -1.27610377524e-202 1.05280561345e-202 0.0 4.57176754582e-208 6.60462201117e-206 -1.23196811449e-202 0.0 9.21337078795e-203 1.32199373013e-206 -5.28320823976e-203 8.85264831793e-204 2.78478423899e-213 0.0 3.55330780716e-210 -3.96032203768e-203 0.0 2.10350814143e-213 1.23030300767e-209 0.0 -1.89150256463e-202 4.39589676879e-211 7.52179881963e-213 1.18189349241e-209 1.32112578253e-206 -3.167861493e-202 8.78750491817e-204 -3.12425416344e-202 
6.62277869895e-203 -9.32563806235e-205 -8.74230143972e-209 4.73249186857e-204 5.19839955749e-202 -9.27304925675e-205 -8.48983889914e-203 1.50624796079e-203 7.57320458228e-203 -1.54006116771e-209 -9.27890218119e-205 -3.50540401059e-207 7.6968576391e-202 -1.11697126062e-203 4.73247835543e-204 -3.55816169054e-209 -1.48495773311e-202 -3.53170841734e-211 -1.89813764664e-204 -7.92219408054e-203 1.0 -2.51922213582e-202 -1.4504942543e-208 2.83945460553e-203 3.31274661968e-203 -7.52004126068e-203 -1.98947874986e-203 7.09874250595e-203 1.41974847796e-203 -1.88002102321e-203 -1.35402739423e-202 -1.37300861889e-202 -3.81447213911e-202 1.31864216803e-203 -4.10051176413e-210 -1.85464467747e-204 -3.50502178513e-207 1.37242353834e-202 -9.02404985739e-203 0.0 -1.75289124954e-207 -2.06565929264e-204 1.32467997913e-202 -3.80356979423e-211 -7.90081984318e-203 -4.21792394057e-206 5.41012626678e-203 -7.7710329443e-204 -3.18004553129e-208 0.0 -3.71146034865e-204 4.25924071776e-203 -7.39767169754e-211 -3.10415065643e-209 -1.67651714478e-209 -7.60713958846e-211 2.01439455004e-202 -5.87655875293e-211 -4.63657700453e-204 -4.70037921181e-209 -1.11696067123e-203 3.37831751152e-202 -7.56539186569e-204 3.31370616472e-202 
-2.09935065883e-202 6.22826805515e-215 1.26768138757e-209 -1.39956662368e-203 -1.55351937799e-201 0.0 3.7788128394e-202 -6.99782191774e-203 -2.37926358602e-202 1.10573425833e-214 1.51323058118e-209 1.24565361103e-214 -2.29528973788e-201 2.46494105921e-210 -1.3995668702e-203 1.86848041654e-214 5.45829581987e-202 8.80624290747e-211 9.06837795528e-209 2.9390824344e-202 -2.51922213582e-202 1.0 1.76170388958e-210 -8.3974005258e-203 -9.796968021e-203 2.79912604987e-202 6.99781924138e-203 -2.09935026658e-202 -4.19870043463e-203 6.99781549417e-203 5.03842689958e-202 5.03842724958e-202 1.44154967727e-201 -4.19870057529e-203 0.0 7.06093088018e-211 0.0 -4.0587437422e-202 3.35895124295e-202 0.0 0.0 7.7484792499e-209 -3.91878718725e-202 0.0 2.93908507078e-202 1.23279915661e-209 -1.67948121901e-202 2.79912929381e-203 2.11592162333e-210 0.0 1.00389281561e-209 -1.25961012682e-202 1.49616104542e-216 2.81974585017e-210 7.04574409647e-211 0.0 -6.018138149e-202 1.24565361103e-214 5.63477950657e-210 5.98284106198e-210 8.09891156489e-210 -1.0076881402e-201 2.79912642338e-203 -9.93692471501e-202 
-1.05641004747e-208 1.86848041654e-214 1.87592402565e-210 -6.35508400156e-210 -7.76642923122e-208 8.76058485574e-212 -1.27065519653e-208 -1.46371730915e-209 -1.09235367487e-208 7.97952557555e-215 8.84578994612e-210 3.73696083309e-214 -1.11994266336e-207 1.58710870047e-209 -6.75774085731e-210 5.60544124963e-214 1.626530691e-210 2.24038330498e-214 7.15260684546e-210 6.92877106331e-214 -1.4504942543e-208 1.76170388958e-210 1.0 -3.85801957185e-209 -4.70109247439e-209 1.08717664148e-210 1.49343140792e-210 -9.9663974226e-209 -1.95400594543e-209 1.37577980569e-213 1.11210275025e-209 1.00131765999e-210 -4.05464451439e-209 -1.98411624299e-209 0.0 2.95224731346e-211 0.0 -1.94654675405e-208 5.00724903558e-211 0.0 0.0 2.49119069024e-210 -1.88628890939e-208 0.0 1.2717666495e-210 2.07711376446e-209 -9.94894946449e-209 5.60544124963e-214 7.45923515926e-210 0.0 5.88996016598e-211 -6.04100017015e-209 6.19838147386e-216 3.04851989753e-210 2.95503433783e-211 0.0 -3.00733954812e-208 3.73696083309e-214 2.35807445603e-210 3.10689586702e-210 3.22607176124e-210 -4.80908975041e-208 2.33864669971e-210 -4.79359274728e-208 
