64 6 3
0.02 0.76 0.08 0.04 0.02 0.08 
0.66 0.06 0.02 0.08 0.02 0.16 
0.04 0.04 0.06 0.78 0.06 0.02 
1.0 1.45954788061e-207 2.51239412587e-211 3.41305182226e-212 4.0 1.44965753257e-207 46.0 1.35802675508e-206 7.42479770887e-207 5.27373349234e-212 1.45089606701e-207 6.5985789518e-210 2.0 1.74841681196e-206 2.28585799264e-212 9.474311972e-212 39.0 7.44502745563e-213 2.99057993892e-207 21.0 5.0 67.0 3.392328575e-211 9.75723242566e-211 4.19225083016e-212 20.0 5.0 1.56129017288e-211 5.1754926858e-212 5.0 36.0 36.0 109.0 1.6254320234e-207 4.98720348472e-217 2.89943090587e-207 6.58601573706e-210 2.49697779261e-211 24.0 0.0 3.294447855e-210 3.34203105648e-207 8.80588319539e-209 1.43998647609e-213 21.0 8.86999734731e-209 3.0 2.0 7.54574202113e-211 0.0 5.8031278683e-207 2.05895712151e-211 1.90949875278e-213 1.64478155882e-211 6.96231504394e-212 2.87997295217e-213 2.0 1.11232995162e-212 7.24907665992e-207 1.38470128742e-211 1.74846546749e-206 4.61378332793e-207 2.0 7.24890975901e-207 
0.763157894737 0.105263157895 0.131578947368 0.0263157894737 0.657894736842 0.0263157894737 0.315789473684 2.18421052632 0.789473684211 0.0526315789474 0.157894736842 0.0526315789474 0.842105263158 0.657894736842 6.78126181903e-217 0.0526315789474 0.789473684211 2.20865340669e-217 0.210526315789 0.447368421053 1.10526315789 0.0526315789474 0.157894736842 0.657894736842 1.2436796416e-216 0.0263157894737 0.315789473684 4.6317476728e-216 1.53536969741e-216 0.236842105263 0.184210526316 0.921052631579 1.81750978852e-216 0.289473684211 1.47951153062e-221 0.105263157895 0.0526315789474 7.4075730962e-216 0.0526315789474 0.0 0.0263157894737 0.526315789474 0.131578947368 4.27188624212e-218 0.421052631579 0.552631578947 0.473684210526 0.184210526316 0.157894736842 0.0 0.684210526316 0.0526315789474 0.0263157894737 0.0789473684211 2.06545119301e-216 8.54377248424e-218 1.84210526316 3.29985530833e-217 0.236842105263 0.105263157895 0.894736842105 0.552631578947 0.0789473684211 0.157894736842 
6.0 1.25 6.0 1.0 8.11323809335e-211 0.25 1.0 17.25 5.75 2.91600499968e-216 18.0 0.25 3.75 3.5 3.0 5.23863049186e-216 2.25 0.25 13.75 2.75 10.5 10.5 2.0 10.0 0.5 1.0 15.75 3.5 1.25 1.89010366584e-215 2.0 0.5 3.38754893847e-216 0.75 2.75757398758e-221 0.5 3.64160510673e-214 6.5 7.85734355217e-216 0.0 0.25 10.5 6.75 0.25 5.5 3.75 8.25 9.25 1.5 0.0 3.75 2.5 1.05581897874e-217 4.5 0.5 0.5 12.0 6.15040503078e-217 4.0 6.0 11.5 5.25 9.0 2.25 
78.0 3.49387161978e-210 8.5 8.5 1.0 3.47019606464e-210 2.0 14.5 155.5 4.0 25.0 1.57957049829e-212 66.0 8.0 5.47189610798e-215 2.26796463176e-214 13.5 9.0 3.0 16.0 31.0 100.5 84.5 14.5 1.00354269929e-214 161.0 76.0 46.0 0.5 31.5 90.0 15.0 1.46657436381e-214 57.0 1.19383878726e-219 90.0 1.57656311086e-212 7.5 175.5 0.0 7.88626259977e-213 80.5 10.5 3.44704545051e-216 2.3915376802e-211 2.12330355249e-211 37.5 1.26070282291e-210 149.0 0.0 59.5 7.5 1.5 133.5 1.66664179114e-214 6.89409090102e-216 56.0 2.66269993703e-215 147.0 3.31470354227e-214 23.0 75.5 75.0 7.0 
10.0 1.45954788061e-207 1.0 3.41305182226e-212 1.46731763042e-206 1.44965753257e-207 1.0 15.0 7.42479770887e-207 5.27373349234e-212 1.45089606701e-207 6.5985789518e-210 1.31374808613e-206 1.74841681196e-206 21.0 9.474311972e-212 2.90026939485e-207 7.44502745563e-213 2.99057993892e-207 15.0 3.0 1.81633085682e-210 3.392328575e-211 8.0 4.19225083016e-212 6.00483388448e-212 1.80115794928e-207 1.56129017288e-211 5.1754926858e-212 4.0 8.82514384454e-209 3.0786617269e-207 6.1265430943e-212 1.6254320234e-207 7.0 2.89943090587e-207 6.58601573706e-210 2.49697779261e-211 1.42103788767e-211 0.0 3.294447855e-210 3.34203105648e-207 7.0 1.43998647609e-213 1.0 12.0 9.0 2.0 7.54574202113e-211 0.0 5.8031278683e-207 2.05895712151e-211 1.90949875278e-213 1.64478155882e-211 28.0 2.87997295217e-213 14.0 1.0 7.24907665992e-207 25.0 1.74846546749e-206 1.0 9.4414657944e-209 5.0 
12.75 0.25 2.0 1.0 28.75 2.0745134785e-212 7.75 3.5 24.25 0.75 0.5 0.5 50.0 1.5 0.25 0.75 2.0 0.25 4.27963036265e-212 0.5 10.0 0.25 0.75 3.75 1.75 1.0 12.0 6.0 2.0 4.5 1.5 0.25 2.75 1.0 7.13687241065e-222 1.5 9.42483180282e-215 9.5 4.25 0.0 4.71447657525e-215 4.78256989425e-212 9.0 2.06067383943e-218 1.42968208698e-213 8.75 6.5 0.75 4.75 0.0 8.5 4.25 2.73256325086e-218 3.5 3.0 4.12134767887e-218 16.25 0.5 29.25 2.25 32.25 21.25 0.5 26.0 
0.393939393939 0.0606060606061 1.33333333333 0.0909090909091 4.48779685479e-210 6.56634594953e-218 0.363636363636 2.09090909091 0.757575757576 0.151515151515 0.848484848485 0.0606060606061 0.636363636364 1.69696969697 0.030303030303 0.212121212121 0.69696969697 0.666666666667 0.69696969697 0.121212121212 3.39393939394 0.727272727273 0.666666666667 1.54545454545 1.67834073756e-207 6.23575373224e-208 1.61562754228e-207 0.515151515152 4.21795168849e-208 0.151515151515 0.424242424242 0.909090909091 0.030303030303 1.39393939394 5.37356336059e-209 0.030303030303 0.0 0.69696969697 0.242424242424 3.14118465503e-209 0.0 1.84848484848 1.0 0.030303030303 0.151515151515 0.030303030303 1.60606060606 4.48779758702e-210 0.242424242424 0.0 0.272727272727 0.363636363636 0.030303030303 1.12196858202e-208 0.121212121212 0.0 5.24242424242 0.0909090909091 0.272727272727 1.42424242424 0.242424242424 1.78787878788 0.424242424242 0.545454545455 
0.333333333333 1.33333333333 0.666666666667 4.01060804907e-204 1.72882196289e-206 0.666666666667 3.33333333333 8.66666666667 16.0 0.666666666667 3.59628708177e-206 1.55594281313e-205 1.0 7.66666666667 2.59323294606e-205 0.666666666667 2.33199736859e-204 0.333333333333 3.47605729869e-204 4.83847719884e-205 3.66666666667 2.14418903349e-204 2.0 7.33333333333 6.46542707301e-204 2.40218270931e-204 6.22383871045e-204 3.0 1.62487023219e-204 6.29308310731e-204 0.666666666667 5.33333333333 4.64825166367e-205 1.33333333333 2.07004342161e-205 9.85376355455e-205 0.0 0.333333333333 1.66666666667 1.21007015175e-205 0.0 28.6666666667 41.3333333333 5.70500345341e-205 9.61748826966e-209 6.9154073735e-206 7.33333333333 1.72882224497e-206 0.666666666667 0.0 1.33333333333 13.0 1.10610934507e-204 4.32212951932e-205 2.50032521025e-208 0.0 14.3333333333 3.45540602225e-206 6.66666666667 2.10138037692e-205 0.333333333333 2.66666666667 0.333333333333 16.6666666667 
7.44308922117e-202 1.0 2.25989596147e-201 2.03176581012e-201 8.75817659821e-204 1.28145767938e-211 66.0 119.0 53.0 1.30471083606e-201 1.82187165804e-203 7.88237437204e-203 4.90653495718e-202 84.0 1.3137264906e-202 2.80331723811e-202 158.0 7.93314060401e-203 17.0 4.0 36.0 29.0 25.0 21.0 3.27537209173e-201 1.2169408326e-201 3.15298392286e-201 1.6457363762e-201 8.231559263e-202 3.18806299226e-201 76.0 161.0 2.35479475719e-202 2.0 1.04867975081e-202 4.9918964023e-202 0.0 2.07535622915e-201 1.44471966461e-201 6.13019056488e-203 0.0 1.99430475012e-201 119.0 2.89014304601e-202 1.0 6.0 1.0 8.7581780272e-204 20.0 0.0 3.32975709613e-202 1.0 5.6035272509e-202 2.18958194788e-202 239.0 0.0 133.0 100.0 6.0 217.0 2.0 10.0 5.0 16.0 
6.0 0.5 7.25 2.0 7.09163053338e-209 3.25 7.0 19.75 7.5 0.5 1.25 6.3824799769e-208 4.5 6.25 1.06374458071e-207 0.75 1.5 0.25 0.5 2.0 30.75 0.25 17.5 54.75 1.0 0.75 5.75 10.75 6.66522036319e-207 0.25 0.75 5.5 1.90671359645e-207 4.75 8.49132151788e-208 0.5 0.0 0.5 1.0 4.96370975143e-208 0.0 2.75 9.5 1.0 3.94509526899e-211 17.25 6.25 36.25 2.0 0.0 7.0 7.5 4.53726235153e-207 1.77293823923e-207 1.02563381221e-210 0.0 30.5 4.25 5.25 8.61986576006e-208 4.0 18.0 6.0 21.0 
7.44308922117e-202 2.81123212102e-201 2.25989596147e-201 2.03176581012e-201 1.0 11.0 5.0 96.0 9.0 1.30471083606e-201 157.0 7.88237437204e-203 6.0 3.0 77.0 2.80331723811e-202 21.0 7.93314060401e-203 4.0 2.45116262307e-202 21.0 1.08624176568e-201 3.0 31.0 1.0 1.2169408326e-201 3.15298392286e-201 1.0 4.0 3.18806299226e-201 1.15567407349e-201 28.0 2.35479475719e-202 6.0 1.04867975081e-202 4.9918964023e-202 0.0 2.07535622915e-201 1.44471966461e-201 6.13019056488e-203 0.0 3.0 16.0 97.0 4.87219982767e-206 3.50333118885e-203 2.0 18.0 1.0 0.0 26.0 3.0 5.6035272509e-202 2.18958194788e-202 1.26665962224e-205 0.0 56.0 1.7505016023e-203 2.0 8.0 3.52331507611e-203 2.0 12.0 7.0 
10.625 40.125 32.25 29.0 0.125 4.31459627186e-225 57.5 50.125 9.0 18.625 0.25 1.125 7.0 28.5 1.875 4.0 16.875 1.125 25.125 3.5 36.5 15.5 8.5 46.375 46.75 17.375 45.0 23.5 11.75 45.5 16.5 19.5 3.375 11.25 1.5 7.125 0.0 29.625 20.625 0.875 0.0 28.5 45.0 4.125 1.64044240793e-219 0.5 33.375 0.125 13.0 0.0 4.75 3.5 8.0 3.125 4.26477204182e-219 0.0 51.375 0.25 8.625 1.5 0.5 28.375 38.25 29.25 
4.29238677467e-196 10.5 1.12905846063e-194 1.8351678055e-194 7.06456362404e-195 159.0 1.0 5.5 19.0 2.1052929523e-194 8.02676421335e-196 11.5 5.29013878574e-195 2.0 145.5 2.5 13.0 8.0 1.27185801921e-195 2.66900590262e-194 17.0 2.5 39.0 10.0 2.6756444408e-194 0.0 0.0 9.5 46.0 4.72736245365e-199 8.0 15.0 3.11910182811e-195 0.5 127.5 1.5 1.63301324907e-194 35.5 5.23013743192e-195 6.13709513342e-195 1.5198180812e-194 4.81114032592e-195 31.5 23.0 0.5 0.0 6.0 2.0 13.0 2.5 3.41776557704e-195 49.0 0.5 1.0 0.0 17.5 18.5 0.0 10.5 7.4419750195e-216 3.72098750975e-216 11.5 1.5 34.5 
1.48820991479e-195 49.5 3.91454937238e-194 0.5 2.5 1.0345859278e-214 5.78065075653e-194 4.5 6.0 7.29924400949e-194 2.78295286819e-195 41.0 10.5 2.0 2.92625681663e-194 32.5 15.5 1.0 4.40964855626e-195 0.5 0.5 3.5 0.5 1.5 2.5 0.0 0.0 0.5 9.88993994516e-194 1.63901997738e-198 6.0 15.0 1.08142124871e-194 3.0 0.5 1.0 5.66180690563e-194 6.58178797173e-194 1.81333667968e-194 2.0 7.5 2.0 6.5 1.43646625626e-193 5.0 0.0 3.0 9.92250320361e-194 2.0 1.71920578763e-195 1.18497071331e-194 9.96350691191e-195 0.5 4.07254421043e-217 0.0 0.5 11.0 0.0 2.0 2.58020108415e-215 1.29010054208e-215 1.5 5.73597160699e-194 5.73115318096e-194 
0.666666666667 27.6666666667 43.3333333333 27.0 2.45077235548e-196 2.0 11.3333333333 23.6666666667 5.66666666667 34.6666666667 0.333333333333 9.0 2.33333333333 7.66666666667 22.6666666667 28.6666666667 36.0 45.0 1.33333333333 2.66666666667 18.0 22.3333333333 9.0 44.3333333333 38.6666666667 0.0 0.0 14.3333333333 89.3333333333 1.63997237937e-200 29.6666666667 21.3333333333 1.08204964115e-196 14.0 2.33333333333 24.6666666667 5.66509686931e-196 17.3333333333 12.0 21.3333333333 3.0 1.33333333333 26.0 37.0 0.666666666667 0.0 8.66666666667 10.3333333333 12.3333333333 0.333333333333 5.33333333333 3.0 0.333333333333 4.07491068509e-219 0.0 34.0 18.0 0.0 3.33333333333 1.33333333333 0.666666666667 25.0 14.6666666667 13.0 
0.0769230769231 1.97435897436 1.5641025641 1.61538461538 0.512820512821 2.04125544052e-230 3.0 4.20512820513 3.12820512821 1.76923076923 0.0512820512821 1.66666666667 0.564102564103 4.46153846154 1.33333333333 1.97435897436 6.28205128205 0.769230769231 0.0769230769231 2.4358974359 2.38461538462 2.20512820513 0.641025641026 4.07692307692 1.87179487179 0.0 0.0 1.61538461538 1.92307692308 0.0769230769231 3.10256410256 7.48717948718 0.25641025641 1.20512820513 2.15384615385 0.25641025641 1.28205128205 1.69230769231 0.589743589744 0.589743589744 3.87179487179 0.384615384615 4.74358974359 4.20512820513 2.07692307692 0.0 1.66666666667 1.82051282051 0.923076923077 0.692307692308 0.282051282051 0.179487179487 3.97435897436 8.03519824011e-233 0.0 1.66666666667 4.23076923077 0.0 1.41025641026 5.09078014608e-231 2.54539007304e-231 1.02564102564 1.25641025641 1.48717948718 
7.50691654379e-197 6.66666666667 1.97460016581e-195 3.20950843504e-195 1.23551516506e-195 5.21871957726e-216 0.333333333333 1.66666666667 2.33333333333 3.68192786969e-195 1.40379355891e-196 5.33333333333 9.25187604341e-196 0.333333333333 24.0 13.6666666667 5.0 1.27691663339e-195 2.22434102678e-196 4.66780036787e-195 2.7595182732e-195 0.333333333333 0.333333333333 5.38055314806e-195 4.67941044746e-195 0.0 0.0 3.1063394858e-195 0.333333333333 8.26764158841e-200 1.0 9.33333333333 5.45496907533e-196 1.0 3.95644729106e-195 7.17208339695e-196 2.85596215328e-195 3.32002444828e-195 9.14694021649e-196 2.66666666667 48.3333333333 8.41415995415e-196 1.66666666667 4.33333333333 4.54329579245e-195 0.0 2.20053634218e-195 5.00516780025e-195 3.33333333333 76.0 5.97729941404e-196 5.0258511335e-196 23.6666666667 2.05429685724e-218 0.0 32.6666666667 2.66666666667 0.0 3.66666666667 1.30152030385e-216 6.50760151927e-217 9.16937402694e-196 2.89337275094e-195 3.0 
8.28600212796e-194 3.0 23.0 10.0 1.36373985605e-192 5.76033065909e-213 21.0 6.0 47.0 93.0 1.5494825803e-193 10.0 1.02120576586e-192 7.0 1.62927084201e-192 35.0 50.0 349.0 2.45518840841e-193 5.0 13.0 72.0 75.0 142.0 205.0 0.0 0.0 2.0 43.0 9.12567702001e-197 31.0 50.0 6.02109868979e-193 102.0 4.36705676447e-192 61.0 3.15236067184e-192 32.0 12.0 38.0 2.93384928153e-192 7.0 50.0 7.99790563e-192 104.0 0.0 26.0 36.0 9.0 9.57213271674e-194 6.59763770854e-193 34.0 12.0 2.26749665209e-215 0.0 2.37756958822e-192 35.0 0.0 27.0 1.43659516453e-213 7.18297582264e-214 11.0 16.0 40.0 
1.0 7.23844366163e-207 1.11999080412e-211 1.85155708871e-211 4.2989592274e-206 7.24829628551e-207 -3.30835290502e-205 6.68089549691e-206 3.67707194846e-206 1.1235399225e-212 7.25359276797e-207 -6.52751962275e-210 5.05046783948e-206 8.72422749129e-206 1.1823183166e-211 5.36593471412e-213 -2.78286317382e-205 2.59246573557e-212 1.47570600803e-206 -1.56091959741e-205 -2.92324262111e-206 -5.02986022437e-205 4.18991561509e-211 5.43936631507e-211 6.08665122977e-211 -1.5014352621e-205 -2.92334873926e-206 1.72230350646e-210 3.40208908322e-211 -3.75355793656e-206 -2.69997020583e-205 -2.55241096803e-205 -8.18288724002e-205 7.77523086019e-207 4.48848313625e-216 1.44971688152e-206 -6.58601573706e-210 3.4407052558e-210 -1.80172390768e-205 0.0 -3.29012789558e-210 1.58094840791e-206 2.65924812314e-208 2.87997295217e-213 -1.57400915132e-205 2.65067240775e-208 2.12360621878e-206 -1.3434734509e-206 8.51636631287e-211 0.0 2.89907808883e-206 7.7312515704e-211 -1.90949875278e-213 1.56808800391e-210 3.56769089529e-211 5.75994590435e-213 1.58265591788e-206 5.56167825642e-212 3.62435448029e-206 4.34172594931e-211 8.72540625681e-206 2.25441367534e-206 -1.47567372466e-206 3.62506399134e-206 
7.23844366163e-207 1.0 0.0 0.0 8.65836943215e-207 1.44965609546e-207 -6.42398903172e-206 1.30471709116e-206 7.24853074993e-207 0.0 1.44965609546e-207 1.97763703718e-209 1.01278925221e-206 1.73959451448e-206 8.63991885652e-212 1.66848424057e-212 -5.40229962601e-206 5.56161413523e-213 2.89931219092e-207 -3.0591220228e-206 -5.84796681536e-207 -9.77897024394e-206 1.66848424057e-212 1.60683490014e-211 0.0 -2.91909520506e-206 -5.848005445e-207 4.77695495722e-212 0.0 -7.2977171566e-207 -5.25436831324e-206 -4.96444059495e-206 -1.59090718987e-205 1.44966165707e-207 0.0 2.89932331415e-207 1.97580472112e-209 0.0 -3.50291491347e-206 0.0 9.88622353797e-210 2.89947778936e-207 1.7016840004e-211 7.19993238043e-213 -3.06505054928e-206 2.94463889213e-212 4.31932729227e-207 -2.91907907638e-207 1.00109054434e-211 0.0 5.79870224444e-207 5.56161413523e-213 0.0 6.67393696227e-212 6.67393696227e-212 1.43998647609e-212 2.87975440516e-207 1.11232282705e-212 7.24861417414e-207 2.78080706761e-212 1.73961051383e-206 4.34901933256e-207 -2.89928339119e-207 7.24829160052e-207 
1.11999080412e-211 0.0 1.0 2.01038031565e-211 -8.59439353026e-211 4.31133228181e-213 -1.09715036818e-209 4.1348039824e-211 2.11326118156e-210 1.36748869437e-211 8.95512414161e-211 0.0 -1.1415239284e-211 3.27359516624e-211 1.49616104542e-216 1.08699417588e-211 -9.63969695702e-210 1.4417829232e-212 7.75136342292e-211 -5.10408342209e-210 -3.59710017029e-211 -1.61293913919e-209 1.50576462585e-211 6.35811142316e-211 3.16996452883e-212 -4.69367214394e-210 1.05571810048e-210 3.27086921308e-211 3.02019719322e-211 -7.40742045722e-211 -8.87396977518e-210 -9.00892896139e-210 -2.71627424613e-209 2.71902189393e-211 4.98720348472e-217 3.82514559228e-211 0.0 5.26585847053e-211 -5.1141667639e-210 0.0 0.0 2.43454178427e-211 2.18771513393e-211 0.0 -4.95883534998e-210 1.01359510295e-210 2.50524634957e-211 3.09809988999e-212 2.38838337292e-211 0.0 6.46932069045e-211 5.23041780946e-211 0.0 3.70217773423e-211 3.17016401697e-212 0.0 3.61418691251e-211 7.12457640674e-218 2.81203129401e-210 4.77510900648e-211 2.02508554136e-210 7.64179621897e-211 -2.58610072287e-211 6.44660917948e-211 
1.85155708871e-211 0.0 2.01038031565e-211 1.0 5.05695413877e-211 0.0 -1.24388402237e-210 9.41922255288e-212 7.44815446481e-211 5.33663029145e-212 1.57269821827e-211 0.0 9.6164940169e-211 1.1158978339e-211 5.57724605233e-213 0.0 -1.30063356839e-210 2.88356584639e-213 1.35449278692e-211 -6.71674606361e-211 2.21082760591e-211 -2.08473981153e-210 7.84965939046e-212 1.48655779288e-211 4.48042942369e-212 -4.86748970004e-211 5.92391387193e-211 1.80403309491e-211 1.14940329731e-211 3.90660638694e-212 -1.14595828838e-210 -1.20612244094e-210 -3.60338044343e-210 5.53387028111e-212 0.0 1.36702312859e-211 0.0 2.92148608114e-211 -3.90899615995e-211 0.0 0.0 4.03450030942e-212 2.21336326079e-211 0.0 -6.53302434055e-211 2.90517621416e-211 2.17160670296e-211 3.84308998713e-212 1.38930239908e-211 0.0 2.0136614329e-211 1.87113988616e-211 0.0 1.67771779253e-211 5.76357187059e-213 0.0 3.3821057305e-211 0.0 1.0054288362e-210 1.15696414118e-211 6.98137514994e-211 6.35456140642e-211 8.71931914602e-213 5.7368822384e-211 
4.2989592274e-206 8.65836943215e-207 -8.59439353026e-211 5.05695413877e-211 1.0 8.69793082431e-207 -3.73466631523e-205 7.72045507768e-206 4.31459296874e-206 -2.1055677934e-211 8.69297668653e-207 -2.63943158072e-209 6.12075371127e-206 1.04197584938e-205 5.49948976312e-211 -3.7897247888e-211 -3.13999143391e-205 -2.97801098225e-212 1.72063262793e-206 -1.7957393551e-205 -3.44782151352e-206 -5.69320585913e-205 -1.32591668631e-210 1.54112520394e-211 4.32199303892e-210 -1.69944508896e-205 -3.44919401808e-206 8.9979998927e-210 1.71717925066e-210 -4.24870259589e-206 -3.06077229834e-205 -2.88869789043e-205 -9.26192878894e-205 8.3478087954e-207 -1.99488139389e-216 1.73954058425e-206 -2.63440629482e-209 1.7601962378e-209 -2.03933697621e-205 0.0 -1.317779142e-209 1.6502618312e-206 -1.58751439315e-208 -5.75994590435e-213 -1.78665619414e-205 -1.78785510782e-208 2.65258807158e-206 -1.80478960073e-206 -3.00661813795e-210 0.0 3.47749331534e-206 5.2382350287e-210 -5.80210132455e-213 -5.96521046718e-211 -2.78492601758e-211 -1.15198918087e-212 1.65896125334e-206 -4.44931980649e-212 4.34864991638e-206 -5.53880514967e-211 1.04195679101e-205 2.56073797517e-206 -1.71965580103e-206 4.35327041472e-206 
7.24829628551e-207 1.44965609546e-207 4.31133228181e-213 0.0 8.69793082431e-207 1.0 -6.37849328702e-206 1.30469278529e-206 7.24828191441e-207 0.0 1.44969777167e-207 0.0 1.01475941053e-206 1.73958731455e-206 0.0 0.0 -5.36373315793e-206 0.0 2.8993236878e-207 -3.0442808184e-206 -5.79862581895e-207 -9.71270546822e-206 4.31133228181e-213 1.72453291273e-212 0.0 -2.89931506514e-206 -5.79860713651e-207 1.4371107606e-213 0.0 -7.24828766285e-207 -5.21876711725e-206 -4.92883589816e-206 -1.5801267105e-205 1.44965896968e-207 0.0 2.89931219092e-207 0.0 0.0 -3.47917807817e-206 0.0 0.0 2.89931937647e-207 0.0 0.0 -3.0442808184e-206 0.0 4.34896828638e-207 -2.89931506514e-207 0.0 0.0 5.79862869317e-207 4.31133228181e-213 0.0 1.4371107606e-212 0.0 0.0 2.89931650225e-207 0.0 7.2482804773e-207 1.00597753242e-212 1.7395891828e-206 4.34897547193e-207 -2.89927913737e-207 7.2482804773e-207 
-3.30835290502e-205 -6.42398903172e-206 -1.09715036818e-209 -1.24388402237e-210 -3.73466631523e-205 -6.37849328702e-206 1.0 -5.98597252554e-205 -3.27039773953e-205 -2.15407016394e-210 -6.38415410212e-206 -3.03534631783e-208 -4.41965519621e-205 -7.69479574921e-205 -9.45525505459e-211 -4.35818350712e-210 2.52920417801e-204 -3.4070474137e-211 -1.31767850525e-205 1.40545983224e-204 2.60654998816e-205 4.56419341831e-204 -1.5536111031e-209 -4.33218996332e-209 -1.17801629911e-210 1.36246820081e-204 2.60666019331e-205 -5.33781908704e-210 -1.70767994988e-210 3.40602689763e-205 2.44838775706e-204 2.31662893725e-204 7.42546358321e-204 -7.18701844106e-206 -2.24424156812e-215 -1.27574919267e-205 -3.02956723905e-208 -8.17381672123e-210 1.63495948755e-204 0.0 -1.5154460133e-208 -1.47934720713e-205 -4.04757978437e-207 -6.62393779e-212 1.4259986145e-204 -4.07918950082e-207 -1.82422885665e-205 1.12021058333e-205 -3.41969163748e-209 0.0 -2.55342305013e-205 -8.04044519897e-210 -8.57066286767e-212 -7.3353406503e-210 -3.19401756753e-210 -1.324787558e-211 -1.47244297868e-205 -5.116717065e-211 -3.18957067202e-205 -6.01925461143e-210 -7.6949957058e-205 -2.03527749045e-205 1.31904038133e-205 -3.18945149951e-205 
6.68089549691e-206 1.30471709116e-206 4.1348039824e-211 9.41922255288e-212 7.72045507768e-206 1.30469278529e-206 -5.98597252554e-205 1.0 6.62912048041e-206 0.0 1.30483125557e-206 1.43308648717e-211 9.07944944953e-206 1.57091279108e-205 5.46303804068e-211 1.50163581651e-211 -5.03535326817e-205 8.30467696607e-212 2.6631509285e-206 -2.82025831101e-205 -5.27454293383e-206 -9.09872029627e-205 1.07324557553e-210 2.26062314406e-210 2.21139685249e-211 -2.71605224944e-205 -5.27459406844e-206 1.0105068576e-210 1.48498874329e-211 -6.79010332175e-206 -4.88361860413e-205 -4.61735020305e-205 -1.48024899572e-204 1.4100273823e-206 7.48080522708e-216 2.60939542628e-206 0.0 1.26998037497e-210 -3.25926394227e-205 0.0 4.31995942826e-212 2.87391618985e-206 5.28659451961e-208 4.31995942826e-212 -2.84623002606e-205 5.28917757048e-208 3.80684875861e-206 -2.40002038289e-206 1.78870708947e-210 0.0 5.21930770411e-206 5.14762452937e-211 5.80633429298e-213 9.88508350456e-211 6.26620323243e-211 8.63991885652e-212 2.87174416853e-206 1.00110123121e-211 6.52379799068e-206 7.32926718442e-211 1.57092686461e-205 4.07232903614e-206 -2.66329348655e-206 6.52367714614e-206 
3.67707194846e-206 7.24853074993e-207 2.11326118156e-210 7.44815446481e-211 4.31459296874e-206 7.24828191441e-207 -3.27039773953e-205 6.62912048041e-206 1.0 6.20916468334e-211 7.25026141404e-207 5.00545272171e-211 5.05809519282e-206 8.71562606707e-206 9.48131828895e-212 8.2887618557e-211 -2.75068018389e-205 3.88853625605e-211 1.46733689576e-206 -1.5486703338e-205 -2.91667480278e-206 -4.97460652409e-205 1.26543003521e-210 2.53733823595e-210 7.18446212997e-211 -1.48494882982e-205 -2.91632404608e-206 4.23396230774e-210 1.39429273518e-210 -3.71208264154e-206 -2.67115285807e-205 -2.52444583701e-205 -8.09301408591e-205 7.60043602339e-207 0.0 1.44981929229e-206 0.0 3.67033387643e-210 -1.78191675639e-205 0.0 0.0 1.53757883262e-206 1.80248090595e-208 0.0 -1.55745009495e-205 1.79804160847e-208 2.13945755354e-206 -1.37955297416e-206 5.51522000519e-210 0.0 2.89996056416e-206 2.82793876929e-210 2.42118338115e-212 3.81650269681e-210 3.05802556579e-210 0.0 1.53828760803e-206 5.00545272171e-211 3.6270103863e-206 2.5926767539e-210 8.71680272988e-206 2.22820518657e-206 -1.46734643788e-206 3.62506052912e-206 
1.1235399225e-212 0.0 1.36748869437e-211 5.33663029145e-212 -2.1055677934e-211 0.0 -2.15407016394e-210 0.0 6.20916468334e-211 1.0 3.33530266089e-212 0.0 -6.66184965938e-212 1.00059079827e-211 0.0 0.0 -2.05459698007e-210 0.0 0.0 -1.10120306774e-210 -3.18586829887e-212 -3.49532308562e-210 2.74792247149e-212 2.14089822518e-211 0.0 -9.4151494171e-211 3.33149364568e-211 5.70956262686e-212 8.35788466988e-212 -6.78793771461e-212 -1.86910203076e-210 -1.82426333206e-210 -5.66498694012e-210 4.99967141529e-212 0.0 9.69332004042e-212 0.0 5.25811822083e-212 -9.14086090727e-211 0.0 0.0 0.0 3.74749103161e-212 0.0 -1.10748403339e-210 2.50147699567e-211 -1.18454066831e-212 -1.05474669847e-211 6.33911953197e-212 0.0 1.66765133045e-211 1.16735593131e-211 0.0 8.57598337437e-212 0.0 0.0 4.2185634553e-212 0.0 9.54683142061e-211 6.67060532178e-212 6.40969872101e-211 1.73249680571e-211 -7.60326433665e-212 1.50873740446e-211 
7.25359276797e-207 1.44965609546e-207 8.95512414161e-211 1.57269821827e-211 8.69297668653e-207 1.44969777167e-207 -6.38415410212e-206 1.30483125557e-206 7.25026141404e-207 3.33530266089e-212 1.0 0.0 1.01491751357e-206 1.73960833964e-206 0.0 0.0 -5.36852430443e-206 2.20815198602e-212 2.90243820095e-207 -3.04688174073e-206 -5.8034611535e-207 -9.7209284402e-206 4.70396406214e-211 8.03459597201e-211 1.23916795218e-211 -2.90176401537e-206 -5.8036786727e-207 8.25269674151e-211 3.65380365726e-211 -7.25432850547e-207 -5.2231911818e-206 -4.93328634084e-206 -1.58147615716e-205 1.44985292983e-207 0.0 2.89951247394e-207 0.0 5.93432107295e-211 -3.48213117009e-206 0.0 0.0 2.90058549647e-207 2.70068941508e-211 0.0 -3.04688174073e-206 2.25835469957e-211 4.34834383959e-207 -2.90179213403e-207 4.5647312739e-211 0.0 5.79906852901e-207 2.83212029086e-211 3.68025331003e-213 9.34664652519e-211 1.23916795218e-211 0.0 2.89897037328e-207 0.0 7.25024042222e-207 1.3894969459e-210 1.73976539079e-206 4.35200179119e-207 -2.90068827033e-207 7.24857867908e-207 
-6.52751962275e-210 1.97763703718e-209 0.0 0.0 -2.63943158072e-209 0.0 -3.03534631783e-208 1.43308648717e-211 5.00545272171e-211 0.0 0.0 1.0 -1.30303094795e-209 1.43998647609e-212 1.7279837713e-212 3.33696848114e-212 -2.57252713321e-208 1.11232282705e-212 0.0 -9.9031817109e-209 -3.28895090681e-209 -4.42093666543e-208 3.33696848114e-212 6.21694143331e-212 0.0 -1.31960455808e-208 -3.28371695632e-209 6.96193425749e-212 0.0 -3.29484018459e-209 -2.37480662909e-208 -2.37537719037e-208 -7.19245105747e-208 1.11232282705e-212 0.0 2.22464565409e-212 1.31720314741e-209 0.0 -1.58365894843e-208 0.0 6.58745572353e-210 3.311968895e-212 9.40991126684e-212 1.43998647609e-213 -1.38570157988e-208 4.59328995579e-212 -1.97788536812e-209 -1.31637882188e-209 2.00218108868e-211 0.0 1.55725195786e-211 1.11232282705e-212 0.0 1.33478739245e-211 1.33478739245e-211 2.87997295217e-213 -1.29918265082e-209 2.22464565409e-212 6.67393696227e-211 5.56161413523e-212 2.56627577297e-211 5.02528589862e-212 5.75994590435e-213 2.22464565409e-212 
5.05046783948e-206 1.01278925221e-206 -1.1415239284e-211 9.6164940169e-211 6.12075371127e-206 1.01475941053e-206 -4.41965519621e-205 9.07944944953e-206 5.05809519282e-206 -6.66184965938e-212 1.01491751357e-206 -1.30303094795e-209 1.0 1.21682464396e-205 8.80105684833e-211 6.07863966453e-212 -3.71635919073e-205 7.98087005104e-212 2.02011220323e-206 -2.11605389975e-205 -4.04298899202e-206 -6.73319225273e-205 6.41427242786e-212 4.38828449072e-210 6.42573275555e-210 -2.00989078137e-205 -4.0449820671e-206 1.43810297132e-209 2.77656997506e-210 -5.02470698326e-206 -3.6186971772e-205 -3.41669165182e-205 -1.09539008617e-204 9.97467375261e-207 -9.97440696944e-217 2.02956048869e-206 -1.31720314741e-209 2.71836443721e-209 -2.41187236009e-205 0.0 -6.58889571001e-210 1.98493220296e-206 -6.17881350906e-209 -2.87997295217e-213 -2.11151494079e-205 -8.72700078262e-209 3.06640245559e-206 -2.06253462597e-206 7.78008948443e-211 0.0 4.05856409707e-206 8.28749919926e-210 -2.42050124776e-213 1.58188281912e-210 8.90662102815e-211 -5.75994590435e-213 1.99178190217e-206 1.44601825024e-211 5.07421767862e-206 6.32895306414e-211 1.21690659545e-205 3.02461757305e-206 -2.01993516602e-206 5.08049380513e-206 
8.72422749129e-206 1.73959451448e-206 3.27359516624e-211 1.1158978339e-211 1.04197584938e-205 1.73958731455e-206 -7.69479574921e-205 1.57091279108e-205 8.71562606707e-206 1.00059079827e-211 1.73960833964e-206 1.43998647609e-212 1.21682464396e-205 1.0 1.7279837713e-211 0.0 -6.47090481644e-205 9.94965220164e-213 3.48796461585e-206 -3.66640926415e-205 -6.96729948926e-206 -1.17143914017e-204 7.53090527683e-211 4.73738946883e-211 5.76357187059e-213 -3.49683250805e-205 -6.96726449767e-206 1.82541834409e-211 1.81174062721e-211 -8.74204640947e-206 -6.29341516592e-205 -5.94462563801e-205 -1.90577415827e-204 1.75714166406e-206 0.0 3.47918956733e-206 0.0 1.75800893339e-211 -4.19619466298e-205 0.0 1.43998647609e-212 3.52314437449e-206 8.81415430363e-209 1.43998647609e-212 -3.67079703174e-205 8.97717227516e-209 5.2010904297e-206 -3.444165717e-206 4.37846037288e-211 0.0 6.9583907428e-206 2.59542772572e-211 3.01357474579e-213 9.56424741571e-212 5.76357187059e-213 2.87997295217e-212 3.5230201594e-206 0.0 8.69814201276e-206 1.82402467336e-211 2.08839808562e-205 5.24513431754e-206 -3.4880473361e-206 8.69796957772e-206 
1.1823183166e-211 8.63991885652e-212 1.49616104542e-216 5.57724605233e-213 5.49948976312e-211 0.0 -9.45525505459e-211 5.46303804068e-211 9.48131828895e-212 0.0 0.0 1.7279837713e-212 8.80105684833e-211 1.7279837713e-211 1.0 0.0 -8.56924941704e-211 0.0 0.0 -4.80007736039e-211 1.86786625185e-211 -1.53152485507e-210 0.0 3.79072199863e-211 3.90407223663e-212 -4.57171598528e-211 -1.14292899632e-211 1.18218366211e-211 1.6731738157e-212 -1.14286914988e-211 -8.05629039638e-211 -8.22908877351e-211 -2.45812173566e-210 1.6731738157e-212 1.04731273179e-215 0.0 0.0 1.61740135517e-211 -5.48605918234e-211 0.0 1.7279837713e-212 3.974362674e-211 4.8449027914e-211 1.7279837713e-212 -4.80028682293e-211 1.72977916456e-212 8.42157673072e-212 -4.57141675307e-212 0.0 0.0 0.0 5.01952144709e-212 0.0 0.0 4.18925092716e-215 3.45596754261e-212 5.33596775304e-211 1.49616104542e-216 0.0 3.74040261354e-215 2.76477403409e-211 4.70682562781e-211 5.79618664254e-212 3.9599195052e-211 
5.36593471412e-213 1.66848424057e-212 1.08699417588e-211 0.0 -3.7897247888e-211 0.0 -4.35818350712e-210 1.50163581651e-211 8.2887618557e-211 0.0 0.0 3.33696848114e-212 6.07863966453e-212 0.0 0.0 1.0 -3.56150292983e-210 1.66848424057e-212 0.0 -1.95623582931e-210 -3.40236859355e-211 -6.33110417883e-210 5.00545272171e-212 1.64345943727e-211 0.0 -1.87817755199e-210 -2.4012780492e-211 1.00109054434e-211 0.0 -4.06976228977e-211 -3.31064325549e-210 -3.39406746751e-210 -1.03270000495e-209 2.14626535153e-211 0.0 1.11427962126e-211 0.0 0.0 -2.27383487328e-210 0.0 0.0 0.0 1.41934192552e-211 0.0 -1.98960551412e-210 6.67393696227e-212 -1.95078238362e-211 -1.39431712223e-211 3.42152301421e-211 0.0 2.3358779368e-211 1.66848424057e-212 0.0 2.00218108868e-211 2.00218108868e-211 0.0 2.8100493072e-211 3.33696848114e-212 1.08474082058e-210 8.34242120284e-212 3.50381690519e-211 1.44797646937e-211 -1.56116554629e-211 6.96028240074e-212 
-2.78286317382e-205 -5.40229962601e-206 -9.63969695702e-210 -1.30063356839e-210 -3.13999143391e-205 -5.36373315793e-206 2.52920417801e-204 -5.03535326817e-205 -2.75068018389e-205 -2.05459698007e-210 -5.36852430443e-206 -2.57252713321e-208 -3.71635919073e-205 -6.47090481644e-205 -8.56924941704e-211 -3.56150292983e-210 1.0 -2.37355288409e-211 -1.10833596094e-205 1.18231284629e-204 2.1922158697e-205 3.84005790359e-204 -1.29681953813e-209 -3.73727975735e-209 -1.61768710815e-210 1.14630480619e-204 2.19231737336e-205 -5.68951606545e-210 -1.97494547319e-210 2.86564034479e-205 2.05991188937e-204 1.94908524348e-204 6.24737066309e-204 -6.04924394845e-206 -1.94500935904e-215 -1.07279022901e-205 -2.56854613745e-208 -9.63160123238e-210 1.37556297623e-204 0.0 -1.28480586372e-208 -1.24539061789e-205 -3.43391889592e-207 -5.32794996152e-212 1.19972686286e-204 -3.4590891105e-207 -1.53341913341e-205 9.4091448605e-206 -2.84215326054e-209 0.0 -2.14723931968e-205 -7.96225540017e-210 -7.32927702994e-212 -5.73951090017e-210 -2.16409719454e-210 -1.0655899923e-211 -1.23956689926e-205 -3.44822854969e-211 -2.68214429772e-205 -4.94329129076e-210 -6.47108673925e-205 -1.71239169493e-205 1.10948687711e-205 -2.68210791069e-205 
2.59246573557e-212 5.56161413523e-213 1.4417829232e-212 2.88356584639e-213 -2.97801098225e-212 0.0 -3.4070474137e-211 8.30467696607e-212 3.88853625605e-211 0.0 2.20815198602e-212 1.11232282705e-212 7.98087005104e-212 9.94965220164e-213 0.0 1.66848424057e-212 -2.37355288409e-211 1.0 6.97513115281e-213 -1.29362736143e-211 2.79853223281e-212 -4.46910324916e-211 2.94921239246e-212 2.64266476733e-212 0.0 -1.43338934977e-211 1.06959475082e-211 5.81009870547e-212 0.0 -1.49786807372e-212 -2.18518825829e-211 -2.53509874592e-211 -8.11507992664e-211 2.41100908178e-212 0.0 2.26056185977e-212 0.0 2.53935704888e-212 -1.76914137346e-211 0.0 0.0 7.11024939497e-212 3.91368165042e-212 0.0 -1.24626352258e-211 4.24314174657e-212 8.82794919112e-213 5.51407556527e-212 1.26606878266e-211 0.0 1.46276227316e-211 2.08367676325e-212 1.32489119161e-213 6.67393696227e-212 6.67393696227e-212 0.0 1.21544925072e-211 1.11232282705e-212 4.5426194655e-211 2.78080706761e-212 1.26535702107e-211 4.25873913414e-212 2.00030505199e-213 2.41902297817e-212 
1.47570600803e-206 2.89931219092e-207 7.75136342292e-211 1.35449278692e-211 1.72063262793e-206 2.8993236878e-207 -1.31767850525e-205 2.6631509285e-206 1.46733689576e-206 0.0 2.90243820095e-207 0.0 2.02011220323e-206 3.48796461585e-206 0.0 0.0 -1.10833596094e-205 6.97513115281e-213 1.0 -6.22755386294e-206 -1.17013266775e-206 -2.0036457761e-205 3.55756204977e-211 4.10186081594e-211 1.26798581153e-211 -5.98113451812e-206 -1.17020857687e-206 7.17132849841e-211 3.16996452883e-211 -1.49528600935e-206 -1.07572775609e-205 -1.01683272351e-205 -3.25973213342e-205 3.07492889255e-207 0.0 5.79875500788e-207 0.0 6.44418964537e-211 -7.17739179452e-206 0.0 0.0 6.24518696804e-207 8.80329614277e-209 0.0 -6.26906144897e-206 8.788168809e-209 8.5126934796e-207 -5.45441739678e-207 3.89228351403e-211 0.0 1.15974117505e-206 1.26050193435e-211 4.41630397203e-214 6.22163185461e-211 1.26798581153e-211 0.0 6.23127353592e-207 0.0 1.44976155316e-206 1.17839800048e-210 3.48805006305e-206 8.96180959945e-207 -5.89302969213e-207 1.44967785767e-206 
-1.56091959741e-205 -3.0591220228e-206 -5.10408342209e-210 -6.71674606361e-211 -1.7957393551e-205 -3.0442808184e-206 1.40545983224e-204 -2.82025831101e-205 -1.5486703338e-205 -1.10120306774e-210 -3.04688174073e-206 -9.9031817109e-209 -2.11605389975e-205 -3.66640926415e-205 -4.80007736039e-211 -1.95623582931e-210 1.18231284629e-204 -1.29362736143e-211 -6.22755386294e-206 1.0 1.23663879794e-205 2.13574789605e-204 -6.98060342383e-210 -2.03776689968e-209 -8.80372674333e-211 6.37546883445e-205 1.23669947312e-205 -3.183705648e-210 -1.08606834331e-210 1.59379905705e-205 1.14625971348e-204 1.0839875092e-204 3.47463466231e-204 -3.30808600851e-206 -2.99232209083e-216 -6.08879058681e-206 -9.87902360558e-209 -4.96383338867e-210 7.65054744891e-205 0.0 -4.94253577439e-209 -6.75497701681e-206 -1.32251642098e-207 -3.02397159978e-212 6.67854184046e-205 -1.33581313872e-207 -8.8363170824e-206 5.58551606663e-206 -1.54589814075e-209 0.0 -1.21865355053e-205 -4.21752905397e-210 -4.00994738085e-212 -3.11093530575e-210 -1.32857749676e-210 -6.04794319956e-212 -6.72755141559e-206 -2.11341764613e-211 -1.52229925977e-205 -2.81196612889e-210 -3.66650811152e-205 -9.53095321783e-206 6.23383721607e-206 -1.52226984389e-205 
-2.92324262111e-206 -5.84796681536e-207 -3.59710017029e-211 2.21082760591e-211 -3.44782151352e-206 -5.79862581895e-207 2.60654998816e-205 -5.27454293383e-206 -2.91667480278e-206 -3.18586829887e-212 -5.8034611535e-207 -3.28895090681e-209 -4.04298899202e-206 -6.96729948926e-206 1.86786625185e-211 -3.40236859355e-211 2.1922158697e-205 2.79853223281e-212 -1.17013266775e-206 1.23663879794e-205 1.0 3.96533657786e-205 -8.84171248066e-211 -2.9103575546e-210 7.37314433817e-211 1.18371070299e-205 2.34441069063e-206 1.92470593147e-210 4.99930231263e-211 2.95917883297e-206 2.12977847382e-205 2.01275629936e-205 6.45120760989e-205 -5.97479269422e-207 -9.97440696944e-217 -1.1597304529e-206 -3.29300786853e-209 3.12849936114e-210 1.42045410197e-205 0.0 -1.64578394103e-209 -1.20548101522e-206 -8.48250216985e-209 7.19993238043e-213 1.24141180789e-205 -9.06687723287e-209 -1.71262411827e-206 1.13108225803e-206 -2.20712174394e-210 0.0 -2.32155793922e-206 6.60657525701e-211 -3.23015697596e-213 4.65058802303e-211 2.34795550329e-211 1.43998647609e-212 -1.19743483391e-206 3.33695423198e-212 -2.8991059995e-206 2.07026451822e-211 -6.96726284684e-206 -1.76561213345e-206 1.17166347763e-206 -2.8986445075e-206 
-5.02986022437e-205 -9.77897024394e-206 -1.61293913919e-209 -2.08473981153e-210 -5.69320585913e-205 -9.71270546822e-206 4.56419341831e-204 -9.09872029627e-205 -4.97460652409e-205 -3.49532308562e-210 -9.7209284402e-206 -4.42093666543e-208 -6.73319225273e-205 -1.17143914017e-204 -1.53152485507e-210 -6.33110417883e-210 3.84005790359e-204 -4.46910324916e-211 -2.0036457761e-205 2.13574789605e-204 3.96533657786e-205 1.0 -2.19541112232e-209 -6.49139918474e-209 -2.77422662498e-210 2.06890814957e-204 3.96552901699e-205 -1.0056106279e-209 -3.37636672715e-210 5.17205268302e-205 3.71812709685e-204 3.51777055826e-204 1.12755584768e-203 -1.08903572797e-205 -3.34142633476e-215 -1.94261087515e-205 -4.41263054383e-208 -1.57766046632e-209 2.4826848099e-204 0.0 -2.20728006285e-208 -2.23912424348e-205 -5.89956623873e-207 -9.64790938978e-212 2.16567524209e-204 -5.94227042741e-207 -2.78375972067e-205 1.71606957832e-205 -4.92094824454e-209 0.0 -3.88808975797e-205 -1.35100632809e-209 -1.27421180973e-211 -9.54410627658e-210 -4.5634302786e-210 -1.92958187796e-211 -2.22918414697e-205 -7.34137839316e-211 -4.85687379024e-205 -8.95574838962e-210 -1.17147117098e-204 -3.09122582062e-205 2.00566189858e-205 -4.85676610581e-205 
4.18991561509e-211 1.66848424057e-212 1.50576462585e-211 7.84965939046e-212 -1.32591668631e-210 4.31133228181e-213 -1.5536111031e-209 1.07324557553e-210 1.26543003521e-210 2.74792247149e-212 4.70396406214e-211 3.33696848114e-212 6.41427242786e-212 7.53090527683e-211 0.0 5.00545272171e-212 -1.29681953813e-209 2.94921239246e-212 3.55756204977e-211 -6.98060342383e-210 -8.84171248066e-211 -2.19541112232e-209 1.0 2.22793011625e-211 1.44089296765e-212 -5.60897071595e-210 -8.67178575447e-211 3.4717088699e-211 3.94572272806e-212 -1.41302602325e-210 -1.10548056603e-209 -1.20900373963e-209 -3.69763814675e-209 3.15402962828e-211 0.0 5.95253096887e-211 0.0 1.10916954986e-211 -6.92268620792e-210 0.0 0.0 2.36973187175e-211 2.01059878664e-211 0.0 -7.06325393346e-210 1.03646916665e-210 -6.75723375371e-211 -6.28411187783e-211 1.512514661e-210 0.0 3.4698874401e-211 4.74960386884e-212 2.13454691982e-213 1.26637615028e-210 2.14627038545e-211 0.0 -3.99583980563e-212 3.33696848114e-212 1.38273871633e-210 2.36079440251e-211 6.4217423564e-211 7.68437291019e-211 -1.48727949012e-212 7.58378480829e-212 
5.43936631507e-211 1.60683490014e-211 6.35811142316e-211 1.48655779288e-211 1.54112520394e-211 1.72453291273e-212 -4.33218996332e-209 2.26062314406e-210 2.53733823595e-210 2.14089822518e-211 8.03459597201e-211 6.21694143331e-212 4.38828449072e-210 4.73738946883e-211 3.79072199863e-211 1.64345943727e-211 -3.73727975735e-209 2.64266476733e-212 4.10186081594e-211 -2.03776689968e-209 -2.9103575546e-210 -6.49139918474e-209 2.22793011625e-211 1.0 2.45771477939e-211 -1.92500141261e-209 -3.14730929585e-210 8.37042198118e-211 2.40875744099e-211 -4.07786836793e-210 -3.48757178358e-209 -3.34414882761e-209 -1.06041875826e-208 5.61982628485e-211 3.98976278778e-216 3.29438712483e-211 0.0 1.26075050548e-210 -2.28088201132e-209 0.0 2.87997295217e-212 8.75043346069e-211 1.74189612047e-210 2.87997295217e-212 -2.03633106267e-209 7.00365929574e-211 -1.59916325527e-210 -1.68800694535e-210 9.49665402833e-211 0.0 4.40618584612e-210 5.68918164128e-211 6.62445595805e-214 5.94267695088e-211 2.11761211661e-211 5.75994590435e-212 1.38178156173e-210 3.33702547775e-212 2.57434066634e-210 3.91077891163e-211 2.96764785707e-210 3.13788401396e-210 -1.21170803017e-210 2.983116481e-210 
6.08665122977e-211 0.0 3.16996452883e-212 4.48042942369e-212 4.32199303892e-210 0.0 -1.17801629911e-210 2.21139685249e-211 7.18446212997e-211 0.0 1.23916795218e-211 0.0 6.42573275555e-210 5.76357187059e-213 3.90407223663e-212 0.0 -1.61768710815e-210 0.0 1.26798581153e-211 -8.80372674333e-211 7.37314433817e-211 -2.77422662498e-210 1.44089296765e-212 2.45771477939e-211 1.0 -8.2692302229e-211 -2.09612541508e-211 6.17310480782e-211 1.31531096775e-211 -2.09612541508e-211 -1.49480136918e-210 -1.50632851292e-210 -4.33530907067e-210 1.20003953034e-211 0.0 5.76357187059e-213 0.0 1.15811702204e-210 -1.00614019924e-210 0.0 0.0 4.03450030942e-212 1.10466737e-210 0.0 -8.80372674333e-211 0.0 4.91542955878e-211 -8.38450166031e-212 1.72907156118e-212 0.0 2.8817859353e-213 3.54248287232e-211 0.0 2.30542874824e-212 5.76357187059e-213 0.0 1.70468713517e-210 0.0 4.61085749647e-212 4.89903609e-212 3.74632171589e-212 2.83398629785e-210 -8.09632306678e-212 2.78053664581e-210 
