64 7 3
0.02 0.04 0.02 0.12 0.02 0.02 0.76 
0.02 0.02 0.08 0.04 0.1 0.72 0.02 
0.04 0.02 0.06 0.06 0.66 0.1 0.06 
1.0 1.46059764422e-207 3.42353421905e-209 7.45547320505e-210 4.0 1.45071747642e-207 46.0 1.36311573376e-206 7.5336994318e-207 3.22153979991e-210 1.52947938056e-207 8.71106540422e-210 2.0 1.74947494427e-206 2.42235597829e-216 3.2656326712e-210 39.0 2.12992255993e-210 3.04905198412e-207 21.0 5.0 67.0 1.20076756957e-209 3.16677093553e-209 2.129970984e-210 20.0 5.0 2.23391048252e-209 1.06340825924e-209 5.0 36.0 36.0 109.0 1.6296556871e-207 4.98720348472e-217 2.90789699089e-207 6.58601573706e-210 3.73105862931e-209 24.0 0.0 3.29300793977e-210 3.36218727855e-207 1.04845861543e-208 7.12457640674e-218 21.0 1.40669415617e-208 3.0 2.0 2.72174450973e-209 0.0 5.85506569655e-207 1.9242998721e-209 1.90949875278e-213 3.4068364597e-209 1.48802700557e-209 1.42491528135e-217 2.0 2.12504966717e-210 7.38971840738e-207 3.51482168684e-209 1.76531288772e-206 4.64518040324e-207 2.0 7.29306782967e-207 
78.0 3.49638454815e-210 8.5 8.5 1.0 3.4727333625e-210 2.0 14.5 155.5 4.0 25.0 2.08525835967e-212 66.0 8.0 5.7986455381e-219 7.81728469623e-213 13.5 9.0 3.0 16.0 31.0 100.5 84.5 14.5 5.09873315621e-213 161.0 76.0 46.0 0.5 31.5 90.0 15.0 1.2709040383e-212 57.0 1.19383878726e-219 90.0 1.57656311086e-212 7.5 175.5 0.0 7.88281572487e-213 80.5 10.5 1.7054839818e-220 2.95267684281e-211 3.36735016044e-211 37.5 1.36266671576e-210 149.0 0.0 59.5 7.5 1.5 133.5 3.56204506429e-212 3.41096796359e-220 56.0 5.08695248807e-213 147.0 8.41379436974e-212 23.0 75.5 75.0 7.0 
10.0 1.46059764422e-207 1.0 7.45547320505e-210 1.46725349291e-206 1.45071747642e-207 1.0 15.0 7.5336994318e-207 3.22153979991e-210 1.52947938056e-207 8.71106540422e-210 1.31885166124e-206 1.74947494427e-206 21.0 3.2656326712e-210 2.91616900094e-207 2.12992255993e-210 3.04905198412e-207 15.0 3.0 4.76012566963e-209 1.20076756957e-209 8.0 2.129970984e-210 8.53999138635e-210 1.91890123388e-207 2.23391048252e-209 1.06340825924e-209 4.0 1.02040528079e-208 3.08184774878e-207 5.30913982375e-210 1.6296556871e-207 7.0 2.90789699089e-207 6.58601573706e-210 3.73105862931e-209 1.80986510904e-209 0.0 3.29300793977e-210 3.36218727855e-207 7.0 7.12457640674e-218 1.0 12.0 9.0 2.0 2.72174450973e-209 0.0 5.85506569655e-207 1.9242998721e-209 1.90949875278e-213 3.4068364597e-209 28.0 1.42491528135e-217 14.0 1.0 7.38971840738e-207 25.0 1.76531288772e-206 1.0 1.28344142718e-208 5.0 
9.33333333333 0.166666666667 5.33333333333 1.16666666667 1.98298375616e-213 0.166666666667 2.66666666667 8.0 17.1666666667 0.5 12.3333333333 0.333333333333 8.16666666667 1.66666666667 3.27379868564e-223 0.5 2.5 0.333333333333 9.16666666667 2.16666666667 8.16666666667 7.16666666667 1.83333333333 4.83333333333 0.333333333333 1.33333333333 18.5 3.5 1.66666666667 3.0 2.16666666667 0.5 0.833333333333 0.666666666667 6.74017376455e-224 1.33333333333 8.90095834666e-217 5.83333333333 2.83333333333 0.0 4.45047926962e-217 3.16666666667 2.66666666667 9.62881966364e-225 3.66666666667 8.16666666667 6.66666666667 6.66666666667 4.16666666667 0.0 8.16666666667 3.0 2.58067540985e-220 5.33333333333 2.33333333333 1.92576393273e-224 8.16666666667 0.333333333333 22.1666666667 5.5 26.5 5.0 5.33333333333 7.0 
3.0 5.0 3.42353421905e-209 7.45547320505e-210 1.46725349291e-206 1.45071747642e-207 2.91683377177e-207 30.0 7.5336994318e-207 3.22153979991e-210 1.52947938056e-207 1.0 1.31885166124e-206 10.0 12.0 3.2656326712e-210 2.0 2.12992255993e-210 3.04905198412e-207 5.60235134637e-208 10.0 4.76012566963e-209 1.20076756957e-209 20.0 2.129970984e-210 8.53999138635e-210 1.91890123388e-207 2.0 1.06340825924e-209 1.9372719851e-209 1.0 3.08184774878e-207 5.30913982375e-210 1.6296556871e-207 4.98720348472e-217 2.90789699089e-207 6.58601573706e-210 3.73105862931e-209 1.80986510904e-209 0.0 1.0 23.0 19.0 1.0 1.23346639403e-208 1.0 4.0 5.69247394698e-208 2.72174450973e-209 0.0 5.85506569655e-207 1.9242998721e-209 1.90949875278e-213 3.4068364597e-209 1.48802700557e-209 2.0 19.0 2.12504966717e-210 7.38971840738e-207 3.51482168684e-209 16.0 4.0 6.0 7.29306782967e-207 
16.0 1.46059764422e-207 3.42353421905e-209 1.0 115.0 1.45071747642e-207 19.0 5.0 17.0 3.22153979991e-210 1.52947938056e-207 8.71106540422e-210 166.0 1.74947494427e-206 1.0 3.2656326712e-210 2.91616900094e-207 2.12992255993e-210 3.04905198412e-207 5.60235134637e-208 23.0 4.76012566963e-209 1.20076756957e-209 6.0 7.0 8.53999138635e-210 1.91890123388e-207 15.0 3.0 1.9372719851e-209 1.02040528079e-208 3.08184774878e-207 6.0 3.0 4.98720348472e-217 2.90789699089e-207 6.58601573706e-210 29.0 1.80986510904e-209 0.0 3.29300793977e-210 3.36218727855e-207 28.0 7.12457640674e-218 1.23346639403e-208 1.40669415617e-208 15.0 5.69247394698e-208 2.72174450973e-209 0.0 5.85506569655e-207 9.0 1.90949875278e-213 3.4068364597e-209 1.48802700557e-209 1.42491528135e-217 45.0 2.12504966717e-210 7.38971840738e-207 3.51482168684e-209 1.76531288772e-206 72.0 1.28344142718e-208 71.0 
0.763157894737 0.105263157895 0.131578947368 0.0263157894737 0.657894736842 0.0263157894737 0.315789473684 2.18421052632 0.789473684211 0.0526315789474 0.157894736842 0.0526315789474 0.842105263158 0.657894736842 7.186198863e-221 0.0526315789474 0.789473684211 6.31866134277e-215 0.210526315789 0.447368421053 1.10526315789 0.0526315789474 0.157894736842 0.657894736842 6.31880499836e-215 0.0263157894737 0.315789473684 6.62715352879e-214 3.15472345599e-214 0.236842105263 0.184210526316 0.921052631579 1.5750176649e-214 0.289473684211 1.47951153062e-221 0.105263157895 0.0526315789474 1.10686164709e-213 0.0526315789474 0.0 0.0263157894737 0.526315789474 0.131578947368 2.11358790088e-222 0.421052631579 0.552631578947 0.473684210526 0.184210526316 0.157894736842 0.0 0.684210526316 0.0526315789474 0.0263157894737 0.0789473684211 4.41440402293e-214 4.22717580176e-222 1.84210526316 6.30420534342e-215 0.236842105263 0.105263157895 0.894736842105 0.552631578947 0.0789473684211 0.157894736842 
5.0 150.0 7.47103501481e-202 9.0 1.42491528135e-217 3.01870262958e-203 11.0 18.0 8.0 129.0 4.44640968997e-202 1.0 3.68142476971e-202 3.0 1.37140297898e-209 5.0 24.0 3.0 3.43439806689e-202 5.9073655944e-203 17.0 22.0 11.0 21.0 1.82556619384e-208 2.30652913571e-207 355.0 4.05434441751e-202 55.0 364.0 35.0 14.0 1.77857308048e-203 10.0 1.88484224759e-215 1.45419018303e-203 0.0 3.92335049519e-202 3.0 3.3187612776e-209 0.0 3.0 3.0 1.0 2.95375953563e-203 4.0 1.0 1.4289897371e-210 18.0 0.0 31.0 28.0 1.06908091383e-207 25.0 7.63237419087e-203 0.0 16.0 4.0074193352e-207 5.0 8.64738162907e-202 4.0 3.0 2.07540154808e-202 121.0 
2.13617989685e-202 109.0 108.0 190.0 1.0 3.01870262958e-203 2.0 10.0 10.0 2.0 4.44640968997e-202 8.0 2.0 9.27566616e-202 15.0 20.0 41.0 2.0 201.0 1.0 17.0 32.0 19.0 15.0 359.0 2.30652913571e-207 8.31956156802e-209 6.0 19.0 1.90816174839e-203 52.0 18.0 1.77857308048e-203 25.0 7.0 38.0 0.0 78.0 1.6598011904e-202 5.0 0.0 1.99543186311e-201 237.0 31.0 2.95375953563e-203 1.02858971927e-208 78.0 1.0 45.0 0.0 2.04921818995e-202 6.47941765296e-202 1.06908091383e-207 1.78114410169e-216 7.63237419087e-203 0.0 16.0 4.0074193352e-207 14.0 8.64738162907e-202 1.34741488e-202 8.0 26.0 70.0 
6.0 0.5 7.25 2.0 1.15377585772e-222 3.25 7.0 19.75 7.5 0.5 1.25 3.62508804593e-213 4.5 6.25 1.110446122e-214 0.75 1.5 0.25 0.5 2.0 30.75 0.25 17.5 54.75 1.0 0.75 5.75 10.75 2.55276845733e-213 0.25 0.75 5.5 1.44013802667e-208 4.75 1.52618580862e-220 0.5 0.0 0.5 1.0 2.68725214036e-214 0.0 2.75 9.5 1.0 2.39170460612e-208 17.25 6.25 36.25 2.0 0.0 7.0 7.5 8.65651287814e-213 1.44221982215e-221 6.18005097833e-208 0.0 30.5 4.25 5.25 7.00191813979e-207 4.0 18.0 6.0 21.0 
3.41821599945e-204 8.64525319769e-205 1.195480374e-203 2.36326228466e-205 2.28008334867e-219 4.83038794683e-205 181.0 59.5 3.5 6.5 7.11493857084e-204 7.16387228564e-210 5.89084517982e-204 52.5 2.1944554442e-211 1.36664242348e-204 14.0 5.34251287162e-204 5.49556450654e-204 9.45269245308e-205 8.0 2.0 3.0 32.0 2.0 3.69080095103e-209 1.33125765775e-210 6.487573905e-204 0.5 3.05335193327e-205 7.0 27.0 10.5 1.31296328236e-203 2.5 2.32692768864e-205 0.0 6.27796350573e-204 2.0 5.31052787931e-211 0.0 54.5 18.0 1.37209601863e-210 4.72646901982e-205 1.64590156496e-210 1.42138158644e-203 2.28660310379e-212 3.0 0.0 1.5 1.03680636266e-203 1.7106936966e-209 2.85010418583e-218 1.22129712069e-204 0.0 32.0 6.41248656458e-209 2.5 1.38371390356e-203 2.15607080073e-204 1.47510095301e-203 3.32096130452e-204 1.0 
16.0 12.6 30.0 6.6 9.03975479896e-226 1.91508449236e-211 30.2 74.6 20.0 1.0 0.4 2.84023164816e-216 10.8 40.8 8.70026928816e-218 1.4 40.0 0.8 3.4 6.2 55.6 19.0 11.4 58.4 2.2 27.8 1.0 36.4 3.8 1.21055016729e-211 21.4 46.2 1.2 11.4 1.19575612501e-223 3.8 0.0 31.8 31.6 0.4 0.0 23.2 40.6 0.2 0.2 1.2 37.8 9.06560341004e-219 11.0 0.0 0.8 0.2 12.8 1.12996934987e-224 47.8 0.0 89.6 20.4 10.2 45.8 0.4 45.2 57.0 11.4 
0.388888888889 0.166666666667 1.27777777778 0.0833333333333 4.55660305112e-226 0.0555555555556 0.611111111111 2.63888888889 2.02777777778 0.194444444444 0.777777777778 0.0555555555556 0.666666666667 2.19444444444 0.0277777777778 0.25 0.638888888889 0.638888888889 0.638888888889 0.111111111111 3.41666666667 0.666666666667 0.777777777778 2.02777777778 5.83780705967e-217 7.375833381e-216 2.66043463222e-217 0.722222222222 1.00816397428e-216 0.138888888889 0.444444444444 1.27777777778 0.0277777777778 1.38888888889 6.02736039727e-224 0.0277777777778 0.0 0.666666666667 0.361111111111 1.06127556925e-217 0.0 4.08333333333 4.36111111111 0.0277777777778 0.138888888889 0.0277777777778 2.08333333333 4.56963237136e-219 0.277777777778 0.0 0.361111111111 1.41666666667 0.0277777777778 5.6957538139e-225 0.111111111111 0.0 6.0 0.0833333333333 0.805555555556 1.30555555556 0.25 1.86111111111 0.416666666667 1.88888888889 
2.13617989685e-202 5.40276450847e-203 7.47103501481e-202 1.47689712537e-203 1.0 11.0 5.0 96.0 9.0 9.97212759556e-203 157.0 4.47699032556e-208 6.0 3.0 77.0 8.54069512196e-203 21.0 3.3387499786e-202 4.0 5.9073655944e-203 21.0 3.54440425432e-202 3.0 31.0 1.0 2.30652913571e-207 8.31956156802e-209 1.0 4.0 1.90816174839e-203 2.25123794864e-202 28.0 1.77857308048e-203 6.0 1.88484224759e-215 1.45419018303e-203 0.0 3.92335049519e-202 1.6598011904e-202 3.3187612776e-209 0.0 3.0 16.0 97.0 2.95375953563e-203 1.02858971927e-208 2.0 18.0 1.0 0.0 26.0 3.0 1.06908091383e-207 1.78114410169e-216 7.63237419087e-203 0.0 56.0 4.0074193352e-207 2.0 8.0 1.34741488e-202 2.0 12.0 7.0 
4.10891719939e-205 2.5 1.44246353221e-201 19.0 4.0 8.2031816709e-215 0.5 6.5 10.5 4.0 9.42520542059e-216 2.5 0.5 8.0 2.0 3.5 27.0 0.5 0.5 1.23166512458e-201 1.5 9.5 1.0 14.0 29.0 0.0 0.0 0.5 4.0 1.35704134684e-204 18.5 36.0 7.41725627717e-203 1.35163388627e-201 12.5 1.0 1.0236002549e-200 16.0 1.960289735e-202 6.0 1.5 2.5 29.5 15.0 1.5 0.0 8.0 31.0 6.0 5.95009402769e-202 1.78275573446e-204 1.85208065032e-212 16.0 2.22894836757e-219 0.0 11.0 7.0 0.0 5.5 2.21252815788e-215 1.10626407894e-215 1.0 3.0067447225e-202 4.0 
2.62673599461e-203 1.0 9.22133666144e-200 3.45327982139e-200 8.56487349431e-200 318.0 2.0 9.0 36.0 4.08610618919e-200 6.0253164358e-214 15.0 5.09087258643e-199 1.0 177.0 5.0 13.0 16.0 3.52694662578e-213 7.87375106154e-200 26.0 5.0 75.0 19.0 1.15141633046e-199 0.0 0.0 2.52053624987e-199 2.07203725226e-200 8.67525233276e-203 14.0 17.0 4.74168086117e-201 1.0 102.0 3.0 6.54364033919e-199 2.57073304468e-199 1.25316801408e-200 1.1810411391e-201 8.18494686786e-199 2.24850101249e-202 57.0 1.0 1.0 0.0 3.0 4.0 26.0 5.0 1.13967462231e-202 98.0 1.0 2.0 0.0 35.0 35.0 0.0 21.0 1.41441822002e-213 7.07209110011e-214 2.0542741156e-199 3.0 53.0 
0.333333333333 1.0 9.0 2.0 2.33333333333 2.71854099884e-216 1.66666666667 20.0 2.0 14.6666666667 0.666666666667 0.333333333333 0.666666666667 40.6666666667 2.49892525629e-203 0.333333333333 23.3333333333 0.333333333333 0.666666666667 24.6666666667 7.0 7.33333333333 4.66666666667 6.66666666667 1.66666666667 0.0 0.0 11.3333333333 1.66666666667 4.4972459303e-206 11.0 22.0 1.33333333333 9.33333333333 1.0 8.95432520688e-214 0.666666666667 1.33333333333 4.33333333333 6.12251062289e-205 1.66666666667 1.66666666667 5.33333333333 0.333333333333 21.6666666667 0.0 3.0 2.66666666667 1.0 1.97186594301e-203 1.33333333333 6.1378101608e-214 5.0 7.38675280472e-221 0.0 0.666666666667 6.33333333333 0.0 1.0 7.33233609784e-217 3.66616804892e-217 0.666666666667 14.0 0.666666666667 
1.74152136822e-207 22.6666666667 35.3333333333 27.6666666667 5.6784961401e-204 1.66666666667 15.0 19.0 19.6666666667 61.3333333333 3.99477425397e-218 12.3333333333 0.666666666667 10.0 20.0 35.0 48.6666666667 143.666666667 1.0 4.33333333333 20.0 41.6666666667 29.6666666667 79.3333333333 95.0 0.0 0.0 9.33333333333 91.0 5.75167711686e-207 33.0 31.0 3.14372611407e-205 38.0 1.29628173492e-203 22.0 4.33842209496e-203 27.3333333333 16.0 17.0 3.0 3.66666666667 36.3333333333 15.3333333333 34.6666666667 0.0 15.6666666667 22.3333333333 9.0 0.333333333333 4.33333333333 11.6666666667 4.33333333333 9.44716338248e-222 0.0 34.0 23.3333333333 0.0 11.3333333333 9.37756804956e-218 4.68878402478e-218 25.6666666667 17.6666666667 23.6666666667 
0.0606060606061 2.87878787879 1.0 0.575757575758 0.212121212121 5.63495631906e-225 2.30303030303 2.60606060606 1.84848484848 0.333333333333 6.47439286047e-226 1.45454545455 1.21212121212 0.848484848485 0.909090909091 0.909090909091 2.15151515152 0.363636363636 3.78981557177e-225 0.636363636364 1.66666666667 0.181818181818 0.121212121212 2.75757575758 0.424242424242 0.0 0.0 0.848484848485 0.151515151515 0.0909090909091 0.666666666667 4.18181818182 0.0606060606061 0.30303030303 0.969696969697 1.85604084798e-222 1.45454545455 0.909090909091 0.242424242424 0.242424242424 4.78787878788 0.0606060606061 2.63636363636 1.87878787879 0.30303030303 0.0 1.33333333333 0.030303030303 0.30303030303 0.818181818182 0.0606060606061 1.27223728337e-222 1.60606060606 1.53111648536e-229 0.0 1.27272727273 3.78787878788 0.0 0.515151515152 1.51983706134e-225 7.59918530669e-226 1.12121212121 0.151515151515 0.484848484848 
1.68618751676e-209 13.8 5.91947679487e-206 2.2167729603e-206 5.49807167464e-206 3.36636195376e-219 0.4 2.0 9.0 2.62300484803e-206 3.86784716066e-220 21.0 3.26799717302e-205 1.0 14.4 27.0 18.2 3.4 2.26406208499e-219 0.2 0.8 9.2 1.2 1.83852113016e-205 7.39131700712e-206 0.0 0.0 0.2 11.0 5.5689274515e-209 8.4 13.2 3.04383961424e-207 3.0 0.2 2.0 4.20057618152e-205 1.65023739643e-205 8.04449425475e-207 3.0 29.0 0.8 2.8 2.6 2.0 0.0 1.45362358789e-205 2.9716703073e-207 4.8 45.6 0.2 1.4 25.4 9.14699598581e-224 0.0 19.6 5.2 0.0 7.4 9.0796119251e-220 4.53980596255e-220 0.2 1.23388600235e-206 6.2 
0.666666666667 20.6666666667 16.0 3.0 1.0 0.333333333333 14.6666666667 10.3333333333 5.0 6.33333333333 0.333333333333 4.0 1.66666666667 3.66666666667 46.6666666667 8.66666666667 10.0 18.0 0.333333333333 1.43711749303e-203 8.66666666667 5.0 5.66666666667 20.3333333333 12.3333333333 0.0 0.0 12.0 44.3333333333 1.58340755079e-206 8.33333333333 14.0 1.33333333333 11.0 61.3333333333 23.0 1.19434560809e-202 24.3333333333 0.666666666667 17.0 1.49391696936e-202 1.0 17.3333333333 60.3333333333 1.66666666667 0.0 5.33333333333 8.44932034761e-205 6.66666666667 6.94262104342e-204 2.33333333333 2.66666666667 2.41953176065e-203 2.60075618458e-221 0.0 3.22864131983e-203 10.6666666667 0.0 1.66666666667 1.33333333333 0.666666666667 11.0 3.0 11.3333333333 
1.0 7.24371407839e-207 1.26477045194e-208 1.81559814492e-209 4.27681627678e-206 7.25995566782e-207 -3.33222822456e-205 6.71042217385e-206 3.72142049639e-206 3.18003786421e-210 7.95968664614e-207 4.03923238504e-210 5.10798640836e-206 8.72634694004e-206 1.62440342074e-215 1.58598136921e-209 -2.80259196576e-205 4.24522622783e-210 1.52215062067e-206 -1.57205107385e-205 -2.92677963965e-206 -5.06458401527e-205 9.37933602277e-209 2.44938763865e-208 1.70397713631e-209 -1.51160083571e-205 -2.92391521354e-206 1.40590662572e-208 4.79123474706e-209 -3.76847959055e-206 -2.71831183739e-205 -2.57134649063e-205 -8.24055736579e-205 7.81209182265e-207 4.48848313625e-216 1.45289802265e-206 -6.58601573706e-210 2.28217593076e-208 -1.81425287499e-205 0.0 -3.29300772604e-210 1.59868317217e-206 3.27120474403e-208 1.42491528135e-217 -1.58536353065e-205 7.28657655122e-208 2.12574523371e-206 -1.35642085319e-206 1.48084719448e-208 0.0 2.93830513419e-206 4.97923105229e-209 -1.90949875278e-213 2.51759075462e-208 8.07912697138e-209 2.8498305627e-217 1.59436546816e-206 1.06252486208e-209 3.67569746816e-206 2.5734102985e-208 8.95947358981e-206 2.26908492489e-206 -1.45563584784e-206 3.68910081659e-206 
7.24371407839e-207 1.0 0.0 0.0 8.65417037772e-207 1.44965609546e-207 -6.42881794432e-206 1.3056467593e-206 7.2960940932e-207 0.0 1.44965609546e-207 2.18830971633e-209 1.01416474427e-206 1.73958731491e-206 4.27474584404e-216 3.18757439388e-210 -5.40554957345e-206 1.06252479796e-210 2.89931219092e-207 -3.06111513374e-206 -5.84483192369e-207 -9.78589796379e-206 3.18757439388e-210 3.18758151846e-210 0.0 -2.92108903596e-206 -5.83845677846e-207 6.37514950022e-210 0.0 -7.2987381219e-207 -5.25751400427e-206 -4.96811404762e-206 -1.5920514322e-205 1.45071862026e-207 0.0 2.90143724051e-207 1.97580472112e-209 0.0 -3.50543434613e-206 0.0 9.87902396181e-210 2.89931219911e-207 6.37515555611e-210 3.56228820337e-217 -3.06725505286e-206 4.25009954807e-210 4.31720616632e-207 -2.91800771404e-207 1.91254463633e-209 0.0 5.81349972901e-207 1.06252479796e-210 0.0 1.27502975755e-209 1.27502975755e-209 7.12457640674e-217 2.89442949693e-207 2.12504959592e-210 7.31203196517e-207 5.3126239898e-210 1.7418186172e-206 4.35321838699e-207 -2.89931218949e-207 7.25040552689e-207 
1.26477045194e-208 0.0 1.0 7.02597204173e-209 -1.36795850465e-208 3.18414287064e-210 -1.43456175751e-207 3.05753684441e-208 5.55294188993e-208 2.54871685893e-209 6.13067384235e-208 0.0 8.82074420101e-209 9.57364616223e-209 1.49616104542e-216 1.08699417588e-211 -1.25417063473e-207 1.06695613158e-209 5.7293468435e-208 -6.01563663406e-208 2.34579733147e-208 -1.83302211876e-207 6.81850103096e-209 1.62010874561e-208 2.34296753381e-209 -6.12229356597e-208 6.62633697569e-208 1.5754620449e-208 1.01047658484e-208 -7.77097169623e-209 -1.15249644357e-207 -1.21008249763e-207 -3.68917924572e-207 1.83305531125e-209 4.98720348472e-217 5.75810498786e-209 0.0 3.12305335455e-208 -6.77080255021e-208 0.0 0.0 1.7992844172e-208 1.06535576658e-208 0.0 -4.84211836983e-208 2.76937702514e-208 2.63954848778e-208 3.26303084445e-208 7.88829053223e-209 0.0 2.23593391949e-208 1.44843364508e-208 0.0 1.42660715741e-208 2.3429677333e-209 0.0 2.49298662089e-208 7.12457640674e-218 6.71653811514e-208 2.55419684684e-208 5.59175627941e-208 2.28927073191e-208 6.55885346232e-209 1.75723744536e-208 
1.81559814492e-209 0.0 7.02597204173e-209 1.0 -2.98210504362e-209 0.0 -2.9832471826e-208 4.90445064079e-209 1.58365861129e-208 9.55977369787e-210 9.79596888237e-209 0.0 1.38948998632e-209 2.76406393666e-209 7.12457640674e-218 0.0 -2.75839437461e-208 2.13391226315e-210 1.00120438142e-208 -1.33078555359e-208 5.110714005e-209 -4.09858774518e-208 1.07139400906e-209 2.9822872177e-209 4.25994146928e-210 -1.30898840514e-208 1.69252281839e-208 3.30011287752e-209 2.6577664627e-209 -2.21082025543e-210 -2.53416794123e-208 -2.6411634177e-208 -7.96719184032e-208 2.16569587774e-210 0.0 1.70660895715e-209 0.0 6.5008104082e-209 -1.24633482195e-208 0.0 0.0 2.98195867939e-209 2.34352499481e-209 0.0 -1.09618867517e-208 7.76569563585e-209 5.858330086e-209 6.40438073265e-209 1.6070264901e-209 0.0 5.74577951629e-209 3.72317975534e-209 0.0 2.3522086304e-209 4.25994097056e-210 0.0 4.90211109508e-209 0.0 2.1566058853e-208 4.89514141629e-209 1.57288899065e-208 5.42939461234e-209 -4.18276256595e-210 4.78643692793e-209 
4.27681627678e-206 8.65417037772e-207 -1.36795850465e-208 -2.98210504362e-209 1.0 8.69369104893e-207 -3.72346983025e-205 7.69977847537e-206 4.26994194189e-206 -1.28857666393e-209 8.37864343233e-207 -3.48442616169e-209 6.09490612285e-206 1.04155259646e-205 -1.49616104542e-216 -1.30625306848e-209 -3.13046101763e-205 -8.51969023973e-210 1.69724380985e-206 -1.79081852281e-205 -3.45700687978e-206 -5.67757190142e-205 -4.79996880391e-209 -1.26462082547e-208 -8.51982658316e-210 -1.69457074795e-205 -3.4832574851e-206 -8.93545298802e-209 -4.253625672e-209 -4.24328110332e-206 -3.05193949222e-205 -2.8794409616e-205 -9.23376340035e-205 8.32899001528e-207 -1.99488139389e-216 1.73615415024e-206 -2.63440629482e-209 -1.49241469657e-208 -2.03379899162e-205 0.0 -1.31720317591e-209 1.64219934237e-206 -2.43858060548e-208 -2.8498305627e-217 -1.7821196311e-205 -3.86663279357e-208 2.64248553804e-206 -1.81661403019e-206 -1.08858101719e-208 0.0 3.45671818404e-206 -7.66825529313e-209 -5.80210132455e-213 -1.36212066811e-208 -5.95210802228e-209 -5.69966112539e-217 1.64060518681e-206 -8.50019866867e-210 4.29239321739e-206 -1.40592867474e-208 1.03521782292e-205 2.5435612443e-206 -1.72801405622e-206 4.33105342323e-206 
7.25995566782e-207 1.44965609546e-207 3.18414287064e-210 0.0 8.69369104893e-207 1.0 -6.38326303433e-206 1.30638869544e-206 7.24934185825e-207 0.0 1.48043614321e-207 0.0 1.01486540492e-206 1.73958731455e-206 0.0 0.0 -5.36786693893e-206 0.0 2.90780323857e-207 -3.04650670047e-206 -5.79968576279e-207 -9.71980709199e-206 3.18414287064e-210 1.27365714825e-209 0.0 -2.90143495283e-206 -5.78588781035e-207 1.06138095688e-210 0.0 -7.25358738208e-207 -5.2225829151e-206 -4.93265169601e-206 -1.58128204929e-205 1.45177885737e-207 0.0 2.89931219092e-207 0.0 0.0 -3.4817219434e-206 0.0 0.0 2.9046190957e-207 0.0 0.0 -3.04650670047e-206 0.0 4.34896828638e-207 -2.90143495283e-207 0.0 0.0 5.80180852471e-207 3.18414287064e-210 0.0 1.06138095688e-209 0.0 0.0 2.90249633379e-207 0.0 7.2482804773e-207 7.42966669815e-210 1.7409671098e-206 4.35427519116e-207 -2.87490042891e-207 7.2482804773e-207 
-3.33222822456e-205 -6.42881794432e-206 -1.43456175751e-207 -2.9832471826e-208 -3.72346983025e-205 -6.38326303433e-206 1.0 -6.00893037783e-205 -3.31545740319e-205 -1.09893353973e-208 -6.72630874322e-206 -4.00709008594e-208 -4.43731827523e-205 -7.69883883262e-205 -1.08578544439e-214 -1.50219102875e-208 2.53923967079e-204 -9.79746712354e-209 -1.34308697199e-205 1.41061068106e-204 2.5981746744e-205 4.58058964978e-204 -5.33151484804e-208 -1.37960636096e-207 -9.15887443325e-209 1.36764056845e-204 2.57076718634e-205 -9.53161664105e-208 -4.09483436986e-208 3.41244610547e-205 2.45769039444e-204 2.32640655322e-204 7.45532345109e-204 -7.20594803191e-206 -2.24424156812e-215 -1.27907277072e-205 -3.02956723905e-208 -1.64930638466e-207 1.64096295316e-204 0.0 -1.5147836523e-208 -1.48811938346e-205 -4.78463725054e-207 -3.2773051471e-216 1.43070755368e-204 -6.27965569153e-207 -1.8340853774e-205 1.10612857678e-205 -1.2196699694e-207 0.0 -2.57598322549e-205 -7.89603946889e-208 -8.57066286767e-212 -1.50543919437e-207 -6.78102509111e-208 -6.5546102942e-216 -1.48985396134e-205 -9.77522846184e-209 -3.24653050494e-205 -1.50410639644e-207 -7.76712468408e-205 -2.04834742411e-205 1.30924136748e-205 -3.20860296022e-205 
6.71042217385e-206 1.3056467593e-206 3.05753684441e-208 4.90445064079e-209 7.69977847537e-206 1.30638869544e-206 -6.00893037783e-205 1.0 6.69623776217e-206 0.0 1.39517181637e-206 1.91254485007e-209 9.10072065941e-206 1.57139825334e-205 4.84471195658e-215 2.86881695449e-209 -5.05371664956e-205 2.45129163052e-209 2.72330972624e-206 -2.82911402079e-205 -5.25302023719e-206 -9.12709753864e-205 1.28348051888e-208 3.31232983292e-208 1.91697368611e-209 -2.72575220416e-205 -5.1892716291e-206 1.79831827915e-208 4.79243369875e-209 -6.81174314773e-206 -4.90059166029e-205 -4.63533050864e-205 -1.4857961498e-204 1.41531929362e-206 7.48080522708e-216 2.61321233984e-206 0.0 3.40200797331e-208 -3.27147749113e-205 0.0 2.13737292202e-216 2.89569704527e-206 6.82090307846e-208 2.13737292202e-216 -2.85363509712e-205 7.75766046544e-208 3.83046660246e-206 -2.35215089641e-206 2.30448137752e-208 0.0 5.25507928157e-206 1.59728867289e-208 5.80633429298e-213 3.61306740759e-208 1.33922442471e-208 4.27474584404e-216 2.91497992037e-206 1.9125447432e-209 6.59618904124e-206 3.29732266256e-208 1.57696333156e-205 4.09801999676e-206 -2.62227300456e-206 6.53720358044e-206 
3.72142049639e-206 7.2960940932e-207 5.55294188993e-208 1.58365861129e-208 4.26994194189e-206 7.24934185825e-207 -3.31545740319e-205 6.69623776217e-206 1.0 1.11529002743e-208 8.22385424345e-207 9.56272318165e-209 5.13094755503e-206 8.74248846146e-206 1.21117798915e-216 1.43518906002e-208 -2.78810238238e-205 5.11487399437e-209 1.55805612138e-206 -1.57023680901e-205 -2.86172797389e-206 -5.04371120098e-205 2.48172004609e-208 3.98870813501e-208 4.04694476986e-209 -1.50433616641e-205 -2.7619843933e-206 6.22440641567e-208 2.86993380496e-208 -3.70684186739e-206 -2.70642937973e-205 -2.56294078498e-205 -8.20987418452e-205 7.67004216109e-207 0.0 1.47816117431e-206 0.0 3.48036188547e-208 -1.80176837834e-205 0.0 0.0 1.56639908424e-206 6.30527681962e-208 0.0 -1.57961621729e-205 9.69349567952e-208 2.16831751734e-206 -1.37523710649e-206 1.01986881686e-207 0.0 3.0093735216e-206 3.50889941394e-208 2.42118338115e-212 8.20773525757e-208 6.14232830119e-208 0.0 1.63388325843e-206 9.56272318165e-209 4.15544755809e-206 7.39231273348e-208 8.98609541636e-206 2.29779476682e-206 -1.47366490272e-206 3.67515258728e-206 
3.18003786421e-210 0.0 2.54871685893e-209 9.55977369787e-210 -1.28857666393e-209 0.0 -1.09893353973e-208 0.0 1.11529002743e-208 1.0 6.37095795658e-210 0.0 -3.23542096158e-210 1.91128738697e-209 0.0 0.0 -1.25637893115e-208 0.0 0.0 -6.76460548325e-209 1.2643351177e-209 -2.1580508824e-208 2.74792247149e-212 1.28892996825e-209 0.0 -5.48111568465e-209 9.22284208492e-209 9.56350302123e-210 1.59275911716e-209 1.89449354128e-209 -1.1594599077e-208 -1.15901152072e-208 -3.35220443299e-208 4.99967141529e-212 0.0 1.27721430604e-209 0.0 9.55898857717e-210 -2.30957033456e-209 0.0 0.0 0.0 6.37507984029e-210 0.0 -6.76523357981e-209 4.77821846744e-209 1.58321669182e-209 -6.44307959982e-210 3.23219366031e-210 0.0 3.18547897829e-209 2.2298352848e-209 0.0 6.42336476372e-210 0.0 0.0 6.37979056453e-210 0.0 1.81576423646e-208 1.27419159132e-209 1.21055463542e-208 2.86924718655e-209 -6.41363757334e-210 2.86700959253e-209 
7.95968664614e-207 1.44965609546e-207 6.13067384235e-208 9.79596888237e-209 8.37864343233e-207 1.48043614321e-207 -6.72630874322e-206 1.39517181637e-206 8.22385424345e-207 6.37095795658e-210 1.0 0.0 1.05436602286e-206 1.75002234203e-206 0.0 0.0 -5.64755978305e-206 2.20815198602e-212 5.16057108283e-207 -3.21190669919e-206 -5.2769605007e-207 -1.01925577525e-205 3.21347546198e-208 5.61043686097e-208 9.15887308671e-209 -3.04000391916e-206 -5.60221673511e-207 5.40957723537e-208 2.39590090429e-208 -7.62400718848e-207 -5.48322490706e-206 -5.21161302892e-206 -1.66702634218e-205 1.55706207994e-207 0.0 2.99942742792e-207 0.0 4.18522700361e-208 -3.66713981315e-206 0.0 0.0 3.69453105266e-207 1.87424767039e-208 0.0 -3.21190669919e-206 3.19138601198e-209 4.72476577076e-207 -3.05895876113e-207 2.7696345032e-208 0.0 5.95814140042e-207 1.53018478514e-208 3.68025331003e-213 6.78402706267e-208 9.15887308671e-209 0.0 3.40700222117e-207 0.0 8.10237342846e-207 1.00245915723e-207 1.84720503584e-206 4.89056571995e-207 -2.24366320196e-207 7.40478871498e-207 
4.03923238504e-210 2.18830971633e-209 0.0 0.0 -3.48442616169e-209 0.0 -4.00709008594e-208 1.91254485007e-209 9.56272318165e-209 0.0 0.0 1.0 1.44536131304e-209 7.12457640674e-217 8.54949168809e-217 6.37514878776e-210 -3.22731153855e-208 2.12504959592e-210 0.0 -1.39166179875e-208 -2.65549295413e-209 -5.81516332487e-208 6.37514878776e-210 6.37515021268e-210 0.0 -1.72096258489e-208 -1.38046326782e-209 1.2750297718e-209 0.0 -3.50551286374e-209 -3.00848056905e-208 -3.11473304956e-208 -9.4950612906e-208 2.12504959592e-210 0.0 4.25009919184e-210 1.31720314741e-209 0.0 -2.09065569701e-208 0.0 6.5860158083e-210 1.63865257355e-216 1.27502989292e-209 7.12457640674e-218 -1.82932373489e-208 8.50019845493e-210 -2.40081463318e-209 -1.10469820207e-209 3.82508927266e-209 0.0 2.97506943429e-209 2.12504959592e-210 0.0 2.55005951511e-209 2.55005951511e-209 1.42491528135e-217 1.657866408e-209 4.25009919184e-210 1.27502975755e-208 1.06252479796e-209 4.46260426543e-209 8.50019866867e-210 2.8498305627e-217 4.25009919184e-210 
5.10798640836e-206 1.01416474427e-206 8.82074420101e-209 1.38948998632e-209 6.09490612285e-206 1.01486540492e-206 -4.43731827523e-205 9.10072065941e-206 5.13094755503e-206 -3.23542096158e-210 1.05436602286e-206 1.44536131304e-209 1.0 1.21693172299e-205 6.98208487861e-216 4.12823505658e-209 -3.72969520095e-205 1.38203300902e-209 2.05839691942e-206 -2.1238268336e-205 -4.03932116137e-206 -6.75770998147e-205 8.70073124187e-209 1.16670812884e-208 1.70398456724e-209 -2.01710924835e-205 -4.04669603799e-206 1.74593111841e-208 3.72930365155e-209 -5.03443942002e-206 -3.63124343243e-205 -3.43026529612e-205 -1.09957801795e-204 9.99629854648e-207 -9.97440696944e-217 2.03358775693e-206 -1.31720314741e-209 1.75955888409e-208 -2.4212493476e-205 0.0 -6.58601587955e-210 1.99738049521e-206 2.70202075277e-209 -1.42491528135e-217 -2.11956268508e-205 2.2356000312e-208 3.06713741977e-206 -2.06607698792e-206 2.9810125526e-208 0.0 4.09489519428e-206 1.80904244919e-209 -2.42050124776e-213 2.43021881359e-208 1.82793628374e-208 -2.8498305627e-217 2.01145838991e-206 2.76256446045e-209 5.16425344995e-206 2.1717207078e-208 1.23252233418e-205 3.02991542055e-206 -2.02134915712e-206 5.11570970822e-206 
8.72634694004e-206 1.73958731491e-206 9.57364616223e-209 2.76406393666e-209 1.04155259646e-205 1.73958731455e-206 -7.69883883262e-205 1.57139825334e-205 8.74248846146e-206 1.91128738697e-209 1.75002234203e-206 7.12457640674e-217 1.21693172299e-205 1.0 8.54949168809e-216 0.0 -6.47488288485e-205 2.14097834951e-210 3.49796311474e-206 -3.66839692886e-205 -6.9609405232e-206 -1.1720586329e-204 1.13885340244e-209 4.25686452073e-209 4.25994097056e-210 -3.49867356099e-205 -6.94120457049e-206 4.25645340125e-209 4.25046422093e-209 -8.74036570564e-206 -6.29707561124e-205 -5.94839233318e-205 -1.90689583447e-204 1.75735437293e-206 0.0 3.48215002704e-206 0.0 7.45599018316e-209 -4.1976567877e-205 0.0 7.12457640674e-217 3.52608918062e-206 1.17575638589e-208 7.12457640674e-217 -3.67255028329e-205 2.14655799311e-208 5.20851669764e-206 -3.43839717545e-206 1.95379831633e-209 0.0 6.96728518817e-206 5.95360381656e-209 3.01357474579e-213 2.97875619289e-209 4.25994097056e-210 1.42491528135e-216 3.52852171322e-206 0.0 8.73766970278e-206 6.16933300761e-209 2.09116583431e-205 5.25338648476e-206 -3.48910711988e-206 8.70559016598e-206 
1.62440342074e-215 4.27474584404e-216 1.49616104542e-216 7.12457640674e-218 -1.49616104542e-216 0.0 -1.08578544439e-214 4.84471195658e-215 1.21117798915e-216 0.0 0.0 8.54949168809e-217 6.98208487861e-216 8.54949168809e-216 1.0 0.0 -9.27619848158e-215 0.0 0.0 -2.84270598629e-215 2.56484750643e-216 -1.62297850546e-214 0.0 2.94957463239e-215 4.98720348472e-217 -4.84471195658e-215 -1.21117798915e-215 2.77858479863e-216 2.13737292202e-217 -6.1271357098e-216 -8.63498660497e-215 -8.72048152185e-215 -2.63609327049e-214 2.13737292202e-217 1.04731273179e-215 0.0 0.0 2.06612715795e-216 -5.8136543479e-215 0.0 8.54949168809e-217 1.96638308826e-215 2.87120429192e-215 8.54949168809e-217 -4.93733144987e-215 1.88088817138e-215 1.06868646101e-215 -1.85238986575e-216 0.0 0.0 0.0 6.41211876607e-217 0.0 0.0 4.18925092716e-215 1.70989833762e-216 3.55516362696e-215 1.49616104542e-216 0.0 3.74040261354e-215 1.36791867009e-215 1.00456527335e-215 2.8498305627e-217 1.25392544759e-215 
1.58598136921e-209 3.18757439388e-210 1.08699417588e-211 0.0 -1.30625306848e-209 0.0 -1.50219102875e-208 2.86881695449e-209 1.43518906002e-208 0.0 0.0 6.37514878776e-210 4.12823505658e-209 0.0 0.0 1.0 -1.01859079026e-208 3.18757439388e-210 0.0 -6.22031373074e-209 9.17243179507e-210 -2.15609814576e-208 9.56272318165e-210 9.67701459816e-210 0.0 -6.212507903e-209 2.82978781584e-209 1.91254463633e-209 0.0 -3.57786578045e-210 -9.84373297998e-209 -1.14375201769e-208 -3.5595396116e-208 3.38551608663e-210 0.0 6.45320706508e-210 0.0 0.0 -7.83751841087e-209 0.0 0.0 0.0 1.91672715014e-209 0.0 -6.85782860951e-209 1.27502975755e-209 -6.53685734132e-210 3.03145783925e-210 5.7418164228e-209 0.0 4.46260415143e-209 3.18757439388e-210 0.0 3.82508927266e-209 3.82508927266e-209 0.0 4.46734586514e-209 6.37514878776e-210 1.91338113909e-208 1.59378719694e-209 6.69390622715e-209 1.28283558528e-209 -1.56116554629e-211 6.41138192696e-210 
-2.80259196576e-205 -5.40554957345e-206 -1.25417063473e-207 -2.75839437461e-208 -3.13046101763e-205 -5.36786693893e-206 2.53923967079e-204 -5.05371664956e-205 -2.78810238238e-205 -1.25637893115e-208 -5.64755978305e-206 -3.22731153855e-208 -3.72969520095e-205 -6.47488288485e-205 -9.27619848158e-215 -1.01859079026e-208 1.0 -7.34927592358e-209 -1.12830033605e-205 1.18667407657e-204 2.18546896087e-205 3.85393375679e-204 -4.10764019169e-208 -1.17926361438e-207 -7.02890454644e-209 1.15064820918e-204 2.15967177772e-205 -7.49903172332e-208 -3.82779393941e-208 2.8701568776e-205 2.06781113557e-204 1.9573291431e-204 6.27245475895e-204 -6.06423253973e-206 -1.94500935904e-215 -1.07579526274e-205 -2.56854613745e-208 -1.37946111446e-207 1.38043083887e-204 0.0 -1.28427309509e-208 -1.2523588296e-205 -4.00814641206e-207 -2.63609327049e-216 1.20370823986e-204 -5.43716021117e-207 -1.54204947464e-205 9.2959051854e-206 -8.6998320246e-208 0.0 -2.16613025469e-205 -7.29179215083e-208 -7.32927702994e-212 -1.17547248767e-207 -4.65548328656e-208 -5.27218654099e-216 -1.25290026929e-205 -6.58765402521e-209 -2.73090015337e-205 -1.21956336312e-207 -6.53414425558e-205 -1.72374531941e-205 1.1011698926e-205 -2.69890507529e-205 
4.24522622783e-210 1.06252479796e-210 1.06695613158e-209 2.13391226315e-210 -8.51969023973e-210 0.0 -9.79746712354e-209 2.45129163052e-209 5.11487399437e-209 0.0 2.20815198602e-212 2.12504959592e-210 1.38203300902e-209 2.14097834951e-210 0.0 3.18757439388e-210 -7.34927592358e-209 1.0 3.20351817711e-210 -3.08668067154e-209 9.59196096572e-210 -1.09630511358e-208 3.2003816754e-210 7.45937359376e-210 0.0 -4.15359264007e-209 5.33057164243e-209 6.39988009001e-210 0.0 -6.39951360783e-210 -6.81549021948e-209 -7.45402235113e-209 -2.32161559033e-208 1.08107327464e-210 0.0 2.13653198625e-210 0.0 1.81391374976e-209 -5.11163749168e-209 0.0 0.0 7.11024939497e-212 1.06429733141e-209 0.0 -2.12553388639e-209 1.91874850339e-209 1.06810737654e-209 3.84051061423e-209 1.91519441871e-209 0.0 2.66644186361e-209 7.47088604337e-210 1.32489119161e-213 1.27502975755e-209 1.27502975755e-209 0.0 2.66396873338e-209 2.12504959592e-210 6.38720529761e-209 5.3126239898e-210 2.65848199571e-209 8.53249752125e-210 2.13302900236e-210 8.53120268935e-210 
1.52215062067e-206 2.89931219092e-207 5.7293468435e-208 1.00120438142e-208 1.69724380985e-206 2.90780323857e-207 -1.34308697199e-205 2.72330972624e-206 1.55805612138e-206 0.0 5.16057108283e-207 0.0 2.05839691942e-206 3.49796311474e-206 0.0 0.0 -1.12830033605e-205 3.20351817711e-210 1.0 -6.34682896051e-206 -1.11290755533e-206 -2.0362475693e-205 2.5977416544e-208 3.02134773035e-208 9.37187013523e-209 -6.07936022797e-206 -1.17032526516e-206 5.2395214886e-208 2.34296753381e-208 -1.52452203195e-206 -1.09437396393e-205 -1.03738273484e-205 -3.32346666269e-205 3.13868394547e-207 0.0 5.89234691065e-207 0.0 4.76149213216e-208 -7.317724703e-206 0.0 0.0 6.94272804128e-207 2.88002939154e-208 0.0 -6.38482034919e-206 1.32633290733e-208 8.92541960724e-207 -5.45308939448e-207 2.81164936665e-208 0.0 1.17048083277e-206 9.15399121616e-209 4.41630397203e-214 4.5978528196e-208 9.37187013523e-209 0.0 6.7130377242e-207 0.0 1.52463507538e-206 8.56066426938e-208 3.56118683307e-206 9.39136113656e-207 -5.73840288974e-207 1.46563456891e-206 
-1.57205107385e-205 -3.06111513374e-206 -6.01563663406e-208 -1.33078555359e-208 -1.79081852281e-205 -3.04650670047e-206 1.41061068106e-204 -2.82911402079e-205 -1.57023680901e-205 -6.76460548325e-209 -3.21190669919e-206 -1.39166179875e-208 -2.1238268336e-205 -3.66839692886e-205 -2.84270598629e-215 -6.22031373074e-209 1.18667407657e-204 -3.08668067154e-209 -6.34682896051e-206 1.0 1.23318923739e-205 2.14315693667e-204 -2.45676123923e-208 -6.11684966921e-208 -4.4729390664e-209 6.3976399033e-205 1.22364351505e-205 -4.56342639408e-208 -2.23314949321e-208 1.59586980753e-205 1.15031379664e-204 1.08824196649e-204 3.48756669805e-204 -3.31674430964e-206 -2.99232209083e-216 -6.10614658008e-206 -9.87902360558e-209 -5.83991308981e-208 7.67549343513e-205 0.0 -4.93951195241e-209 -6.79730508317e-206 -1.6154778528e-207 -1.49616104542e-216 6.7013249624e-205 -2.25462650857e-207 -8.87167271619e-206 5.56399806321e-206 -5.33128595589e-208 0.0 -1.22797527241e-205 -3.3155881886e-208 -4.00994738085e-212 -6.89725434158e-208 -2.86985046095e-208 -2.99232209083e-216 -6.79358950141e-206 -4.037594275e-209 -1.55056567092e-205 -7.27447015824e-208 -3.70097494314e-205 -9.59135324229e-206 6.19162706407e-206 -1.53079752073e-205 
-2.92677963965e-206 -5.84483192369e-207 2.34579733147e-208 5.110714005e-209 -3.45700687978e-206 -5.79968576279e-207 2.5981746744e-205 -5.25302023719e-206 -2.86172797389e-206 1.2643351177e-209 -5.2769605007e-207 -2.65549295413e-209 -4.03932116137e-206 -6.9609405232e-206 2.56484750643e-216 9.17243179507e-210 2.18546896087e-205 9.59196096572e-210 -1.11290755533e-206 1.23318923739e-205 1.0 3.9553659739e-205 6.92613268484e-209 7.6045776436e-209 2.55596548003e-209 1.18036421973e-205 2.38078285148e-206 1.71432927061e-208 8.51367735386e-209 2.95346410663e-206 2.12350684156e-205 2.00575176247e-205 6.42952866186e-205 -5.9612803276e-207 -9.97440696944e-217 -1.15485374057e-206 -3.29300786853e-209 2.04596772079e-208 1.41635382922e-205 0.0 -1.64650389864e-209 -1.18816000109e-206 1.63252406196e-209 3.56228820337e-217 1.23860206902e-205 -1.00222397004e-209 -1.69285453732e-206 1.1516724979e-206 1.35669153312e-208 0.0 -2.31020977666e-206 8.04447516409e-209 -3.23015697596e-213 1.38466692434e-208 6.38105345602e-209 7.12457640674e-217 -1.17333243312e-206 6.37514864527e-210 -2.83557771194e-206 2.42505194433e-208 -6.96393735575e-206 -1.74902960809e-206 1.1694615183e-206 -2.89893091684e-206 
-5.06458401527e-205 -9.78589796379e-206 -1.83302211876e-207 -4.09858774518e-208 -5.67757190142e-205 -9.71980709199e-206 4.58058964978e-204 -9.12709753864e-205 -5.04371120098e-205 -2.1580508824e-208 -1.01925577525e-205 -5.81516332487e-208 -6.75770998147e-205 -1.1720586329e-204 -1.62297850546e-214 -2.15609814576e-208 3.85393375679e-204 -1.09630511358e-208 -2.0362475693e-205 2.14315693667e-204 3.9553659739e-205 1.0 -7.3675623085e-208 -1.93919432123e-207 -1.17148410105e-208 2.07599421867e-204 3.92049838464e-205 -1.34958585215e-207 -6.48579659341e-208 5.17834956366e-205 3.73102112589e-204 3.53128669247e-204 1.13166384134e-203 -1.0917273877e-205 -3.34142633476e-215 -1.9480067622e-205 -4.41263054383e-208 -1.84058102751e-207 2.49060426306e-204 0.0 -2.20631531965e-208 -2.25084215776e-205 -6.83904359147e-207 -4.77346619252e-216 2.17279013751e-204 -8.97247917187e-207 -2.79455658543e-205 1.70699201798e-205 -1.72662130194e-207 0.0 -3.91909630538e-205 -1.08338388673e-207 -1.27421180973e-211 -2.16632068206e-207 -9.58668150332e-208 -9.54693238503e-216 -2.25049825414e-205 -1.40253278104e-208 -4.94842757798e-205 -2.1323609167e-207 -1.18244297166e-204 -3.10991996275e-205 1.99195864378e-205 -4.88403007209e-205 
