64 8 3
0.719999999826 0.02 0.06 0.08 0.02 0.02 0.04 0.0400000001744 
0.02 0.06 0.02 0.72 0.08 0.04 0.04 0.02 
0.12 0.02 0.02 0.1 0.04 0.06 0.62 0.02 
0.805555555751 0.111111111138 0.138888888923 0.0277777777845 0.638888889044 0.0277777777845 0.30555555563 2.24999999982 0.833333333051 0.055555555569 0.166666666707 0.055555555569 0.805555554782 0.694444444613 2.62347848515e-218 0.055555555569 0.833333333051 2.36584820342e-217 0.222222222276 0.472222222337 1.16666666695 0.055555555569 0.166666666707 0.666666666828 4.38494028807e-219 0.0277777777845 0.333333333414 1.1068781922e-216 5.50332288462e-217 0.250000000061 0.194444444492 0.833333333535 5.38644313365e-217 0.30555555563 2.36390905661e-221 0.111111111138 0.055555555569 2.84234462506e-216 0.055555555569 0.0 0.0277777777845 0.55555555569 0.138888888923 2.18004088057e-219 0.444444444552 0.583333333475 0.500000000121 0.194444444492 0.138888888923 0.0 0.249999999576 0.055555555569 0.0277777777845 0.0833333333535 1.29717084813e-216 4.36008176114e-219 1.94444444492 2.1545587544e-217 0.249999999818 0.111111110654 0.944444444673 0.583333333475 0.0833333333535 0.166666666707 
10.0 4.23815504277e-208 1.0 1.52733132326e-212 4.25680277682e-207 4.19235184116e-208 1.0 15.0 2.16090650499e-207 2.82112029451e-212 4.19815887705e-208 3.05650039792e-210 3.80614001083e-207 5.06323356905e-207 21.0 4.99731526245e-212 8.39008501442e-208 4.99129455569e-213 8.72205421433e-208 15.0 3.0 8.88985849168e-211 1.78091005925e-211 8.0 9.25102825923e-215 3.06115128998e-212 5.48049728556e-208 2.33521114607e-212 1.16105105613e-212 4.0 3.2393803158e-209 9.03951353135e-208 1.13639261592e-212 4.83636165519e-208 7.0 8.38531569654e-208 3.05190894481e-210 5.99657206745e-212 6.98211817919e-212 0.0 1.52600046532e-210 1.00097211101e-207 7.0 4.59929177309e-215 1.0 12.0 9.0 2.0 1.75042699211e-211 0.0 1.67710372812e-207 9.3311629173e-212 1.18886762949e-213 6.95067696485e-212 28.0 9.19858354618e-215 14.0 1.0 2.0965244169e-207 25.0 5.06340155174e-207 1.0 3.5206707919e-209 5.0 
8.0 1.66666666667 4.66666666667 0.666666666667 5.96667127723e-210 0.333333333333 1.33333333333 18.3333333333 6.66666666667 3.95430521764e-215 24.0 0.333333333333 4.33333333333 4.0 4.0 7.00463211546e-215 2.66666666667 6.99619301693e-216 17.3333333333 2.83177131944e-211 10.3333333333 4.0 2.66666666667 12.0 0.666666666667 1.33333333333 5.66666666667 4.66666666667 1.66666666667 2.50472515681e-214 2.0 0.333333333333 1.59285772364e-215 1.0 6.99045864845e-220 0.666666666667 4.27779683402e-213 3.0 9.78668878456e-215 0.0 0.333333333333 14.0 7.66666666667 0.333333333333 5.29981400952e-212 0.333333333333 6.0 2.704021987e-211 2.0 0.0 1.33333333333 1.33333333333 1.66641085087e-216 6.0 0.666666666667 0.666666666667 11.6666666667 6.37137618988e-216 5.33333333333 8.0 14.0 5.66666666667 10.6666666667 1.0 
8.75 0.25 4.5 1.25 1.49091800591e-211 1.46834447702e-212 3.0 5.75 20.75 0.75 0.5 0.5 9.0 2.0 1.93853685165e-218 0.75 2.25 0.5 0.75 3.25 7.0 7.75 0.75 3.25 3.24011360826e-219 1.0 23.5 2.25 1.25 4.5 2.0 0.5 1.25 0.25 1.74673619248e-221 1.5 1.06891163081e-214 6.5 4.25 0.0 5.34471924132e-215 3.50584093735e-212 3.0 1.61087259111e-219 5.5 12.25 6.5 10.0 4.75 0.0 11.25 3.5 4.16393299943e-218 3.5 3.0 3.22174518222e-219 8.25 0.5 29.25 2.25 33.25 4.25 1.5 9.75 
16.0 4.23815504277e-208 1.42036970536e-211 1.0 115.0 4.19235184116e-208 19.0 5.0 17.0 2.82112029451e-212 4.19815887705e-208 3.05650039792e-210 166.0 5.06323356905e-207 1.0 4.99731526245e-212 8.39008501442e-208 4.99129455569e-213 8.72205421433e-208 2.0202708438e-208 23.0 8.88985849168e-211 1.78091005925e-211 6.0 7.0 3.06115128998e-212 5.48049728556e-208 15.0 3.0 1.78694627327e-211 3.2393803158e-209 9.03951353135e-208 6.0 3.0 4.98720348472e-217 8.38531569654e-208 3.05190894481e-210 29.0 6.98211817919e-212 0.0 1.52600046532e-210 1.00097211101e-207 28.0 4.59929177309e-215 3.78104674183e-209 3.26488437382e-209 15.0 1.92913062712e-208 1.75042699211e-211 0.0 1.67710372812e-207 9.0 1.18886762949e-213 6.95067696485e-212 2.73667675833e-212 9.19858354618e-215 45.0 4.54553143572e-213 2.0965244169e-207 7.31453815951e-212 5.06340155174e-207 72.0 3.5206707919e-209 71.0 
1.0 4.23815504277e-208 1.42036970536e-211 1.52733132326e-212 4.0 4.19235184116e-208 46.0 3.96896039355e-207 2.16090650499e-207 2.82112029451e-212 4.19815887705e-208 3.05650039792e-210 2.0 5.06323356905e-207 5.5348241958e-214 4.99731526245e-212 39.0 4.99129455569e-213 8.72205421433e-208 21.0 5.0 67.0 1.78091005925e-211 2.80719553292e-211 9.25102825923e-215 20.0 5.0 2.33521114607e-212 1.16105105613e-212 5.0 36.0 36.0 109.0 4.83636165519e-208 4.98720348472e-217 8.38531569654e-208 3.05190894481e-210 5.99657206745e-212 24.0 0.0 1.52600046532e-210 1.00097211101e-207 3.21965107387e-209 4.59929177309e-215 21.0 3.26488437382e-209 3.0 2.0 1.75042699211e-211 0.0 1.67710372812e-207 9.3311629173e-212 1.18886762949e-213 6.95067696485e-212 2.73667675833e-212 9.19858354618e-215 2.0 4.54553143572e-213 2.0965244169e-207 7.31453815951e-212 5.06340155174e-207 1.3546885086e-207 2.0 2.09628505122e-207 
78.0 1.01453126827e-210 8.5 8.5 1.0 1.00356687934e-210 2.0 14.5 155.5 4.0 25.0 7.31666301461e-213 66.0 8.0 1.32492845456e-216 1.1962593487e-214 13.5 9.0 3.0 16.0 31.0 100.5 84.5 14.5 2.21451488629e-217 161.0 76.0 46.0 0.5 31.5 90.0 15.0 2.72030124015e-215 57.0 1.19383878726e-219 90.0 7.3056719756e-213 7.5 175.5 0.0 3.65294608583e-213 80.5 10.5 1.10098032484e-217 9.05108498313e-212 7.81549341895e-212 37.5 4.6179606976e-211 149.0 0.0 59.5 7.5 1.5 133.5 6.55106789265e-215 2.20196064967e-217 56.0 1.08811115353e-215 147.0 1.750957103e-214 23.0 75.5 75.0 7.0 
1.08282198434e-15 1.16605703325e-23 1.86419870935e-16 1.70562558248e-16 0.99999999564 9.38443492576e-125 0.49999999782 1.00000000872 8.71947590332e-09 1.713457528e-18 1.94428668835e-19 7.773713555e-24 1.5000000109 2.36436027051e-16 2.36005696689e-214 4.8307584429e-19 8.71947585955e-09 2.12829514963e-213 9.01349856869e-16 1.8062361073e-15 2.31321477098e-14 5.71514074523e-17 5.63656550555e-15 0.49999999782 3.94465170379e-215 6.7393362426e-19 5.88989782571e-17 9.95737378368e-213 4.95073833784e-213 1.13152352414e-15 9.02431906413e-16 2.4999999891 4.8455943955e-213 1.73470927176e-16 2.12655071111e-217 4.8307584429e-19 7.773713555e-24 2.55694692092e-212 9.09680104348e-18 0.0 3.8868567775e-24 9.80794247966e-16 7.9445617989e-17 1.9611446015e-215 9.99183781498e-20 5.33305566023e-16 6.03707746123e-17 9.01342959128e-16 0.49999999782 0.0 8.49999997166 3.53131891087e-16 7.56864890042e-21 1.34805991724e-18 1.16692289062e-212 3.922289203e-215 1.15434059395e-14 1.93822111662e-213 4.3597372913e-09 8.71947636842e-09 1.09349339498e-14 1.60611838454e-16 7.773713555e-24 4.77019324168e-19 
2.136166621e-202 109.0 108.0 190.0 1.0 3.01870261701e-203 2.0 10.0 10.0 2.0 4.44640935766e-202 8.0 2.0 9.27563243859e-202 15.0 20.0 41.0 2.0 201.0 1.0 17.0 32.0 19.0 15.0 359.0 8.99117015126e-213 6.50302465909e-213 6.0 19.0 1.90816174743e-203 52.0 18.0 1.77856327748e-203 25.0 7.0 38.0 0.0 78.0 1.65977497427e-202 5.0 0.0 1.99542994501e-201 237.0 31.0 2.95375788197e-203 2.97892643851e-210 78.0 1.0 45.0 0.0 2.04921752531e-202 6.47941748471e-202 7.07797039241e-210 1.78114410169e-216 7.63197896595e-203 0.0 16.0 2.32041197005e-207 14.0 8.6473437536e-202 1.34741454774e-202 8.0 26.0 70.0 
34.6666666667 0.666666666667 34.6666666667 5.0 2.37622170615e-219 2.66666666667 12.6666666667 31.3333333333 3.0 2.33333333333 2.33333333333 1.03385310272e-211 12.0 3.0 3.16710535993e-213 1.66666666667 0.666666666667 0.666666666667 7.93090878609e-206 3.0 19.3333333333 0.333333333333 2.0 78.0 1.33333333333 9.33333333333 7.66666666667 33.6666666667 0.666666666667 0.333333333333 0.333333333333 3.0 0.333333333333 12.0 6.75364258769e-215 0.666666666667 0.0 32.0 1.33333333333 4.8018008928e-219 0.0 4.60796492707e-205 21.0 1.0 6.82099251705e-207 23.0 45.6666666667 1.66666666667 4.0 0.0 8.0 8.0 1.63448681347e-213 4.11312337532e-220 1.76242175213e-206 0.0 34.6666666667 6.33333333333 6.33333333333 4.0 5.33333333333 50.6666666667 1.66666666667 17.3333333333 
2.136166621e-202 5.40265997136e-203 61.0 12.0 1.02899740416e-215 3.01870261701e-203 1.0 41.0 7.31532692286e-202 9.97211937373e-203 4.44640935766e-202 4.47699032556e-208 13.0 81.0 1.3714811146e-209 8.54068350395e-203 2.6794149424e-202 3.0 3.43439525547e-202 15.0 47.0 3.54438850904e-202 5.0 51.0 10.0 8.99117015126e-213 6.50302465909e-213 88.0 9.0 1.90816174743e-203 2.25122024463e-202 3.62215276311e-202 1.77856327748e-203 12.0 2.92459271515e-211 1.45415865291e-203 0.0 59.0 8.0 2.07936853755e-215 0.0 110.0 16.0 6.91179717763e-209 2.95375788197e-203 2.97892643851e-210 35.0 2.23918030689e-213 1.06976600036e-202 0.0 1.0 6.47941748471e-202 7.07797039241e-210 1.78114410169e-216 7.63197896595e-203 0.0 43.0 2.32041197005e-207 3.12951588409e-202 8.6473437536e-202 1.34741454774e-202 72.0 200.0 7.0 
0.388888888889 0.166666666667 1.27777777778 0.0833333333333 3.29053437266e-224 0.0555555555556 0.611111111111 2.63888888889 2.02777777778 0.194444444444 0.777777777778 0.0555555555556 0.666666666667 2.19444444444 0.0277777777778 0.25 0.638888888889 0.638888888889 0.638888888889 0.111111111111 3.41666666667 0.666666666667 0.777777777778 2.02777777778 7.52189948708e-220 2.8752020475e-221 2.07954131667e-221 0.722222222222 1.89319674666e-220 0.138888888889 0.444444444444 1.27777777778 0.0277777777778 1.38888888889 9.35228098369e-220 0.0277777777778 0.0 0.666666666667 0.361111111111 6.64941779108e-224 0.0 4.08333333333 4.36111111111 0.0277777777778 0.138888888889 0.0277777777778 2.08333333333 7.1604648725e-222 0.277777777778 0.0 0.361111111111 1.41666666667 0.0277777777778 5.6957538139e-225 0.111111111111 0.0 6.0 0.0833333333333 0.805555555556 1.30555555556 0.25 1.86111111111 0.416666666667 1.88888888889 
2.91238604099e-208 0.25 1.01857530129e-207 2.01348295342e-209 1.40290445822e-221 4.11560937113e-209 115.0 97.0 17.25 3.25 6.06210228102e-208 6.10379546316e-214 2.25 56.25 1.86983656348e-215 1.16441138874e-208 47.0 4.55195152066e-208 4.25 3.75 50.75 8.25 10.75 26.25 1.0 1.22582939848e-218 8.86603041878e-219 7.75 0.25 2.60153097728e-209 22.5 64.75 6.5 3.25 1.25 1.98255666037e-209 0.0 5.34894341562e-208 1.0 2.8349492232e-221 0.0 28.75 39.75 9.42333871357e-215 0.25 1.5 5.0 3.05283183669e-219 7.5 0.0 0.75 0.25 9.64989433258e-216 2.42835889661e-222 59.75 0.0 79.5 25.0 2.75 54.25 0.5 6.25 20.0 4.75 
2.66885334309e-204 6.74989815141e-205 9.33402392327e-204 1.84511621601e-205 1.28559408014e-217 2.5 5.5 15.0 12.5 1.24588240762e-204 5.55519141734e-204 5.59339823024e-210 1.5 9.5 1.71348148675e-211 0.5 2.0 4.17131893318e-204 1.0 7.38039589082e-205 36.5 4.42823749262e-204 32.0 12.0 0.5 1.1233259747e-214 8.12465606899e-215 5.06532121143e-204 7.39661785713e-214 2.38399187064e-205 1.0 6.5 2.22207598525e-205 5.5 3.65388587589e-213 1.81677596872e-205 0.0 4.9016666458e-204 2.07366595158e-204 2.59789176481e-217 0.0 5.5 9.0 1.0 3.69032383547e-205 3.72176856717e-212 3.0 70.0 0.5 0.0 3.0 3.0 8.84297355761e-212 2.22530037854e-218 9.53513287658e-205 0.0 36.0 2.89904316581e-209 3.5 1.0803694833e-203 1.68341354318e-204 7.5 10.0 22.0 
1.22774279512e-204 31.0 7.0 7.0 0.5 5.5 18.0 57.0 21.5 5.73138705234e-205 78.5 2.57311043156e-210 8.5 1.5 38.5 2.0 30.5 1.91891651882e-204 2.0 3.39517639796e-205 28.5 33.0 9.0 96.0 0.5 57.0 2.5 3.0 6.0 1.09669901884e-205 15.5 27.0 1.02221344915e-205 5.0 1.68088369109e-213 9.5 0.0 3.0 75.0 1.0 0.0 1.5 18.5 48.5 1.69764611172e-205 1.71211151608e-212 9.0 9.0 13.5 0.0 13.5 1.5 32.0 1.02369675494e-218 4.38641213465e-205 0.0 76.5 1.3336361733e-209 21.0 4.0 7.74414545555e-205 18.0 8.0 14.0 
5.0 150.0 7.47101012353e-202 9.0 1.02899740416e-215 3.01870261701e-203 11.0 18.0 8.0 129.0 4.44640935766e-202 1.0 3.68141581334e-202 3.0 1.3714811146e-209 5.0 24.0 3.0 3.43439525547e-202 5.90731423759e-203 17.0 22.0 11.0 21.0 2.35220610697e-211 8.99117015126e-213 355.0 4.05431423367e-202 55.0 364.0 35.0 14.0 1.77856327748e-203 10.0 2.92459271515e-211 1.45415865291e-203 0.0 3.92332411336e-202 3.0 2.07936853755e-215 0.0 3.0 3.0 1.0 2.95375788197e-203 4.0 1.0 2.23918030689e-213 18.0 0.0 31.0 28.0 7.07797039241e-210 25.0 7.63197896595e-203 0.0 16.0 2.32041197005e-207 5.0 8.6473437536e-202 4.0 3.0 2.0753543043e-202 121.0 
0.166666666667 11.1666666667 4.66666666667 7.33333333333 3.5 1.34353880864e-221 1.66666666667 11.3333333333 4.66666666667 9.0 0.166666666667 1.83333333333 4.16666666667 23.3333333333 0.666666666667 1.33333333333 23.1666666667 0.166666666667 0.5 6.66666666667 2.16666666667 5.66666666667 1.16666666667 9.33333333333 11.8333333333 0.0 0.0 0.166666666667 2.33333333333 4.82735252212e-212 11.8333333333 27.0 0.666666666667 2.16666666667 5.16666666667 0.333333333333 8.0 6.0 2.16666666667 2.0 6.83333333333 1.5 13.5 6.33333333333 4.5 0.0 5.5 10.5 3.0 1.52704497785e-209 0.666666666667 3.81952846648e-218 9.16666666667 4.73293179376e-225 0.0 4.16666666667 8.83333333333 0.0 3.0 4.698065247e-221 2.3490326235e-221 1.5 1.16666666667 1.66666666667 
5.02927459333e-205 3.0 23.0 10.0 3.35876580171e-206 4.04491140573e-214 21.0 6.0 47.0 93.0 4.34979036194e-210 10.0 2.1210281647e-201 7.0 5.48835657266e-202 35.0 50.0 349.0 1.30454577718e-209 5.0 13.0 72.0 75.0 142.0 205.0 0.0 0.0 2.0 43.0 1.45334196159e-204 31.0 50.0 5.58287133478e-203 102.0 1.72675049595e-201 61.0 5.40415565468e-203 32.0 12.0 38.0 4.07678145846e-201 7.0 50.0 1.51116052164e-201 104.0 0.0 26.0 36.0 9.0 4.59738238171e-202 1.82284841036e-204 34.0 12.0 1.42491528135e-217 0.0 1.82033073487e-201 35.0 0.0 27.0 1.41441822002e-213 7.07209110011e-214 11.0 16.0 40.0 
5.02927459333e-205 1.0 9.62311330546e-202 1.24621647697e-202 3.35876580171e-206 318.0 2.0 9.0 36.0 1.73977409474e-202 4.34979036194e-210 15.0 2.1210281647e-201 1.0 177.0 5.0 13.0 16.0 1.30454577718e-209 9.28843422829e-202 26.0 5.0 75.0 19.0 2.58951854456e-203 0.0 0.0 2.76396758625e-201 9.30662915165e-203 1.45334196159e-204 14.0 17.0 5.58287133478e-203 1.0 102.0 3.0 5.40415565468e-203 2.83685510694e-201 1.73011147458e-202 1.82143329466e-203 4.07678145846e-201 3.58059110392e-204 57.0 1.0 1.0 0.0 3.0 4.0 26.0 5.0 1.82284841036e-204 98.0 1.0 2.0 0.0 35.0 35.0 0.0 21.0 1.41441822002e-213 7.07209110011e-214 1.52134342728e-201 3.0 53.0 
3.22845541197e-211 13.8 6.17739032827e-208 7.9998700705e-209 2.15610132811e-212 2.59656057279e-220 0.4 2.0 9.0 1.11681774132e-208 2.79227231966e-216 21.0 1.36155716499e-207 1.0 14.4 27.0 18.2 3.4 8.37430487508e-216 0.2 0.8 9.2 1.2 1.08626073027e-207 1.66229642157e-209 0.0 0.0 0.2 11.0 9.32947611882e-211 8.4 13.2 3.58382721815e-209 3.0 0.2 2.0 3.46910379354e-209 1.82106982886e-207 1.11061499025e-208 3.0 29.0 0.8 2.8 2.6 2.0 0.0 8.30246538787e-208 3.46892004233e-209 4.8 45.6 0.2 1.4 25.4 9.14699598581e-224 0.0 19.6 5.2 0.0 7.4 9.0796119251e-220 4.53980596255e-220 0.2 3.95093661565e-209 6.2 
5.23131195407e-207 32.5 41.5 36.5 3.49369503759e-208 2.5 12.0 25.5 6.0 45.5 4.52453130085e-212 13.5 1.0 11.5 30.0 35.0 48.0 41.0 1.5 4.0 23.5 26.5 7.0 48.0 40.0 0.0 0.0 13.0 115.0 1.51172600261e-206 34.0 21.5 5.80714793151e-205 6.0 1.79611797756e-203 2.5 5.62125283743e-205 25.0 18.0 6.5 4.5 2.0 29.5 23.0 3.40232383935e-204 0.0 10.5 15.5 9.0 0.5 6.5 0.5 0.5 1.48215735819e-219 0.0 51.0 17.5 0.0 3.5 1.47123860611e-215 7.35619303056e-216 33.0 18.5 15.5 
0.666666666667 20.6666666667 16.0 3.0 1.0 0.333333333333 14.6666666667 10.3333333333 5.0 6.33333333333 0.333333333333 4.0 1.66666666667 3.66666666667 46.6666666667 8.66666666667 10.0 18.0 0.333333333333 1.69532554535e-205 8.66666666667 5.0 5.66666666667 20.3333333333 12.3333333333 0.0 0.0 12.0 44.3333333333 2.65264057758e-208 8.33333333333 14.0 1.33333333333 11.0 61.3333333333 23.0 9.86366798456e-207 24.3333333333 0.666666666667 17.0 7.4409438442e-205 1.0 17.3333333333 60.3333333333 1.66666666667 0.0 5.33333333333 9.86314552656e-207 6.66666666667 8.39114494638e-206 2.33333333333 2.66666666667 4.80209342048e-206 2.60075618458e-221 0.0 3.32246869597e-205 10.6666666667 0.0 1.66666666667 1.33333333333 0.666666666667 11.0 3.0 11.3333333333 
0.0645161290323 1.16129032258 1.03225806452 0.548387096774 0.0322580645161 1.70088287748e-224 2.32258064516 2.58064516129 1.93548387097 0.290322580645 1.82908430004e-220 1.38709677419 0.58064516129 0.741935483871 0.967741935484 0.967741935484 1.25806451613 0.387096774194 5.48560735386e-220 0.677419354839 1.64516129032 0.0967741935484 0.129032258065 2.61290322581 0.193548387097 0.0 0.0 0.903225806452 0.129032258065 0.0967741935484 0.290322580645 3.29032258065 0.0645161290323 0.161290322581 0.935483870968 4.35441435025e-220 0.0645161290323 0.967741935484 0.258064516129 0.258064516129 4.03225806452 0.0645161290323 2.58064516129 1.77419354839 0.322580645161 0.0 1.16129032258 0.0322580645161 0.225806451613 0.870967741935 0.0645161290323 4.83541712894e-221 1.45161290323 5.99176041402e-228 0.0 1.32258064516 3.35483870968 0.0 0.41935483871 5.94762033261e-224 2.97381016631e-224 1.03225806452 0.129032258065 0.516129032258 
5.02927459333e-205 1.05527446612e-201 9.62311330546e-202 2.0 3.35876580171e-206 4.04491140573e-214 1.41576067696e-201 11.0 9.37045636748e-202 1.73977409474e-202 1.0 1.48769697442e-201 2.1210281647e-201 3.0 5.48835657266e-202 2.22392720892e-202 17.0 1.0 1.30454577718e-209 34.0 15.0 10.0 9.0 2.0 2.58951854456e-203 0.0 0.0 34.0 9.30662915165e-203 1.45334196159e-204 12.0 12.0 5.58287133478e-203 20.0 1.72675049595e-201 1.03553398672e-209 5.40415565468e-203 2.83685510694e-201 1.73011147458e-202 1.82143329466e-203 4.07678145846e-201 1.0 1.0 1.51116052164e-201 41.0 0.0 1.29335465134e-201 7.0 3.43636301865e-203 4.59738238171e-202 1.82284841036e-204 1.14992244059e-210 2.6309949152e-202 1.42491528135e-217 0.0 1.82033073487e-201 1.0 0.0 6.81584184019e-203 1.41441822002e-213 7.07209110011e-214 1.52134342728e-201 36.0 3.31637185282e-202 
3.32330246954 0.0771604938242 -0.0841049383191 0.00540123456379 1.37422839527 0.144290123486 0.17052469134 1.0763888893 0.662037037425 -0.0447530864414 0.44907407415 -0.0447530864414 1.57330247014 1.69058642003 5.81110999334e-218 -0.0447530864414 -0.0324074071876 4.5577527885e-217 0.293209876571 0.341820987645 0.310185185033 -0.0447530864414 -0.10648148154 -0.259259259452 3.60976232159e-218 -0.0223765432207 0.592592592671 1.04194254886e-215 9.12899873043e-217 -0.0902777778484 -0.0177469136225 0.300925925836 6.43296282202e-217 0.17052469134 2.17348304923e-220 0.243827160531 -0.0447530864414 1.83751087647e-215 -0.0169753086569 0.0 -0.0223765432207 0.580246913612 -0.000771604965557 4.7839785986e-219 -0.246913580393 -0.303240740928 1.12500000017 0.537808642068 -0.0841049383191 0.0 0.493055556016 -0.0447530864414 -0.0223765432207 -0.0115740740931 6.75154403433e-216 9.5679571972e-219 0.794753086233 1.11918708321e-216 0.659722222528 -0.0339506169236 1.68364197553 0.641203703745 0.0439814814759 0.699074074211 
0.0771604938242 1.26543209883 -0.0154320987729 -0.00308641975458 0.20679012349 0.0246913580299 0.0216049382686 2.01839779507e-11 0.0462962963389 -0.00617283950916 0.00925925925702 0.160493827198 0.160493827285 0.25617283955 1.27887476739e-217 -0.00617283950916 -0.0370370370146 8.14390469472e-218 0.0308641975324 0.447530864293 -0.101851851908 -0.00617283950916 -0.0185185185275 -0.07407407411 -4.87215587682e-220 -0.00308641975458 -0.00925925927047 5.45171438259e-217 -6.11480320662e-218 -0.0277777777912 -0.0216049382821 -0.0370370370684 -5.98493681662e-218 -0.00617283951589 -2.62656561909e-222 0.0432098765507 0.160493827198 -3.15816069528e-217 -0.00617283950916 0.0 0.0802469135989 -0.00617283952262 -0.0154320987729 1.06579776383e-218 -0.0493827160733 -0.0648148148462 0.111111111125 -0.0216049382821 -0.0154320987729 0.0 0.0833333334006 -0.00617283950916 -0.00308641975458 -0.00925925926374 1.14858489629e-216 2.13159552766e-218 -0.104938271683 1.91512956706e-217 0.111111111158 -0.0123456789645 0.228395061758 0.0185185185073 0.157407407443 0.120370370395 
-0.0841049383191 -0.0154320987729 1.28626543216 -0.00385802469323 -0.0054012345907 -0.00385802469323 -0.0424382716255 -0.31250000005 0.023148148193 -0.00771604938645 -0.0231481481594 -0.00771604938645 -0.0563271604 -0.0964506173307 -3.57280284744e-219 0.0756172839671 -0.032407407376 1.04639614898e-216 -0.0308641975458 -0.0655864197849 -0.106481481547 -0.00771604938645 -0.0231481481594 0.185185185208 4.7365293688e-218 -0.00385802469323 -0.0462962963187 3.41201229859e-216 4.36931850626e-216 -0.034722222239 -0.0270061728526 -0.115740740797 4.23123594481e-216 0.124228395082 2.03558835422e-221 0.0679012345806 -0.00771604938645 2.10090919054e-215 0.0200617283981 0.0 -0.00385802469323 -0.0771604938645 -0.0192901234661 -3.02783455708e-220 -0.0617283950916 0.00231481479575 0.097222222229 -0.0270061728526 -0.0192901234661 0.0 -0.00694444438726 0.0478395061826 -0.00385802469323 -0.0115740740797 -1.32093748304e-217 -6.05566911416e-220 -0.0478395062498 -2.99210501388e-218 -0.0069444444209 -0.0154320987056 -0.13117283957 0.00231481479575 -0.0115740740797 0.0601851851942 
0.00540123456379 -0.00308641975458 -0.00385802469323 1.02700617285 -0.0177469135888 -0.000771604938645 0.0470679012439 -0.0625000000101 -0.0231481481459 -0.00154320987729 -0.00462962963187 -0.00154320987729 0.0054012345907 -0.0192901234661 -7.2536701089e-220 -0.00154320987729 0.0046296296386 2.09279229797e-217 -0.00617283950916 -0.013117283957 0.0231481481459 -0.00154320987729 0.0231481481526 0.064814814826 8.62443758866e-219 -0.000771604938645 -0.00925925926374 1.69786297647e-216 1.64106760803e-216 -0.00694444444781 -0.00540123457052 0.0324074074097 1.59982579067e-216 0.0192901234594 -6.56641404773e-223 -0.00308641975458 -0.00154320987729 4.85573527445e-216 -0.00154320987729 0.0 -0.000771604938645 -0.0154320987729 -0.00385802469323 -6.05566911416e-221 -0.0123456790183 -0.0162037037116 -0.0138888888956 -0.00540123457052 0.0239197530913 0.0 -0.00694444443435 -0.00154320987729 -0.000771604938645 -0.00231481481594 -2.73099211727e-218 -1.21113382283e-220 -0.0540123457052 -5.98488543035e-219 -0.00694444444108 -0.00308641974113 -0.0262345679139 -0.0162037037116 -0.00231481481594 -0.00462962963187 
1.37422839527 0.20679012349 -0.0054012345907 -0.0177469135888 4.11959876609 0.260030864256 0.415895061782 1.75694444499 1.24537037085 -0.0354938271777 0.171296296312 -0.0354938271777 2.26311728499 2.97299382777 -1.63727560602e-218 -0.0354938271777 0.189814815041 -1.51151413033e-217 0.469135802548 0.198302469111 0.254629629511 0.0200617283913 -0.0787037037486 -0.314814814994 -8.29942140674e-221 0.0100308641957 0.342592592624 -6.17614607417e-217 -3.48110219812e-217 0.0624999999765 -0.0686728395529 0.30092592587 -3.40331350387e-217 0.193672839506 -1.51027523098e-221 0.484567901335 -0.0354938271777 -1.77444342527e-216 -0.00771604939318 0.0 -0.0177469135888 0.478395061758 -0.0331790123752 -1.39280389626e-219 -0.200617284068 0.210648148109 1.45833333361 0.209104938292 -0.0887345679442 0.0 0.95138888939 0.131172839529 0.0100308641957 0.00231481480248 -8.28748042058e-217 -2.78560779251e-219 0.868827160403 -1.37652364898e-217 1.22916666708 -0.0709876540459 2.92438271661 0.71064814823 0.00231481480248 1.28240740769 
0.144290123486 0.0246913580299 -0.00385802469323 -0.000771604938645 0.260030864256 1.02700617285 0.0470679012439 0.18750000005 0.115740740777 -0.00154320987729 0.0231481481526 -0.00154320987729 0.227623456867 0.314043209948 -7.28744023828e-220 -0.00154320987729 0.0324074074231 -6.57180056665e-219 0.0493827160598 -0.013117283957 -0.0046296296386 -0.00154320987729 -0.00462962963187 -0.0185185185275 -1.2180389692e-220 -0.000771604938645 0.0185185185208 -2.85685620461e-218 -1.52870080165e-218 -0.00694444444781 -0.00540123457052 0.0324074074097 -1.49623420415e-218 0.0192901234594 -6.56641404773e-223 0.0524691358144 -0.00154320987729 -7.89540173819e-218 -0.00154320987729 0.0 -0.000771604938645 0.0401234567961 -0.00385802469323 -6.05566911416e-221 -0.0123456790183 -0.0162037037116 0.152777777811 -0.00540123457052 -0.00385802469323 0.0 0.104166666704 -0.00154320987729 -0.000771604938645 -0.00231481481594 -3.60325235678e-218 -1.21113382283e-220 0.0570987654328 -5.98488543035e-219 0.131944444481 -0.00308641974113 0.3070987655 0.067129629642 -0.00231481481594 0.134259259291 
0.17052469134 0.0216049382686 -0.0424382716255 0.0470679012439 0.415895061782 0.0470679012439 1.37885802476 0.256944444562 0.189814814947 0.0941358024878 0.00462962961842 -0.0169753086502 0.309413580558 0.482253086485 -7.88110374459e-219 -0.0169753086502 -0.0879629628979 1.1442417553e-218 0.0432098765372 -0.144290123527 0.143518518467 -0.0169753086502 0.0601851851874 0.24074074075 1.21932034472e-218 0.0192901234594 -0.0462962963322 3.87283233312e-216 6.32381664306e-216 -0.0763888889259 -0.0594135802757 0.217592592584 6.31180304241e-216 0.0733024691309 1.64160351136e-221 0.0771604938376 -0.0169753086502 3.07699057903e-216 0.0108024691343 0.0 -0.0084876543251 -0.058641975364 -0.014660493841 -6.66123602557e-220 -0.108024691417 -0.150462963043 0.180555555562 -0.0594135802757 0.0131172839435 0.0 0.201388889067 -0.0169753086502 0.0192901234594 0.0300925925937 -3.83179299291e-217 -1.33224720511e-219 -0.0108024692823 -6.58303627209e-218 0.201388888993 -0.0339506171524 0.711419753189 0.0717592592335 -0.0254629629753 0.226851851894 
1.0763888893 2.01839779507e-11 -0.31250000005 -0.0625000000101 1.75694444499 0.18750000005 0.256944444562 5.90972222328 0.513888888801 -0.12500000002 0.152777777845 -0.12500000002 1.46527777755 2.49305555629 7.26867095234e-217 -0.12500000002 -0.402777778087 2.55523623219e-216 0.611111111299 0.104166666778 0.0972222224577 -0.0416666666667 -0.069444444431 -0.777777777845 2.9503790583e-218 -0.0347222222256 0.805555555811 5.59715735936e-216 -1.1400677168e-216 -0.0902777777542 -0.0486111110876 0.375000000242 -1.21184839459e-216 -0.0486111110674 3.01398404722e-220 0.250000000081 -0.12500000002 1.95355705308e-215 -0.0972222222357 0.0 -0.0625000000101 0.944444444774 0.104166666717 6.04961344362e-218 0.138888889003 0.576388889134 1.20833333372 0.562500000172 -0.229166666697 0.0 0.826388888771 -0.12500000002 -0.00694444444108 -0.104166666677 8.75647056325e-216 1.20992268872e-217 0.875000000565 1.45434742134e-216 0.770833333384 -0.0833333336966 2.98611111201 0.409722222427 -0.0208333333232 0.875000000242 
0.662037037425 0.0462962963389 0.023148148193 -0.0231481481459 1.24537037085 0.115740740777 0.189814814947 0.513888888801 2.41666666668 0.0092592592772 4.70958642569e-11 -0.0462962962918 1.07870370306 1.28240740791 -2.18049114822e-218 0.0092592592772 0.277777777515 1.1337952751e-215 0.175925926031 -0.00462962949731 0.111111111468 -0.0462962962918 4.70961634003e-11 -0.138888888734 7.96124703868e-218 0.0601851852076 0.111111111232 6.00169409753e-215 1.85958229179e-215 -0.180555555529 -0.0509259258833 -0.0555555553335 1.8390432685e-215 0.189814814947 -1.96992421317e-221 0.24074074083 -0.0462962962918 1.56264123076e-215 0.0370370370617 0.0 -0.0231481481459 0.148148148341 0.023148148193 -1.81670073319e-219 -0.175925925843 -0.180555555434 0.638888889185 0.199074074177 0.023148148193 0.0 0.45833333295 0.0648148148462 0.0046296296386 0.0972222222693 5.71740635918e-215 -3.63340146638e-219 0.546296296978 9.51581586643e-216 0.597222222155 0.0740740735583 1.12962963017 0.70833333367 -0.0138888888687 0.583333333522 
-0.0447530864414 -0.00617283950916 -0.00771604938645 -0.00154320987729 -0.0354938271777 -0.00154320987729 0.0941358024878 -0.12500000002 0.0092592592772 1.10802469138 -0.00925925926374 -0.00308641975458 -0.0447530863876 -0.0385802469323 -1.45748804766e-219 -0.00308641975458 -0.0462962962918 -1.31436011333e-218 -0.0123456790183 -0.0262345679139 0.0462962962918 -0.00308641975458 -0.00925925926374 0.185185185221 -2.43607793841e-220 -0.00154320987729 -0.0185185185275 1.24229638461e-216 1.59349743502e-216 -0.0138888888956 -0.010802469141 0.0648148148193 1.58484318655e-216 0.0385802469188 -1.31328280955e-222 -0.00617283950916 -0.00308641975458 9.31899233084e-217 -0.00308641975458 0.0 -0.00154320987729 -0.0308641975458 -0.00771604938645 -1.21113382283e-220 -0.0246913580367 -0.0324074074231 -0.0277777777912 -0.010802469141 -0.00771604938645 0.0 -0.0138888888687 -0.00308641975458 -0.00154320987729 -0.00462962963187 -7.20650471355e-218 -2.42226764566e-220 0.00308641972767 -1.19697708607e-218 -0.0138888888822 -0.00617283948225 -0.0524691358279 -0.0324074074231 -0.00462962963187 -0.00925925926374 
0.44907407415 0.00925925925702 -0.0231481481594 -0.00462962963187 0.171296296312 0.0231481481526 0.00462962961842 0.152777777845 4.70958642569e-11 -0.00925925926374 1.36111111119 -0.00925925926374 0.365740740958 0.217592592617 -4.37246414297e-219 -0.00925925926374 -0.0833333333064 1.00722199393e-216 0.129629629652 -0.0787037037418 -0.111111111185 -0.00925925926374 -0.0277777777912 -0.111111111165 1.86805128111e-217 -0.00462962963187 0.0833333333401 4.81229190788e-216 1.45362974439e-216 0.0138888888822 -0.0324074074231 -0.0833333333872 9.86737861505e-217 -0.0231481481661 -3.93984842864e-222 0.0370370370415 -0.00925925926374 1.13238958094e-216 -0.00925925926374 0.0 -0.00462962963187 -0.0370370370684 -0.0231481481594 -3.63340146849e-220 -0.07407407411 0.0138888888687 0.25000000004 -0.0324074074231 -0.0231481481594 0.0 0.0694444445319 -0.00925925926374 -0.00462962963187 -0.0138888888956 -2.86591899137e-218 -7.26680293699e-220 -0.0740740741705 -3.59093125821e-218 0.097222222276 -0.0185185184468 0.17592592593 0.152777777791 -0.0138888888956 0.111111111131 
-0.0447530864414 0.160493827198 -0.00771604938645 -0.00154320987729 -0.0354938271777 -0.00154320987729 -0.0169753086502 -0.12500000002 -0.0462962962918 -0.00308641975458 -0.00925925926374 1.10802469138 -0.0447530863876 -0.0385802469323 2.47030025192e-218 -0.00308641975458 -0.0462962962918 2.02308897294e-217 -0.0123456790183 0.3070987655 -0.0648148148462 -0.00308641975458 -0.00925925926374 -0.037037037055 -2.43607793841e-220 -0.00154320987729 -0.0185185185275 1.23558183941e-216 -3.05740160331e-218 -0.0138888888956 -0.010802469141 -0.0462962963187 -2.99246840831e-218 -0.0169753086502 -1.31328280955e-222 -0.00617283950916 0.108024691383 -1.57908034764e-217 -0.00308641975458 0.0 0.0540123456917 -0.0308641975458 -0.00771604938645 2.05892749829e-219 -0.0246913580367 -0.0324074074231 -0.0277777777912 -0.010802469141 -0.00771604938645 0.0 -0.0138888888687 -0.00308641975458 -0.00154320987729 -0.00462962963187 2.513364934e-216 4.11785499657e-219 -0.10802469141 4.18935225994e-217 -0.0138888888822 -0.00617283948225 -0.0524691358279 -0.0324074074231 0.106481481506 -0.00925925926374 
1.57330247014 0.160493827285 -0.0563271604 0.0054012345907 2.26311728499 0.227623456867 0.309413580558 1.46527777755 1.07870370306 -0.0447530863876 0.365740740958 -0.0447530863876 3.87885802292 2.63503086537 -2.05729925179e-218 -0.0447530863876 0.328703702881 2.03889061535e-216 0.432098765709 -0.0470679008806 -0.412037036234 -0.0169753086031 -0.106481481378 -0.314814814375 4.40047880026e-218 -0.0223765431938 0.203703704011 1.53497254584e-215 3.37060080753e-217 0.0763888891008 -0.0455246912186 0.106481482152 1.08447731901e-217 0.0871913582822 -1.90426007155e-221 0.410493827346 -0.0447530863876 1.53226392792e-215 -0.0447530863876 0.0 -0.0223765431938 0.496913580797 -0.0563271604 -1.75614404099e-219 -0.330246913316 -0.219907407009 1.43055555629 0.0933641977039 -0.0841049381845 0.0 1.02083333223 0.0663580247504 -0.0223765431938 -0.0671296295814 1.83893946882e-215 -3.51228808199e-219 0.128086421289 3.05822579914e-216 1.15972222192 0.29938271466 2.29475308771 0.613425926526 -0.0393518517969 1.11574074114 
1.69058642003 0.25617283955 -0.0964506173307 -0.0192901234661 2.97299382777 0.314043209948 0.482253086485 2.49305555629 1.28240740791 -0.0385802469323 0.217592592617 -0.0385802469323 2.63503086537 5.2677469145 2.43386305073e-217 -0.0385802469323 0.310185185457 3.86484911342e-217 0.540123456884 -0.161265432217 -0.0324074076115 -0.0385802469323 0.0509259259102 -0.268518518696 5.677504972e-219 -0.0192901234661 0.296296296312 2.30263217122e-216 2.86916704684e-216 -0.0625000000572 0.0594135802286 0.421296296258 2.85547719022e-216 0.176697530856 -1.64160351193e-221 0.589506172964 -0.0385802469323 3.70980455885e-216 -0.0385802469323 0.0 -0.0192901234661 0.753086419842 0.0146604938074 2.02864915271e-218 -0.253086419889 -0.0439814815903 1.73611111145 0.0316358024441 -0.0131172839772 0.0 1.1597222228 -0.0385802469323 0.00848765431837 -0.0300925926139 -8.92090486799e-217 4.05729830543e-218 0.566358024501 -1.49622135759e-217 1.49305555604 -0.0771604935281 3.51080246983 0.844907407514 -0.0300925926139 1.55092592627 
5.81110999334e-218 1.27887476739e-217 -3.57280284744e-219 -7.2536701089e-220 -1.63727560602e-218 -7.28744023828e-220 -7.88110374459e-219 7.26867095234e-217 -2.18049114822e-218 -1.45748804766e-219 -4.37246414297e-219 2.47030025192e-218 -2.05729925179e-218 2.43386305073e-217 1.0 -1.45748804766e-219 3.04586604315e-218 0.0 -5.82995219063e-219 -1.13248893296e-218 2.3128807978e-217 -1.45748804766e-219 -4.37246414297e-219 5.06307555016e-217 2.36390905661e-221 -7.28744023828e-220 -8.74492828594e-219 5.23716363277e-218 1.0131038814e-221 -6.27502712766e-219 2.10592824e-218 -2.18623207148e-218 2.02620776281e-221 -8.0060532233e-219 4.96420901888e-220 -2.91497609531e-219 -1.45748804766e-219 9.79333752025e-221 -1.45748804766e-219 0.0 2.5431746543e-218 5.8711640256e-217 4.93996577915e-217 2.61604905668e-218 -1.15889871096e-218 1.17078733268e-218 9.22134804777e-218 -4.9593736234e-219 -3.64372011914e-219 0.0 -6.55869620175e-219 -1.42709493121e-219 -7.28744023828e-220 -2.18623207148e-219 1.98568360755e-219 5.23209811336e-218 4.47182046488e-217 7.09172716983e-221 -6.5586962081e-219 -1.14204429015e-219 3.93790552259e-217 8.96523999701e-218 1.54776711329e-217 -3.77810986588e-219 
-0.0447530864414 -0.00617283950916 0.0756172839671 -0.00154320987729 -0.0354938271777 -0.00154320987729 -0.0169753086502 -0.12500000002 0.0092592592772 -0.00308641975458 -0.00925925926374 -0.00308641975458 -0.0447530863876 -0.0385802469323 -1.45748804766e-219 1.05246913581 -0.0462962962918 3.10035146508e-217 -0.0123456790183 -0.0262345679139 -0.0648148148462 -0.00308641975458 -0.00925925926374 0.0462962962985 -2.43607793841e-220 -0.00154320987729 -0.0185185185275 1.87757925293e-216 -3.05740160331e-218 -0.0138888888956 -0.010802469141 -0.0462962963187 -2.99246840831e-218 0.121913580272 -1.31328280955e-222 0.0493827160598 -0.00308641975458 -1.57908034764e-217 -0.00308641975458 0.0 -0.00154320987729 -0.0308641975458 0.0200617283981 -1.21113382283e-220 -0.0246913580367 -0.0324074074231 0.0277777777778 -0.010802469141 0.0200617283981 0.0 -0.0138888888687 -0.00308641975458 -0.00154320987729 -0.00462962963187 3.80607992456e-216 -2.42226764566e-220 0.0308641975122 6.34387724422e-217 0.0416666666869 -0.00617283948225 -0.0524691358279 0.0231481481459 -0.00462962963187 0.0185185185208 
-0.0324074071876 -0.0370370370146 -0.032407407376 0.0046296296386 0.189814815041 0.0324074074231 -0.0879629628979 -0.402777778087 0.277777777515 -0.0462962962918 -0.0833333333064 -0.0462962962918 0.328703702881 0.310185185457 3.04586604315e-218 -0.0462962962918 2.52777777782 1.10751038715e-216 -0.0462962962447 -0.310185185127 0.0555555558987 0.0092592592772 -0.0833333333064 0.19444444468 2.25136902796e-218 -0.0231481481459 -0.111111111044 5.90363281005e-216 -3.80398299189e-217 0.0416666667474 0.171296296393 0.305555555865 -4.34514578986e-217 -0.0879629628979 -1.96992421317e-221 0.0185185185544 -0.0462962962918 -2.12615807956e-217 0.0370370370617 0.0 -0.0231481481459 0.120370370557 -0.0046296295915 2.54338102795e-219 -0.0925925924894 -0.40277777771 0.0555555557103 -0.134259259237 -0.032407407376 0.0 0.208333332889 -0.0462962962918 -0.0231481481459 -0.0694444444377 9.2869120253e-216 5.08676205589e-219 0.240740741349 1.54407342461e-216 0.208333333172 0.0740740735583 -0.120370370133 -0.0694444442964 -0.0694444444377 0.13888888897 
4.5577527885e-217 8.14390469472e-218 1.04639614898e-216 2.09279229797e-217 -1.51151413033e-217 -6.57180056665e-219 1.1442417553e-218 2.55523623219e-216 1.1337952751e-215 -1.31436011333e-218 1.00722199393e-216 2.02308897294e-217 2.03889061535e-216 3.86484911342e-217 0.0 3.10035146508e-217 1.10751038715e-216 1.0 3.96800476691e-217 1.29091255579e-216 2.00323865232e-216 3.47887949516e-216 8.90806566691e-217 7.85555098287e-217 0.0 1.01154448647e-217 6.39387958055e-216 1.81860862829e-216 0.0 3.71758791755e-217 1.44419760008e-216 3.74359698487e-217 0.0 9.14624792735e-217 0.0 7.33424750771e-217 -1.31436011333e-218 1.87659986998e-216 7.05886226528e-218 0.0 -6.57180056665e-219 3.23878599606e-216 1.04520055318e-216 0.0 2.26921252493e-216 1.8038543975e-216 1.79671407026e-216 4.2704202054e-216 3.16219683981e-216 0.0 5.12723560864e-216 1.05613157837e-216 5.62273672729e-218 1.27299958887e-216 1.29271499057e-216 0.0 4.02727428164e-216 2.15452498428e-217 1.21191530212e-215 5.12344043917e-217 2.65890957847e-216 1.41539009192e-216 6.27439157455e-217 1.03290534558e-216 
0.293209876571 0.0308641975324 -0.0308641975458 -0.00617283950916 0.469135802548 0.0493827160598 0.0432098765372 0.611111111299 0.175925926031 -0.0123456790183 0.129629629652 -0.0123456790183 0.432098765709 0.540123456884 -5.82995219063e-219 -0.0123456790183 -0.0462962962447 3.96800476691e-217 1.33950617291 0.11728395062 -0.0092592593243 0.0432098765507 -0.037037037055 -0.14814814822 1.90922821515e-217 -0.00617283950916 0.203703703735 1.2176367711e-216 3.57447067594e-217 0.027777777771 0.0123456790049 0.0370370370012 -1.19698736332e-217 0.0432098765372 -5.25313123819e-222 0.0864197531014 -0.0123456790183 5.75006214295e-216 -0.0123456790183 0.0 -0.00617283950916 0.2654320988 -0.00308641976131 -4.84453529133e-220 0.317901234621 0.0092592592301 0.250000000034 0.151234567927 -0.0308641975458 0.0 0.166666666801 -0.0123456790183 -0.00617283950916 -0.0185185185275 -9.63629358517e-218 -9.68907058265e-220 0.0401234566952 -4.78790834428e-218 0.222222222316 0.03086419764 0.484567901301 0.120370370368 0.00925925925702 0.24074074079 
0.341820987645 0.447530864293 -0.0655864197849 -0.013117283957 0.198302469111 -0.013117283957 -0.144290123527 0.104166666778 -0.00462962949731 -0.0262345679139 -0.0787037037418 0.3070987655 -0.0470679008806 -0.161265432217 -1.13248893296e-218 -0.0262345679139 -0.310185185127 1.29091255579e-216 0.11728395062 3.02700617328 0.476851851834 -0.0262345679139 -0.0787037037418 -0.314814814967 -2.07066624765e-219 -0.013117283957 0.509259259344 2.10973809137e-216 -2.22664814599e-217 -0.0625000000437 0.130401234577 0.0509259258429 -2.46629832091e-217 0.189043209887 3.43423454611e-220 -0.0524691358279 0.3070987655 1.93236392254e-215 -0.0262345679139 0.0 0.15354938275 0.626543209965 0.101080246922 -1.02946374941e-219 -0.0432098766045 0.0856481481022 -0.0694444445185 0.963734568112 -0.0655864197849 0.0 -0.118055555384 -0.0262345679139 -0.013117283957 -0.0393518518709 1.97429542591e-216 -2.05892749881e-219 0.359567901099 3.29212599733e-217 -0.118055555498 0.0586419755389 -0.168209876692 0.224537037025 0.46064814825 -0.0787037037418 
0.310185185033 -0.101851851908 -0.106481481547 0.0231481481459 0.254629629511 -0.0046296296386 0.143518518467 0.0972222224577 0.111111111468 0.0462962962918 -0.111111111185 -0.0648148148462 -0.412037036234 -0.0324074076115 2.3128807978e-217 -0.0648148148462 0.0555555558987 2.00323865232e-216 -0.0092592593243 0.476851851834 2.86111111123 -0.0648148148462 0.111111111091 -0.0555555557574 6.957005577e-218 -0.0046296296386 0.277777777751 1.00988914038e-215 4.44714791517e-216 -0.208333333454 -0.0046296296857 0.027777777549 4.21819174599e-216 0.0324074073289 4.33383326979e-221 -0.0740740741234 -0.0648148148462 2.09050958588e-215 0.0185185185073 0.0 -0.0324074074231 0.157407407289 -0.023148148193 1.92570277777e-218 -0.21296296314 0.0694444442964 -0.250000000202 0.467592592651 0.032407407376 0.0 0.0972222227403 -0.0648148148462 0.0509259259304 0.0416666666532 8.90277972412e-216 3.85140555555e-218 0.648148147756 1.47226493038e-216 -0.0972222220338 -0.0740740735583 0.0370370367791 0.0694444442964 0.0138888888687 -0.0555555556161 
