64 8 3
0.08 0.02 0.337630537691 0.0200000000046 0.362369462301 0.0400000000029 0.04 0.1 
0.1 0.06 0.02 0.06 0.02 0.5196576147 0.16 0.0603423853002 
0.02 0.68 0.02 0.14 0.02 0.08 0.02 0.02 
12.75 0.25 2.0 1.0 28.75 8.04474895912e-217 7.75 3.5 24.25 0.75 0.5 0.5 50.0 1.5 0.25 0.75 2.0 0.25 2.41857520148e-215 0.5 10.0 0.25 0.75 3.75 1.75 1.0 12.0 6.0 2.0 4.5 1.5 0.25 2.75 1.0 2.93399190234e-216 1.5 2.03910640258e-222 9.5 4.25 0.0 4.18697087008e-217 1.9611112223e-215 9.0 4.18696067455e-217 1.03381508564e-215 8.75 6.5 0.75 4.75 0.0 8.5 4.25 3.69573791746e-219 3.5 3.0 8.37392134909e-217 16.25 0.5 29.25 2.25 32.25 21.25 0.5 26.0 
1.0 1.78867245809e-211 7.79198017094e-211 1.40112437667e-211 4.0 5.62162215241e-212 46.0 2.90296114465e-210 1.39047821086e-210 1.71693895851e-212 2.15073192391e-210 4.03815999484e-212 2.0 7.88879523429e-211 9.71752760909e-211 1.71862923733e-212 39.0 3.53550122358e-212 1.69008579373e-210 21.0 5.0 67.0 2.5905038008e-211 1.49424829974e-210 9.7692973823e-212 20.0 5.0 5.46267901835e-211 1.91181090662e-211 5.0 36.0 36.0 109.0 1.69298504981e-211 2.05025588207e-211 1.50957128749e-211 1.42491528102e-217 9.7513461537e-211 24.0 0.0 2.92583004321e-212 1.37041271849e-210 1.21147688016e-210 2.92582291864e-212 21.0 1.01255216555e-210 3.0 2.0 2.91326479555e-211 0.0 7.41541525209e-211 3.89116490001e-211 2.58255941259e-214 6.11786337943e-211 9.45493973906e-211 5.85164583728e-212 2.0 4.04125980143e-212 1.26307480573e-210 1.48623087792e-210 2.41276440727e-210 1.24922995205e-210 2.0 1.12590157663e-210 
1.05693740507 0.0592363479227 4.76807861796e-06 1.44055234452e-06 1.0059621036 0.0592363479227 0.354454314199 3.95101720639 0.639338655385 8.03695896601e-07 0.177708650796 1.63631745882e-17 0.768179220397 1.18096888952 3.41743361308e-214 2.29081936246e-07 0.178814768008 1.24335543017e-215 0.414654338319 0.533036218398 1.4768763269 0.0592366687014 0.177707706258 0.289383766415 3.43563986577e-215 3.70072911702e-07 0.5903228608 1.92110006225e-214 6.72340446763e-215 0.233473173098 0.177718439212 0.829890818361 2.15456597035e-215 0.177721439641 7.21028398236e-215 0.118472924927 1.63631745882e-17 3.42932682664e-214 4.33765823931e-07 0.0 8.1815872941e-18 0.767436349988 0.118580277774 1.02894542628e-215 0.709868330165 1.06217223646 0.704871723924 0.355418391268 0.0592377327787 0.0 0.355413533009 9.0463961709e-06 0.0582709596253 0.0586064755732 3.32508742694e-214 2.05789085255e-215 2.34957187678 1.42121922779e-215 0.29618223708 8.00267110901e-07 2.00231186743 0.414859609411 0.0592363479227 0.296181800009 
2.26853472257e-10 2.99999999931 3.23022900237e-15 2.54709791112e-16 3.64577393708e-12 3.29683072121e-173 6.9788614007e-16 1.82418542063e-12 2.26855171699e-10 5.93295790957e-18 8.79125638533e-19 1.99999999954 6.80559151998e-10 3.42938213662e-16 9.71752760908e-211 1.08991477161e-15 2.26853960248e-10 3.53550122358e-212 2.26852901366e-10 5.99999999909 2.34144747175e-10 5.63574316059e-17 4.43104253766e-16 3.53082968256e-15 9.76929738229e-212 1.72334099991e-16 1.3972264978e-16 5.46267901834e-211 1.91181090661e-211 2.26853242623e-10 2.26853071867e-10 3.64625333451e-12 6.1265430943e-212 2.62107648475e-15 2.05025588207e-211 1.08991477161e-15 1.99999999954 9.7513461537e-211 1.74989015055e-16 0.0 0.999999999771 2.26853028926e-10 2.5034005467e-16 2.92582291864e-212 3.57235068427e-17 3.64567628634e-12 2.55720991173e-15 2.26852900535e-10 2.97231568336e-16 0.0 4.70873304214e-18 7.63255880996e-18 1.00404153098e-17 3.47864564019e-16 9.45493973905e-211 5.85164583727e-212 1.82505618776e-12 4.04125980142e-212 3.41924089854e-17 4.5370580283e-10 3.64564675272e-12 1.96000423102e-15 1.99999999954 1.07458593597e-15 
0.615795972981 2.03544274608e-16 0.275957001222 0.0551909465509 0.332137463519 2.91922155984e-117 0.276859420418 0.789293706905 1.06007758923 0.110383828686 0.165577232415 1.35696183072e-16 0.884840667071 0.279462949749 1.25260762171e-213 0.110384364071 1.48916155984 4.55732770451e-215 0.0551923792527 0.11046928378 0.94202599047 0.0551919898776 0.165578112469 1.05498736267 1.25928084304e-214 0.0551919439488 0.112285883137 7.04149620006e-214 2.46436028713e-214 0.279196614371 0.220760400997 0.882534402156 7.89722950463e-215 0.441526760447 2.64281846952e-214 0.110384364071 1.35696183072e-16 1.25696689584e-213 0.110384173361 0.0 6.7848091536e-17 0.388802223041 0.165476628949 3.77144087991e-215 0.221670925266 0.169380212932 0.336710991244 0.0551920057485 0.220767864715 0.0 0.165581109844 0.110376148714 0.000899481341111 0.110971448545 1.21875955041e-213 7.54288175983e-215 1.67429335807 5.20926004249e-215 0.220768691515 0.220768409354 0.0109235683074 0.772500875848 1.35696183072e-16 0.0551922324842 
3.05928291885e-17 5.44423879193e-31 3.14344534291e-18 4.30801844705e-18 0.999999999928 6.04705113359e-129 0.499999999964 1.00000000014 1.4336727462e-10 2.39702435579e-20 1.24425614307e-21 3.62949252795e-31 1.50000000018 1.26614959939e-17 4.14356769493e-211 5.27443925195e-21 1.43367274819e-10 1.50754278709e-212 2.58184164073e-17 5.19908155558e-17 1.97810135137e-15 7.42350977519e-19 4.89941442876e-16 0.499999999964 4.16564240039e-212 7.91256991814e-21 1.09232257426e-18 2.32929415986e-211 8.15198909654e-212 2.91637013087e-17 2.58627486971e-17 2.49999999982 2.61236675298e-212 4.37507907633e-18 8.74232045538e-212 5.27443925195e-21 3.62949252795e-31 4.1579879708e-211 1.29973599316e-19 0.0 1.81474626398e-31 3.00856677309e-17 4.16877700473e-18 1.24757508437e-212 2.59406356984e-21 9.37779777215e-18 1.03941329025e-18 2.5818070622e-17 0.499999999964 0.0 8.49999999953 6.01156707776e-18 1.25311953208e-21 1.58495093338e-20 4.03159985093e-211 2.49515016873e-212 9.81936650538e-16 1.72319896929e-212 7.16836194011e-11 1.43367290194e-10 9.71759910046e-16 8.32509199046e-18 3.62949252795e-31 5.20025821089e-21 
78.0 4.28173136451e-214 8.5 8.5 1.0 1.34570618452e-214 2.0 14.5 155.5 4.0 25.0 9.66656372806e-215 66.0 8.0 2.32618568934e-213 4.11406161935e-215 13.5 9.0 3.0 16.0 31.0 100.5 84.5 14.5 2.33857835859e-214 161.0 76.0 46.0 0.5 31.5 90.0 15.0 1.46657436381e-214 57.0 4.90791082279e-214 90.0 3.41096796281e-220 7.5 175.5 0.0 7.00386379103e-215 80.5 10.5 7.00384673619e-215 1.72934091724e-213 2.42385146918e-213 37.5 2.98082269071e-213 149.0 0.0 59.5 7.5 1.5 133.5 2.26332729881e-213 1.40076934724e-214 56.0 9.67398405761e-215 147.0 3.55774548667e-213 23.0 75.5 75.0 7.0 
6.8 1.0 5.0 0.8 3.37752998746e-216 0.2 1.0 16.8 4.6 6.14549458668e-218 14.4 0.2 3.0 2.8 6.6 6.15154465576e-218 1.8 0.2 11.0 5.2 9.0 8.4 1.6 9.6 0.4 0.8 12.6 2.8 1.0 0.8 1.6 0.4 2.19289318554e-217 0.6 1.4 0.4 5.1002448879e-223 5.2 3.70118179242e-217 0.0 0.2 8.4 6.8 0.2 4.6 5.4 8.4 7.8 1.2 0.0 3.0 2.0 9.24383759314e-220 3.6 6.0 0.4 12.4 0.2 3.2 9.8 9.2 4.4 7.2 2.8 
0.4 0.8 0.6 4.45385161996e-207 4.26131121373e-209 0.4 4.6 11.6 14.6 0.4 3.3869222868e-207 1.70493382514e-208 0.8 9.6 1.95988592012e-207 0.6 5.32397058364e-207 0.2 3.6 6.81438196596e-208 9.6 1.38472159066e-207 11.0 8.6 0.2 5.32453912377e-208 4.08084849896e-218 2.0 7.4562313691e-208 0.2 0.4 4.4 5.72717833994e-208 8.2 2.55130642152e-208 8.09843566952e-208 0.0 0.2 1.0 1.06558364071e-208 0.0 24.4 28.4 0.4 2.13099625781e-209 1.27859775525e-208 5.6 4.04737580646e-208 0.6 0.0 1.4 9.6 9.31240533992e-218 7.3869843645e-222 0.8 0.0 21.4 2.17359257008e-207 5.6 7.2 0.2 4.8 0.6 19.2 
8.0 21.3333333333 14.3333333333 7.33333333333 1.89170111482e-207 2.66666666667 16.0 22.3333333333 13.0 0.666666666667 1.66666666667 7.5686216189e-207 8.66666666667 2.0 8.70041682961e-206 2.0 14.0 0.333333333333 2.10026142171e-205 2.66666666667 28.6666666667 22.3333333333 7.0 118.666666667 1.0 39.0 9.33333333333 16.0 2.66666666667 0.333333333333 10.6666666667 11.6666666667 2.54243567461e-206 4.0 1.13258782561e-206 7.0 0.0 2.66666666667 51.3333333333 0.666666666667 0.0 2.1524671668e-205 13.6666666667 0.666666666667 9.46001780763e-208 23.0 11.6666666667 1.66666666667 11.0 0.0 7.66666666667 8.0 21.3333333333 3.27926449315e-220 2.26094425543e-205 0.0 49.0 5.66666666667 18.0 2.24193105975e-205 5.33333333333 30.3333333333 2.66666666667 20.3333333333 
5.0 150.0 1.2533502372e-201 9.0 1.02748414769e-203 5.64980569736e-203 11.0 18.0 8.0 129.0 8.16652148742e-202 1.0 2.61883713733e-202 3.0 4.72566215705e-202 5.0 24.0 3.0 1.14076441565e-201 1.64307864297e-202 17.0 22.0 11.0 21.0 1.92688101296e-201 1.2838488599e-202 355.0 9.44793314567e-202 55.0 364.0 35.0 14.0 1.3809329242e-202 10.0 6.1516908119e-203 1.95268870406e-202 0.0 1.18649357839e-201 3.0 2.56932724216e-203 0.0 3.0 3.0 1.0 5.13824211346e-204 4.0 1.0 9.75900203556e-203 18.0 0.0 31.0 28.0 2.2454001559e-212 25.0 1.2280398648e-201 0.0 16.0 5.24095002052e-202 5.0 1.21771278035e-201 4.0 3.0 1.63796949131e-201 121.0 
3.33333333333 1.19885681128e-204 13.6666666667 0.333333333333 2.17921790991e-206 1.19828201641e-205 2.33333333333 3.0 1.0 1.66666666667 8.33333333333 8.71896498663e-206 6.0 4.0 1.00227800419e-204 1.33333333333 6.0 7.33333333333 2.41947698283e-204 1.33333333333 22.0 8.0 6.33333333333 8.0 4.08677216396e-204 2.72294851011e-205 2.08692998247e-215 5.0 3.81308759793e-205 5.81993675412e-215 4.33333333333 3.33333333333 0.333333333333 5.66666666667 1.3047281385e-205 0.333333333333 0.0 7.66666666667 2.33333333333 5.44935311664e-206 0.0 5.0 1.66666666667 1.40541855538e-204 0.666666666667 6.538698978e-206 10.3333333333 2.06981217827e-205 1.66666666667 0.0 2.0 2.0 4.76232771634e-215 3.77767495026e-219 2.60458175774e-204 0.0 13.3333333333 1.11156675023e-204 1.66666666667 3.33333333333 2.33333333333 16.6666666667 4.33333333333 2.0 
4.10831635097e-202 5.6525158101e-202 1.2533502372e-201 1.07390934531e-201 1.02748414769e-203 5.0 1.0 18.0 5.0 1.02529830896e-202 8.16652148742e-202 4.11092358745e-203 3.0 19.0 4.72566215705e-202 1.18179276076e-202 4.0 3.08170107423e-203 2.0 1.64307864297e-202 46.0 3.33883026141e-202 15.0 5.0 1.92688101296e-201 1.2838488599e-202 9.83971113939e-213 9.44793314567e-202 1.79784088724e-202 2.74405451985e-212 2.0 9.0 1.3809329242e-202 1.0 6.1516908119e-203 1.95268870406e-202 0.0 1.18649357839e-201 6.15629333197e-203 2.56932724216e-203 0.0 11.0 1.0 6.62643822797e-202 5.13824211346e-204 3.08294526944e-203 1.0 140.0 4.16003710141e-202 0.0 6.0 2.05468043092e-203 2.2454001559e-212 1.78114410169e-216 1.2280398648e-201 0.0 23.0 5.24095002052e-202 1.64266294078e-202 1.21771278035e-201 1.02764842543e-203 1.03731992381e-201 18.0 1.0 
0.0769732483287 0.076966175487 0.0769727307737 0.0769737564786 1.74545980064e-206 9.59772347665e-206 0.0769737552881 1.23089787732 0.460811218585 1.7417465622e-205 0.115460636244 0.076973733823 0.0769737479374 0.731236585198 0.0384868773663 0.115457553811 0.115460631274 5.23510299867e-206 0.192432338021 2.79121359395e-205 1.3084234863 5.67190648687e-205 0.115453032743 0.962015622632 3.27332869932e-204 2.1809646213e-205 1.67154114079e-215 0.0384868677478 3.05411913524e-205 0.153947473736 0.0384868795035 0.269177295975 2.34588816965e-205 0.076966633423 1.04503111238e-205 3.31717004468e-205 0.0 2.01558033713e-204 0.0384868795008 4.36469742716e-206 0.0 0.384868767927 1.03856968636 0.0384868782393 0.11546063851 0.0384867731171 0.808124930619 1.657830516e-205 2.54144348845e-06 0.0 2.79125002544e-205 0.115458724854 0.0384803918049 3.02575512783e-219 2.08615794453e-204 0.0 4.07656530463 1.42190272735e-08 0.0380209411543 0.0384868782393 0.0384867731171 0.307582693072 0.0384868795035 0.344960001673 
10.0 13.75 30.5 26.125 0.25 1.375 61.125 72.5 11.5 2.5 19.875 1.0 6.375 39.0 11.5 2.875 31.25 0.75 27.75 4.0 37.0 8.125 8.75 30.125 46.875 3.125 5.64653665924e-226 23.0 4.375 1.57468082363e-225 17.75 38.125 3.375 10.5 1.5 4.75 0.0 28.875 1.5 0.625 0.0 28.5 58.875 16.125 0.125 0.75 31.625 2.375 10.125 0.0 4.0 0.5 1.2885270833e-225 1.02211287741e-229 29.875 0.0 60.875 12.75 4.0 29.625 0.25 25.25 39.875 14.375 
4.39786721054e-06 6.53078902519e-05 8.85495703644e-06 2.17735000716e-08 1.06201384211e-204 5.83967340938e-204 3.20259765121e-08 2.65741144201 1.66609160084 1.05975454595e-203 1.95164645051e-08 2.16878940294e-07 9.53287923386e-08 0.000121645089879 1.84049212255e-08 2.65648710933e-05 0.662884033524 3.18526490694e-204 1.77360024195e-05 1.69829604324e-203 0.664007097018 3.45103519313e-203 6.54994790947e-05 0.001346586461 1.99163589283e-202 1.32699396235e-203 1.01703850671e-213 1.01237796408e-07 1.85825923684e-203 3.81314875342e-07 5.35209500037e-15 3.64784997058 1.42734063958e-203 6.13642285089e-05 6.35842490543e-204 2.01831087876e-203 0.0 1.22636695335e-202 2.24176115676e-11 2.65567220887e-204 0.0 2.3344715137e-07 0.00496092560914 1.08867500358e-08 1.63938613668e-14 9.16180031209e-07 0.00085721131187 1.00869636483e-203 0.994304070365 0.0 1.69831820975e-203 1.64800562348e-05 5.58708764306e-05 1.84100133811e-217 1.26930944678e-202 0.0 4.00351753459 0.994325834361 0.666896547276 1.08867500358e-08 9.16180031209e-07 0.00268984055418 2.14352820214e-18 0.0122452627619 
2.10354701567e-202 20.0 1.01721337321e-198 7.81560673836e-199 1.03730150921e-198 4.15135731599e-208 1.64216572955e-198 2.0 2.0 4.70009143316e-199 1.88094989107e-199 8.0 6.01453200117e-198 3.0 114.0 1.90910150558e-199 13.0 2.62468749159e-199 2.0761377436e-207 6.95833210349e-198 8.0 2.51672251375e-198 3.0 1.0 1.39160601388e-198 0.0 0.0 19.0 92.0 8.12372637768e-202 2.0 13.0 3.32098953795e-200 4.77460906848e-198 153.0 3.36240378583e-206 7.89442236706e-198 71.0 1.35096548837e-199 1.16843103195e-200 9.6250451305e-198 1.900677467e-199 6.0 45.0 7.90613925275e-198 0.0 9.0 1.34888846418e-198 5.39657853048e-199 4.27976719925e-199 9.99752748042e-202 6.22598619224e-207 1.57646791847e-198 1.42491528135e-217 0.0 2.04718097853e-198 2.0 0.0 7.33476946961e-199 1.66054283435e-207 8.30271417174e-208 23.0 6.97905651855e-198 16.0 
0.0588235294118 2.79411764706 0.970588235294 0.617647058824 0.205882352941 5.81592213828e-221 2.23529411765 2.85294117647 1.79411764706 0.323529411765 0.0294117647059 1.41176470588 1.17647058824 0.911764705882 0.882352941176 0.882352941176 2.58823529412 0.382352941176 2.90860423375e-220 1.61764705882 2.05882352941 0.470588235294 0.382352941176 2.73529411765 0.411764705882 0.0 0.0 1.82352941176 0.147058823529 0.0882352941176 1.0 4.41176470588 0.0588235294118 0.882352941176 0.941176470588 4.71062284629e-219 1.41176470588 0.882352941176 0.235294117647 0.235294117647 4.64705882353 0.0882352941176 2.58823529412 1.82352941176 1.5 0.0 1.29411764706 0.235294117647 0.294117647059 0.794117647059 0.0588235294118 8.72241249593e-220 1.55882352941 1.99626187272e-230 0.0 1.23529411765 3.70588235294 0.0 0.5 2.32636872635e-220 1.16318436318e-220 1.08823529412 1.20588235294 0.470588235294 
2.10354701567e-202 43.0 1.01721337321e-198 7.81560673836e-199 1.03730150921e-198 4.15135731599e-208 1.64216572955e-198 4.0 12.0 4.70009143316e-199 1.88094989107e-199 82.0 6.01453200117e-198 4.0 5.12120333493e-199 65.0 16.0 2.0 2.0761377436e-207 1.0 3.86048254815e-198 7.0 1.0 3.54513796862e-198 1.39160601388e-198 0.0 0.0 1.0 2.38000729051e-199 8.12372637768e-202 6.0 10.0 3.32098953795e-200 6.0 1.0 2.0 7.89442236706e-198 2.88664095212e-198 1.35096548837e-199 4.0 9.6250451305e-198 4.0 7.0 2.61200634072e-198 10.0 0.0 2.54325025724e-198 1.34888846418e-198 3.0 4.27976719925e-199 9.99752748042e-202 6.22598619224e-207 1.0 1.42491528135e-217 0.0 2.04718097853e-198 11.0 0.0 4.0 1.66054283435e-207 8.30271417174e-208 1.0 6.97905651855e-198 2.4976452314e-199 
0.285714285714 13.8571428571 16.8571428571 11.8571428571 2.57142857143 0.142857142857 7.14285714286 8.57142857143 9.85714285714 22.1428571429 0.142857142857 2.57142857143 1.14285714286 4.57142857143 4.28571428571 13.7142857143 30.2857142857 16.4285714286 0.714285714286 5.85714285714 5.71428571429 15.8571428571 4.42857142857 24.1428571429 21.1428571429 0.0 0.0 4.57142857143 25.8571428571 3.9924364991e-211 22.7142857143 24.8571428571 0.571428571429 7.85714285714 8.42857142857 11.5714285714 0.285714285714 8.71428571429 5.57142857143 10.0 0.428571428571 1.71428571429 22.2857142857 26.2857142857 4.42857142857 0.0 5.85714285714 9.0 7.85714285714 2.10330801156e-208 1.28571428571 2.14285714286 13.1428571429 7.00280082427e-227 0.0 3.14285714286 10.4285714286 0.0 5.57142857143 0.571428571429 0.285714285714 6.71428571429 5.42857142857 8.71428571429 
2.10354701567e-202 3.0 23.0 10.0 1.03730150921e-198 4.15135731599e-208 21.0 6.0 47.0 93.0 1.88094989107e-199 10.0 6.01453200117e-198 7.0 5.12120333493e-199 35.0 50.0 349.0 2.0761377436e-207 5.0 13.0 72.0 75.0 142.0 205.0 0.0 0.0 2.0 43.0 8.12372637768e-202 31.0 50.0 3.32098953795e-200 102.0 2.14949667646e-198 61.0 7.89442236706e-198 32.0 12.0 38.0 9.6250451305e-198 7.0 50.0 2.61200634072e-198 104.0 0.0 26.0 36.0 9.0 4.27976719925e-199 9.99752748042e-202 34.0 12.0 1.42491528135e-217 0.0 2.04718097853e-198 35.0 0.0 27.0 1.66054283435e-207 8.30271417174e-208 11.0 16.0 40.0 
0.25 5.25 1.5 1.39972067505e-203 1.8577346805e-203 7.43479151295e-213 1.5 11.0 2.0 8.41753605808e-204 0.25 4.25 0.5 28.25 18.0 10.25 11.75 4.70063229957e-204 0.5 1.24618876501e-202 0.25 1.0 0.25 1.0 2.49226934562e-203 0.0 0.0 1.65603773427e-202 0.25 1.45490275418e-206 2.75 14.0 1.0 0.75 3.84959868082e-203 6.02183074766e-211 1.41383600463e-202 5.16977268353e-203 2.41948499797e-204 2.0 37.5 3.4039808248e-204 2.0 3.5 0.25 0.0 0.5 2.41576519245e-203 2.75 57.0 0.75 1.11503071835e-211 20.25 2.55192392128e-222 0.0 25.0 4.5 0.0 3.5 2.97391644033e-212 1.48695822016e-212 0.5 1.24990036325e-202 2.25 
2.10354701567e-202 1.0 1.01721337321e-198 7.81560673836e-199 1.03730150921e-198 318.0 2.0 9.0 36.0 4.70009143316e-199 1.88094989107e-199 15.0 6.01453200117e-198 1.0 177.0 5.0 13.0 16.0 2.0761377436e-207 6.95833210349e-198 26.0 5.0 75.0 19.0 1.39160601388e-198 0.0 0.0 9.24680181245e-198 2.38000729051e-199 8.12372637768e-202 14.0 17.0 3.32098953795e-200 1.0 102.0 3.0 7.89442236706e-198 2.88664095212e-198 1.35096548837e-199 1.16843103195e-200 9.6250451305e-198 1.900677467e-199 57.0 1.0 1.0 0.0 3.0 4.0 26.0 5.0 9.99752748042e-202 98.0 1.0 2.0 0.0 35.0 35.0 0.0 21.0 1.66054283435e-207 8.30271417174e-208 2.34495984398e-198 3.0 53.0 
2.10354701567e-202 23.0 34.0 41.0 1.03730150921e-198 5.0 20.0 44.0 8.0 7.0 1.88094989107e-199 25.0 6.01453200117e-198 22.0 60.0 37.0 36.0 37.0 2.0761377436e-207 7.0 37.0 23.0 8.0 29.0 32.0 0.0 0.0 12.0 157.0 8.12372637768e-202 15.0 24.0 3.32098953795e-200 4.0 2.14949667646e-198 3.0 7.89442236706e-198 27.0 12.0 9.0 9.0 4.0 22.0 28.0 7.90613925275e-198 0.0 10.0 31.0 8.0 1.0 13.0 1.0 1.0 1.42491528135e-217 0.0 102.0 21.0 0.0 6.0 1.66054283435e-207 8.30271417174e-208 31.0 14.0 20.0 
94.6875 -1.6875 -21.5 -7.25 93.4375 -2.92286143965e-216 -16.8125 -11.125 -156.1875 -8.0625 -5.375 -3.375 171.0 -16.125 0.8125 -5.0625 -13.5 -1.6875 -9.66217354863e-215 -3.375 -19.0 -1.6875 -5.0625 -3.8125 5.6875 -9.75 -115.0 -6.0 -11.0 -25.625 -10.125 -1.6875 -8.5625 0.75 -8.06847773144e-216 -14.125 -2.59986066329e-221 36.875 -45.6875 0.0 -4.08229965698e-216 -1.34537692938e-214 7.25 -4.08228665768e-216 -1.26820776274e-214 9.9375 -3.875 -5.0625 -33.0625 0.0 -14.875 -13.1875 -4.71206584476e-218 -25.625 -20.25 -8.16457331536e-216 -1.1875 -3.375 -254.4375 -19.1875 111.8125 27.5625 -3.375 108.5 
-1.6875 1.1875 -0.5 -0.25 -7.1875 1.85465487307e-217 -1.9375 1.375 5.1875 -0.1875 -0.125 0.375 -8.75 -0.375 -0.0625 0.5625 1.5 0.1875 -5.27326958113e-216 0.375 -0.5 0.1875 0.5625 -0.1875 -0.4375 -2.00346885933e-216 0.5 -7.88166152326e-216 -0.5 -0.125 1.125 0.1875 -0.6875 -1.98611836812e-216 -7.33497975585e-217 0.125 5.60754260709e-222 -2.375 -1.0625 0.0 1.98880912418e-216 4.40204381241e-215 -0.75 1.98880632041e-216 -2.5845377141e-216 -1.1875 -1.375 0.5625 3.3125 0.0 1.375 -0.8125 -9.23934479365e-220 2.125 2.25 3.97761264082e-216 -0.0625 0.375 7.6875 0.6875 -2.8125 -4.3125 0.375 -6.0 
-21.5 -0.5 13.0 4.0 -57.5 -3.55277737944e-217 8.5 -7.0 21.5 4.5 3.0 -1.0 -98.0 9.0 -0.5 -1.5 -4.0 -0.5 1.77378074499e-214 -1.0 -2.0 -0.5 -1.5 0.5 -3.5 4.0 44.0 -6.0 6.0 13.0 -3.0 -0.5 4.5 -2.0 -2.93399190234e-216 5.0 -4.07821280515e-222 -13.0 25.5 0.0 -8.37394174015e-217 3.16749603991e-215 -14.0 -8.37392134909e-217 7.21504603882e-215 12.5 3.0 -1.5 -7.5 0.0 3.0 5.5 -7.39147583492e-219 -3.0 -6.0 -1.67478426982e-216 -24.5 -1.0 55.5 3.5 11.5 -24.5 -1.0 -34.0 
-7.25 -0.25 4.0 2.5 1.33909215694e-215 -8.04474895912e-217 6.0 -2.25 6.25 1.5 1.0 -0.5 -7.75 3.0 -4.90786834475e-216 -0.75 -2.0 -0.25 1.52652127148e-215 -0.5 2.5 -0.25 -0.75 0.75 8.15391252918e-217 1.25 13.5 2.14080973696e-216 2.5 3.75 -1.5 -0.25 2.5 -0.25 -2.93399190234e-216 1.5 -2.03910640258e-222 4.49873733584e-216 8.5 0.0 -4.18697087008e-217 -7.86041684563e-216 -0.5 -4.18696067455e-217 8.14337322374e-216 2.5 3.25 -0.75 -4.0 0.0 -1.0 3.25 -3.69573791746e-219 -2.0 -3.0 -8.37392134909e-217 -2.0 -0.5 13.5 0.75 -3.75 3.5 -0.5 -1.5 
93.4375 -7.1875 -57.5 1.33909215694e-215 2480.6875 -1.92628111446e-215 323.4375 43.125 -208.4375 -21.5625 -14.375 -14.375 3335.0 -43.125 21.5625 -21.5625 -57.5 -7.1875 -6.87209081834e-214 -14.375 373.75 -7.1875 -21.5625 64.6875 150.9375 -28.75 -345.0 258.75 28.75 -129.375 -43.125 -7.1875 93.4375 57.5 -8.43522671923e-215 -43.125 -5.86243090741e-221 560.625 -122.1875 0.0 -1.20375412515e-215 -5.54089770359e-214 546.25 -1.20375119393e-215 -2.96819504691e-214 -251.5625 244.375 -21.5625 -136.5625 0.0 -244.375 136.5625 -1.03610042896e-217 -100.625 -86.25 -2.40750238786e-215 826.5625 -14.375 -840.9375 -64.6875 -927.1875 1459.0625 -14.375 1293.75 
-2.92286143965e-216 1.85465487307e-217 -3.55277737944e-217 -8.04474895912e-217 -1.92628111446e-215 1.0 -5.04362133612e-216 7.34984671991e-216 -1.71577044848e-215 -6.03356171934e-217 1.21031766175e-215 -4.02237447956e-217 -3.54908148402e-215 3.43229819156e-216 -2.01118723978e-217 -6.03356171934e-217 -8.35781369254e-217 -2.01118723978e-217 4.11629389959e-216 -4.02237447956e-217 -5.98660200933e-216 -2.01118723978e-217 6.50315881947e-217 1.99790735585e-216 -1.40783106785e-216 -8.04474895912e-217 -2.162972901e-216 -4.40895869085e-216 -1.60894979182e-216 -3.62013703161e-216 -1.20671234387e-216 5.72049698593e-217 -2.21230596376e-216 4.17890684627e-217 0.0 -4.33543921298e-217 0.0 -7.64251151117e-216 -3.41901830763e-216 0.0 0.0 2.86262184571e-216 -7.24027406321e-216 0.0 0.0 -7.03915533923e-216 -1.65590950184e-216 -6.03356171934e-217 -3.82125575558e-216 0.0 -4.03802771623e-216 -2.16534625375e-216 0.0 1.36324471058e-216 -2.41342468774e-216 0.0 -9.4369267903e-216 -4.02237447956e-217 -2.1597969649e-215 1.11516627659e-216 -1.58727259576e-215 -1.38458854811e-215 1.00450296677e-215 -1.89834262373e-215 
-16.8125 -1.9375 8.5 6.0 323.4375 -5.04362133612e-216 67.1875 -3.375 -2.1875 3.1875 2.125 -3.875 404.0 6.375 2.8125 -5.8125 -15.5 -1.9375 -1.27145553916e-214 -3.875 58.75 -1.9375 -5.8125 11.4375 19.6875 1.25 9.0 33.75 13.75 -1.875 -11.625 -1.9375 22.1875 6.5 -1.98044453408e-215 0.375 -1.580307462e-221 73.125 18.0625 0.0 -3.24490242431e-216 -1.30498174627e-214 69.25 -3.24489452277e-216 -7.96979001261e-215 -22.8125 44.875 -5.8125 -33.8125 0.0 -35.875 30.8125 -2.17862838832e-218 -21.125 -23.25 -6.48978904554e-216 99.8125 -3.875 -55.6875 -5.4375 -135.9375 204.3125 -3.875 162.75 
-11.125 1.375 -7.0 -2.25 43.125 7.34984671991e-216 -3.375 15.25 37.625 -2.625 -1.75 2.75 66.25 -5.25 0.375 4.125 11.0 1.375 1.61330813898e-214 2.75 11.75 1.375 4.125 1.125 2.625 -1.25 -10.5 11.25 -3.25 -6.75 8.25 1.375 -2.125 2.5 3.37409068769e-215 -0.75 -7.13687240902e-222 3.0 -14.875 0.0 1.10954422191e-215 3.21682117325e-214 17.0 1.10954457875e-215 1.0205770288e-214 -21.625 -1.75 4.125 23.875 0.0 1.75 -1.375 2.28959166608e-218 14.75 16.5 2.21908915751e-215 35.375 2.75 32.625 3.375 -65.625 24.625 2.75 2.25 
-156.1875 5.1875 21.5 6.25 -208.4375 -1.71577044848e-215 -2.1875 37.625 297.6875 8.0625 5.375 10.375 -329.5 16.125 -1.8125 15.5625 41.5 5.1875 -2.23630524508e-214 10.375 24.0 5.1875 15.5625 3.3125 -12.6875 13.25 164.0 12.0 8.0 32.125 31.125 5.1875 2.5625 -0.25 -7.11493036318e-215 21.125 -4.94483302625e-221 -80.875 45.6875 0.0 -1.01534043599e-215 -3.38795204249e-214 -14.25 -1.01533796358e-215 -2.22562125138e-214 -35.9375 -12.625 15.5625 96.0625 0.0 38.875 7.6875 2.33228746446e-217 67.625 62.25 -2.03067592715e-215 12.1875 10.375 464.4375 36.6875 -213.3125 -85.5625 10.375 -227.5 
-8.0625 -0.1875 4.5 1.5 -21.5625 -6.03356171934e-217 3.1875 -2.625 8.0625 2.6875 1.125 -0.375 -36.75 3.375 -0.1875 -0.5625 -1.5 -0.1875 -1.81393140111e-215 -0.375 -0.75 -0.1875 -0.5625 0.1875 -1.3125 1.5 16.5 -2.25 2.25 4.875 -1.125 -0.1875 1.6875 -0.75 -2.20049392676e-216 1.875 -1.52932980193e-222 -4.875 9.5625 0.0 -3.14022815256e-217 -1.47083341673e-215 -5.25 -3.14022050591e-217 -7.7536131423e-216 4.6875 1.125 -0.5625 -2.8125 0.0 1.125 2.0625 -2.77180343809e-219 -1.125 -2.25 -6.28044101182e-217 -9.1875 -0.375 20.8125 1.3125 4.3125 -9.1875 -0.375 -12.75 
-5.375 -0.125 3.0 1.0 -14.375 1.21031766175e-215 2.125 -1.75 5.375 1.125 1.75 -0.25 -24.5 2.25 -0.125 -0.375 -1.0 -0.125 8.79771406599e-214 -0.25 -0.5 -0.125 -0.375 0.125 -0.875 1.0 11.0 -1.5 1.5 3.25 -0.75 -0.125 1.125 -0.5 -1.46699595117e-216 1.25 -1.01955320129e-222 -3.25 6.375 0.0 -2.09348543504e-217 3.07028109289e-214 -3.5 -2.09348033727e-217 -5.1690754282e-216 3.125 0.75 -0.375 -1.875 0.0 0.75 1.375 5.08179153691e-218 -0.75 -1.5 -4.18696067455e-217 -6.125 -0.25 13.875 0.875 2.875 -6.125 -0.25 -8.5 
-3.375 0.375 -1.0 -0.5 -14.375 -4.02237447956e-217 -3.875 2.75 10.375 -0.375 -0.25 1.75 -17.5 -0.75 -0.125 1.125 3.0 0.375 -1.20928760074e-215 0.75 -1.0 0.375 1.125 -0.375 -0.875 -2.38669033347e-217 1.0 -6.9024014889e-217 -1.0 -0.25 2.25 0.375 -1.375 -2.03968050928e-217 -1.46699595117e-216 0.25 3.05865960387e-222 -4.75 -2.125 0.0 2.09349563057e-217 -1.7554656007e-217 -1.5 2.09348033727e-217 -5.1690754282e-216 -2.375 -2.75 1.125 6.625 0.0 2.75 -1.625 -1.84786895873e-219 4.25 4.5 4.18696067455e-217 -0.125 0.75 15.375 1.375 -5.625 -8.625 0.75 -12.0 
171.0 -8.75 -98.0 -7.75 3335.0 -3.54908148402e-215 404.0 66.25 -329.5 -36.75 -24.5 -17.5 4527.5 -73.5 29.0 -26.25 -70.0 -8.75 -1.00487847302e-213 -17.5 486.75 -8.75 -26.25 82.75 203.0 -45.5 -539.0 345.75 25.75 -193.75 -52.5 -8.75 112.75 78.25 -1.46699595117e-214 -66.5 -1.01955320129e-220 756.25 -208.25 0.0 -2.09348543504e-215 -9.06449770411e-214 735.0 -2.09348033727e-215 -4.98226173736e-214 -346.75 312.25 -26.25 -169.75 0.0 -325.0 166.5 -1.64773897828e-217 -129.5 -105.0 -4.18696067455e-215 1116.0 -17.5 -1223.25 -92.75 -1209.25 1942.75 -17.5 1755.25 
-16.125 -0.375 9.0 3.0 -43.125 3.43229819156e-216 6.375 -5.25 16.125 3.375 2.25 -0.75 -73.5 7.75 -0.375 -1.125 -3.0 -0.375 1.26838660629e-215 -0.75 -1.5 -0.375 -1.125 0.375 -2.625 3.0 33.0 -4.5 4.5 9.75 -2.25 -0.375 3.375 -1.5 -4.40098785351e-216 3.75 -3.05865960387e-222 -9.75 19.125 0.0 3.55891504403e-216 8.98778988741e-215 -10.5 3.55891657336e-216 3.17674240052e-216 9.375 2.25 -1.125 -5.625 0.0 2.25 4.125 1.39518663396e-218 -2.25 -4.5 7.11783314673e-216 -18.375 -0.75 41.625 2.625 8.625 -18.375 -0.75 -25.5 
0.8125 -0.0625 -0.5 -4.90786834475e-216 21.5625 -2.01118723978e-217 2.8125 0.375 -1.8125 -0.1875 -0.125 -0.125 29.0 -0.375 1.1875 -0.1875 -0.5 -0.0625 -6.0464380037e-216 -0.125 3.25 -0.0625 -0.1875 0.5625 1.3125 -0.25 -3.0 2.25 0.25 -1.125 -0.375 -0.0625 0.8125 0.5 6.08803319736e-215 -0.375 -5.09776600644e-223 4.875 -1.0625 0.0 4.9196785377e-216 1.10657336562e-214 4.75 4.91967879259e-216 6.21743799292e-216 -2.1875 2.125 -0.1875 -1.1875 0.0 -2.125 1.1875 -9.23934479365e-220 -0.875 -0.75 9.83935758518e-216 7.1875 -0.125 -7.3125 -0.5625 -8.0625 12.6875 -0.125 11.25 
-5.0625 0.5625 -1.5 -0.75 -21.5625 -6.03356171934e-217 -5.8125 4.125 15.5625 -0.5625 -0.375 1.125 -26.25 -1.125 -0.1875 2.6875 4.5 0.5625 -1.81393140111e-215 1.125 -1.5 0.5625 1.6875 -0.5625 -1.3125 2.70043609821e-217 1.5 1.47683453335e-216 -1.5 -0.375 3.375 0.5625 -2.0625 3.2209508345e-217 -2.20049392676e-216 0.375 -1.52932980193e-222 -7.125 -3.1875 0.0 -3.14022815256e-217 -1.47083341673e-215 -2.25 -3.14022050591e-217 -7.7536131423e-216 -3.5625 -4.125 1.6875 9.9375 0.0 4.125 -2.4375 -2.77180343809e-219 6.375 6.75 -6.28044101182e-217 -0.1875 1.125 23.0625 2.0625 -8.4375 -12.9375 1.125 -18.0 
-13.5 1.5 -4.0 -2.0 -57.5 -8.35781369254e-217 -15.5 11.0 41.5 -1.5 -1.0 3.0 -70.0 -3.0 -0.5 4.5 13.0 1.5 6.52633851931e-215 3.0 -4.0 1.5 4.5 -1.5 -3.5 1.05007452918e-216 4.0 5.79927233135e-217 -4.0 -1.0 9.0 1.5 -5.5 4.60609336603e-217 -5.86798380468e-216 1.0 -4.07821280515e-222 -19.0 -8.5 0.0 -2.03910640258e-222 1.784179812e-215 -6.0 -8.051435962e-233 -1.13779796876e-215 -9.5 -11.0 4.5 26.5 0.0 11.0 -6.5 9.46157514999e-219 17.0 18.0 -1.6102871924e-232 -0.5 3.0 61.5 5.5 -22.5 -34.5 3.0 -48.0 
-1.6875 0.1875 -0.5 -0.25 -7.1875 -2.01118723978e-217 -1.9375 1.375 5.1875 -0.1875 -0.125 0.375 -8.75 -0.375 -0.0625 0.5625 1.5 1.1875 -4.74841472443e-216 0.375 -0.5 0.1875 0.5625 -0.1875 -0.4375 8.36946424877e-218 0.5 8.0827288375e-217 -0.5 -0.125 1.125 0.1875 -0.6875 3.6648068671e-217 -7.33497975585e-217 0.125 -5.09776600644e-223 -2.375 -1.0625 0.0 -1.04674271752e-217 -3.88527510255e-216 -0.75 -1.04674016864e-217 6.65622432597e-216 -1.1875 -1.375 0.5625 3.3125 0.0 1.375 -0.8125 1.80357478787e-218 2.125 2.25 -2.09348033727e-217 -0.0625 0.375 7.6875 0.6875 -2.8125 -4.3125 0.375 -6.0 
-9.66217354863e-215 -5.27326958113e-216 1.77378074499e-214 1.52652127148e-215 -6.87209081834e-214 4.11629389959e-216 -1.27145553916e-214 1.61330813898e-214 -2.23630524508e-214 -1.81393140111e-215 8.79771406599e-214 -1.20928760074e-215 -1.00487847302e-213 1.26838660629e-215 -6.0464380037e-216 -1.81393140111e-215 6.52633851931e-215 -4.74841472443e-216 1.0 2.97202346862e-216 1.00897515444e-214 2.53483627321e-214 8.42780469809e-215 2.83418248102e-215 -5.39430912544e-216 4.96757617861e-215 -1.73834863423e-214 6.14657476976e-215 4.39553882215e-215 -1.08821477196e-214 5.88339448417e-215 1.57884583704e-215 -6.65108180407e-215 2.22712869519e-216 0.0 2.2532381391e-216 0.0 -4.21502582784e-215 -1.02781019537e-214 0.0 0.0 2.78373232888e-214 -1.38570036491e-214 0.0 2.881570876e-215 -1.9376020272e-214 7.97004824062e-215 2.96858155836e-215 -3.96365348655e-216 0.0 -1.59879631361e-214 -6.67024682237e-215 6.31989411934e-219 9.65041503202e-215 -3.56264991439e-215 0.0 -1.52162173794e-214 -1.20928760074e-215 -4.07546238751e-214 2.82900313279e-214 -4.81942752829e-214 -3.41479729018e-214 9.51908572092e-215 -5.6198588512e-214 
-3.375 0.375 -1.0 -0.5 -14.375 -4.02237447956e-217 -3.875 2.75 10.375 -0.375 -0.25 0.75 -17.5 -0.75 -0.125 1.125 3.0 0.375 2.97202346862e-216 1.75 -1.0 0.375 1.125 -0.375 -0.875 3.77095950789e-216 1.0 1.22531324461e-216 -1.0 -0.25 2.25 0.375 -1.375 9.96390447143e-217 4.25428825839e-215 0.25 1.12150852142e-221 -4.75 -2.125 0.0 -2.09342426185e-217 -3.80654730972e-216 -1.5 -2.09348033727e-217 1.03965695237e-214 -2.375 -2.75 1.125 6.625 0.0 2.75 -1.625 -1.84786895873e-219 4.25 4.5 -4.18696067455e-217 -0.125 0.75 15.375 1.375 -5.625 -8.625 0.75 -12.0 
-19.0 -0.5 -2.0 2.5 373.75 -5.98660200933e-216 58.75 11.75 24.0 -0.75 -0.5 -1.0 486.75 -1.5 3.25 -1.5 -4.0 -0.5 1.00897515444e-214 -1.0 69.5 -0.5 -1.5 12.0 22.75 -1.25 -15.5 45.0 8.5 -12.25 -3.0 -0.5 18.25 9.25 -2.05379433164e-215 -2.0 -2.03910640258e-221 78.5 -4.25 0.0 -1.01955320127e-221 1.38584834709e-215 87.5 0.0 3.45042249864e-217 -45.75 41.25 -1.5 -9.25 0.0 -34.5 27.0 -1.74436399298e-218 -6.5 -6.0 0.0 137.25 -1.0 -44.25 -3.5 -195.0 229.75 -1.0 172.5 
-1.6875 0.1875 -0.5 -0.25 -7.1875 -2.01118723978e-217 -1.9375 1.375 5.1875 -0.1875 -0.125 0.375 -8.75 -0.375 -0.0625 0.5625 1.5 0.1875 2.53483627321e-214 0.375 -0.5 1.1875 0.5625 -0.1875 -0.4375 2.19535817128e-215 0.5 2.65818757941e-216 -0.5 -0.125 1.125 0.1875 -0.6875 5.04418734064e-216 -7.33497975585e-217 0.125 -5.09776600644e-223 -2.375 -1.0625 0.0 -1.04674271752e-217 6.61247498669e-215 -0.75 -1.04674016864e-217 2.75086568228e-214 -1.1875 -1.375 0.5625 3.3125 0.0 1.375 -0.8125 6.44927532653e-219 2.125 2.25 -2.09348033727e-217 -0.0625 0.375 7.6875 0.6875 -2.8125 -4.3125 0.375 -6.0 
-5.0625 0.5625 -1.5 -0.75 -21.5625 6.50315881947e-217 -5.8125 4.125 15.5625 -0.5625 -0.375 1.125 -26.25 -1.125 -0.1875 1.6875 4.5 0.5625 8.42780469809e-215 1.125 -1.5 0.5625 2.6875 -0.5625 -1.3125 1.60373027693e-215 1.5 3.45321243547e-216 -1.5 -0.375 3.375 0.5625 -2.0625 4.22954517535e-216 -2.20049392676e-216 0.375 -1.52932980193e-222 -7.125 -3.1875 0.0 -3.14022815256e-217 2.25760748592e-215 -2.25 -3.14022050591e-217 -7.74686303164e-216 -3.5625 -4.125 1.6875 9.9375 0.0 4.125 -2.4375 2.77743514721e-218 6.375 6.75 -6.28044101182e-217 -0.1875 1.125 23.0625 2.0625 -8.4375 -12.9375 1.125 -18.0 
-3.8125 -0.1875 0.5 0.75 64.6875 1.99790735585e-216 11.4375 1.125 3.3125 0.1875 0.125 -0.375 82.75 0.375 0.5625 -0.5625 -1.5 -0.1875 2.83418248102e-215 -0.375 12.0 -0.1875 -0.5625 3.1875 3.9375 -4.79776901075e-216 -0.5 7.5 2.0 -1.375 -1.125 -0.1875 3.6875 1.5 1.24694655849e-215 -0.125 -7.64664900966e-222 13.875 1.0625 0.0 6.80380727281e-216 1.68155119066e-214 14.75 6.80381109614e-216 1.54811605146e-216 -6.8125 7.875 -0.5625 -3.3125 0.0 -6.375 5.3125 -4.37917601146e-219 -2.125 -2.25 1.36076221923e-215 22.5625 -0.375 -7.6875 -0.6875 -32.1875 40.3125 -0.375 30.5 
5.6875 -0.4375 -3.5 8.15391252918e-217 150.9375 -1.40783106785e-216 19.6875 2.625 -12.6875 -1.3125 -0.875 -0.875 203.0 -2.625 1.3125 -1.3125 -3.5 -0.4375 -5.39430912544e-216 -0.875 22.75 -0.4375 -1.3125 3.9375 10.1875 -1.75 -21.0 15.75 1.75 -7.875 -2.625 -0.4375 5.6875 3.5 -5.1344858291e-216 -2.625 -3.56843620451e-222 34.125 -7.4375 0.0 -7.32719902263e-217 -2.25687510129e-215 33.25 -7.32718118045e-217 -1.80917639987e-215 -15.3125 14.875 -1.3125 -8.3125 0.0 -14.875 8.3125 -6.46754135555e-219 -6.125 -5.25 -1.46543623609e-216 50.3125 -0.875 -51.1875 -3.9375 -56.4375 88.8125 -0.875 78.75 
-9.75 -2.00346885933e-216 4.0 1.25 -28.75 -8.04474895912e-217 1.25 -1.25 13.25 1.5 1.0 -2.38669033347e-217 -45.5 3.0 -0.25 2.70043609821e-217 1.05007452918e-216 8.36946424877e-218 4.96757617861e-215 3.77095950789e-216 -1.25 2.19535817128e-215 1.60373027693e-215 -4.79776901075e-216 -1.75 2.5 17.0 -2.25 1.75 4.75 1.70044800834e-215 1.49191506764e-216 1.0 -0.75 -2.93399190234e-216 2.0 -2.03910640258e-222 -7.25 8.5 0.0 -4.18697087008e-217 3.89027853178e-216 -6.0 -4.18696067455e-217 -1.03377226441e-215 3.5 -0.25 2.70082352843e-217 0.5 0.0 2.5 1.25 -3.69573791746e-219 1.0 1.08017443928e-216 -8.37392134909e-217 -9.25 1.80029073214e-217 28.5 2.0 1.5 -13.5 1.45736061416e-215 -18.75 
-115.0 0.5 44.0 13.5 -345.0 -2.162972901e-216 9.0 -10.5 164.0 16.5 11.0 1.0 -539.0 33.0 -3.0 1.5 4.0 0.5 -1.73834863423e-214 1.0 -15.5 0.5 1.5 -0.5 -21.0 17.0 195.0 -25.5 18.5 53.5 3.0 0.5 9.5 -8.5 -3.52079028281e-215 23.0 -2.44692768309e-221 -88.5 93.5 0.0 -5.02436504409e-216 -1.95038107489e-214 -70.0 -5.02435280945e-216 3.0181655935e-214 36.5 -6.5 1.5 14.5 0.0 32.0 12.0 -4.43488550095e-218 17.0 6.0 -1.00487056189e-215 -105.0 1.0 343.5 24.5 9.5 -164.5 1.0 -228.5 
-6.0 -7.88166152326e-216 -6.0 2.14080973696e-216 258.75 -4.40895869085e-216 33.75 11.25 12.0 -2.25 -1.5 -6.9024014889e-217 345.75 -4.5 2.25 1.47683453335e-216 5.79927233135e-217 8.0827288375e-217 6.14657476976e-215 1.22531324461e-216 45.0 2.65818757941e-216 3.45321243547e-216 7.5 15.75 -2.25 -25.5 32.5 3.0 -12.75 3.3085436133e-216 5.79487391274e-217 9.75 6.75 -1.7603951414e-215 -3.0 -1.22346384155e-221 54.0 -12.75 0.0 -1.67479038714e-216 -2.85228114931e-215 61.5 -1.67478426982e-216 -6.20289051384e-215 -35.25 24.75 1.47682229871e-216 -0.75 0.0 -22.5 15.0 3.68112509424e-218 -1.5 5.9073381334e-216 -3.34956853964e-216 98.25 9.84556355566e-217 -42.75 -3.0 -133.5 155.25 -7.48420020278e-216 120.0 
-11.0 -0.5 6.0 2.5 28.75 -1.60894979182e-216 13.75 -3.25 8.0 2.25 1.5 -1.0 25.75 4.5 0.25 -1.5 -4.0 -0.5 4.39553882215e-215 -1.0 8.5 -0.5 -1.5 2.0 1.75 1.75 18.5 3.0 5.5 4.75 -3.0 -0.5 5.25 0.25 -5.86798380468e-216 2.0 -4.07821280515e-222 6.5 12.75 0.0 -8.37394174015e-217 -9.84548600256e-216 5.5 -8.37392134909e-217 -2.06763017128e-215 1.25 8.25 -1.5 -8.25 0.0 -4.5 7.0 -7.39147583492e-219 -4.5 -6.0 -1.67478426982e-216 6.25 -1.0 12.75 0.5 -17.0 22.75 -1.0 12.5 
-25.625 -0.125 13.0 3.75 -129.375 -3.62013703161e-216 -1.875 -6.75 32.125 4.875 3.25 -0.25 -193.75 9.75 -1.125 -0.375 -1.0 -0.125 -1.08821477196e-214 -0.25 -12.25 -0.125 -0.375 -1.375 -7.875 4.75 53.5 -12.75 4.75 17.25 -0.75 -0.125 1.375 -3.5 -1.46699595117e-216 6.25 -9.1759788116e-222 -30.0 27.625 0.0 -1.88413689153e-216 -8.82368955096e-215 -29.0 -1.88413230355e-216 -4.48450049994e-215 17.875 -4.75 -0.375 -0.625 0.0 10.75 1.125 -1.66308206286e-218 1.75 -1.5 -3.76826460709e-216 -46.125 -0.25 85.125 5.875 32.875 -66.875 -0.25 -73.75 
-10.125 1.125 -3.0 -1.5 -43.125 -1.20671234387e-216 -11.625 8.25 31.125 -1.125 -0.75 2.25 -52.5 -2.25 -0.375 3.375 9.0 1.125 5.88339448417e-215 2.25 -3.0 1.125 3.375 -1.125 -2.625 1.70044800834e-215 3.0 3.3085436133e-216 -3.0 -0.75 7.75 1.125 -4.125 4.3840937992e-216 -4.40098785351e-216 0.75 -3.05865960387e-222 -14.25 -6.375 0.0 -2.09349563057e-217 1.22874004892e-215 -4.5 -2.09348033727e-217 3.19985819069e-216 -7.125 -8.25 3.375 19.875 0.0 8.25 -4.875 2.60558637205e-218 12.75 13.5 -4.18696067455e-217 -0.375 2.25 46.125 4.125 -16.875 -25.875 2.25 -36.0 
-1.6875 0.1875 -0.5 -0.25 -7.1875 5.72049698593e-217 -1.9375 1.375 5.1875 -0.1875 -0.125 0.375 -8.75 -0.375 -0.0625 0.5625 1.5 0.1875 1.57884583704e-215 0.375 -0.5 0.1875 0.5625 -0.1875 -0.4375 1.49191506764e-216 0.5 5.79487391274e-217 -0.5 -0.125 1.125 1.1875 -0.6875 6.25126907391e-217 -7.33497975585e-217 0.125 -5.09776600644e-223 -2.375 -1.0625 0.0 -1.04674271752e-217 5.67450819313e-216 -0.75 -1.04674016864e-217 7.55736800427e-216 -1.1875 -1.375 0.5625 3.3125 0.0 1.375 -0.8125 1.69824321921e-218 2.125 2.25 -2.09348033727e-217 -0.0625 0.375 7.6875 0.6875 -2.8125 -4.3125 0.375 -6.0 
-8.5625 -0.6875 4.5 2.5 93.4375 -2.21230596376e-216 22.1875 -2.125 2.5625 1.6875 1.125 -1.375 112.75 3.375 0.8125 -2.0625 -5.5 -0.6875 -6.65108180407e-215 -1.375 18.25 -0.6875 -2.0625 3.6875 5.6875 1.0 9.5 9.75 5.25 1.375 -4.125 -0.6875 8.6875 1.75 -8.06847773144e-216 0.875 -5.60754260709e-222 21.125 9.5625 0.0 -1.15141698927e-216 -5.39305586134e-215 19.75 -1.1514141855e-216 -2.84275810978e-215 -5.3125 14.625 -2.0625 -11.8125 0.0 -10.875 10.5625 -1.0163279273e-218 -7.125 -8.25 -2.302828371e-216 27.8125 -1.375 -9.1875 -1.1875 -41.1875 60.8125 -1.375 46.25 
0.75 -1.98611836812e-216 -2.0 -0.25 57.5 4.17890684627e-217 6.5 2.5 -0.25 -0.75 -0.5 -2.03968050928e-217 78.25 -1.5 0.5 3.2209508345e-217 4.60609336603e-217 3.6648068671e-217 2.22712869519e-216 9.96390447143e-217 9.25 5.04418734064e-216 4.22954517535e-216 1.5 3.5 -0.75 -8.5 6.75 0.25 -3.5 4.3840937992e-216 6.25126907391e-217 1.75 2.5 -2.93399190234e-216 -1.0 -2.03910640258e-222 12.25 -4.25 0.0 -4.18697087008e-217 -4.41149388055e-216 13.5 -4.18696067455e-217 -9.93854649091e-216 -7.75 5.0 3.22093044343e-217 -0.25 0.0 -5.0 2.75 4.05435209179e-218 -0.5 1.2883803338e-216 -8.37392134909e-217 21.5 2.14730055633e-217 -14.25 -1.0 -27.0 33.75 1.44182025997e-216 27.75 
-8.06847773144e-216 -7.33497975585e-217 -2.93399190234e-216 -2.93399190234e-216 -8.43522671923e-215 0.0 -1.98044453408e-215 3.37409068769e-215 -7.11493036318e-215 -2.20049392676e-216 -1.46699595117e-216 -1.46699595117e-216 -1.46699595117e-214 -4.40098785351e-216 6.08803319736e-215 -2.20049392676e-216 -5.86798380468e-216 -7.33497975585e-217 0.0 4.25428825839e-215 -2.05379433164e-215 -7.33497975585e-217 -2.20049392676e-216 1.24694655849e-215 -5.1344858291e-216 -2.93399190234e-216 -3.52079028281e-215 -1.7603951414e-215 -5.86798380468e-216 -1.46699595117e-216 -4.40098785351e-216 -7.33497975585e-217 -8.06847773144e-216 -2.93399190234e-216 1.0 -4.40098785351e-216 0.0 -2.78729230722e-215 -1.24694655849e-215 0.0 0.0 0.0 -5.86798380468e-216 0.0 2.93399190234e-216 9.53547368261e-216 7.33497975585e-216 3.66748987793e-216 -1.39364615361e-215 0.0 -2.49389311699e-215 -1.24694655849e-215 0.0 -1.02689716582e-215 7.33497975585e-215 0.0 -6.60148178027e-216 1.46699595117e-216 -8.58192631435e-215 6.67483157782e-215 -9.46212388505e-215 -5.94133360224e-215 -1.46699595117e-216 -6.16138299491e-215 
