24 4 3
0.325564181991 0.20566859816 0.342748672411 0.126018547438 
0.260055309042 0.192084990826 0.259392742938 0.288466957195 
0.239483456818 0.306990899779 0.228973162346 0.224552481056 
121.109023984 585.280768228 1391.37854326 1196.52633873 413.248929975 230.262052356 103.407116939 54.7872265361 54.3792238876 334.719981059 1135.10041246 1493.36659717 723.316732627 234.445351957 83.1883615773 37.4833392642 186.452653307 457.102200637 1025.85838659 1189.8434155 793.91032087 274.881005912 115.767741816 52.1842753704 
0.974094535582 4.53281694621 119.168665527 819.705329881 1863.07376343 1168.94799133 98.6121434467 20.9851949033 0.752151945897 1.59368105839 4.10403975166 53.7261242756 1692.19631873 2286.50393687 55.0796658909 2.04408148055 0.407790222472 1.7659451503 3.50796352954 21.0590340608 237.383658604 3171.56133043 652.271792808 8.04248519598 
1290.74491822 1622.21879053 801.179414551 254.05331424 78.5411731753 35.312292011 9.77097767417 4.17911959704 1236.99505668 1687.80483253 785.644776843 263.274949811 82.1568928255 30.4446844518 7.39453785874 2.28426900131 2164.75886698 1335.38144211 416.869157705 111.813486127 42.8958452149 15.9720892812 6.22521691579 2.08389566552 
28.1804334424 16.8747646205 46.690125174 94.2522449943 290.640422394 889.571872965 1129.45596673 1600.33416968 27.5195857437 14.2284948727 35.5565849119 62.3878975826 87.1841733464 364.438767872 2148.22401257 1356.4604831 29.7158914517 22.4526161276 34.4619247862 64.6813070404 77.3403205605 428.775572775 1209.23048779 2229.34187947 
13.637104867 47.052289669 220.539094011 919.290362788 1497.6582149 1009.69129576 305.289178587 82.842459411 15.7485423473 47.4694567202 118.931934045 545.415838632 2146.67796511 942.866457424 219.49817762 59.3916280986 28.4612038634 92.3193927187 328.062160713 1179.61225166 1084.05236657 1102.43396628 234.528810269 46.5298479288 
17.2454545842 47.8486470125 62.2432813633 192.801404868 583.199888142 779.749741657 1296.95969046 1115.95189191 18.0182187288 42.2649650423 56.2991971978 88.5460164529 148.391094129 567.495400141 1757.67532888 1417.30977942 21.6707405437 55.6319765215 78.68944886 139.110980855 285.93619183 490.350685981 565.907031773 2458.70294363 
44.188433122 254.646180128 1269.46499869 1437.58766765 850.517113505 164.702487399 40.489230085 34.4038894285 45.0817564242 228.464220664 914.567011377 2070.41449612 623.54421819 144.00992343 37.3094631485 32.608910646 112.363502355 617.561993755 1445.36422526 1018.9302908 432.337929505 410.867182508 29.4663021278 29.1085736863 
931.092773714 1360.20101052 800.690584239 414.938088998 232.718023224 139.598482023 92.2673626607 124.493674617 852.552241271 1479.95481912 837.033029977 387.834417374 208.930780165 133.003140021 90.0694183354 106.622153739 1180.98797972 1507.36950621 668.750872742 288.459991616 165.961011028 110.818724002 76.8310060946 96.8209085834 
76.0646643002 125.907683938 332.319801398 1544.0761328 1242.38667043 586.446768588 151.495075362 37.3032031837 84.3447217722 134.687603764 618.649793871 2051.80864893 1015.93044479 131.607866553 28.1733316729 30.7975886458 218.526136041 717.867218226 1651.93168415 1267.46042689 135.64413858 58.8832702046 14.8594067719 30.8277191324 
49.0411370753 54.2892365402 77.9262066784 180.024650644 703.051475332 1388.37875004 1267.39214252 375.896401169 44.070351165 77.1473662906 117.460912037 248.376880728 1259.21853419 1539.32603604 553.476995959 256.922923581 103.167307539 387.809097047 614.997730953 1155.65142097 1060.63874389 395.682414063 258.120305529 119.932980009 
1732.69807779 880.28922522 412.691473576 352.73978463 330.043487926 247.729301608 103.221002549 36.5876466975 1590.6787005 1224.65750804 519.27046786 350.8897532 200.038095092 126.560391564 59.1916879724 24.7133957734 1933.96407948 1084.50495385 490.236737824 298.932003336 158.565012588 69.9213961778 36.5592581884 23.3165585632 
113.74521216 1029.27911632 1769.87462135 786.305999736 225.712639603 88.0887868689 76.3315108459 6.66211312276 101.183490413 1044.06152979 2317.87290863 508.96295391 71.63454403 36.0863840438 8.22719499403 7.97099418876 837.056546306 2468.95057958 641.641148345 96.0831452902 23.6399802741 16.4853536866 4.54110987576 7.60213664342 
119093.693914 95718.9145946 -88589.4071837 -95922.7552502 -22181.2850649 -6237.42567189 -673.823506026 -1207.91183237 27909.6310155 37076.3776335 69902.2912763 -89655.9617116 -37570.360872 -5831.93483889 -1454.67768266 -375.364820216 22311.7891592 16226.5216871 -39338.0393732 22528.1479391 -40572.0575068 11088.4316449 6627.09920527 1128.10724444 
95718.9145946 619597.12185 -135959.449715 -365668.583869 -111414.895622 -58049.7778546 -27679.1873624 -16544.1420216 14921.6651812 166908.511347 363887.542111 -277760.296412 -193952.779483 -51398.4544852 -16685.7673257 -5920.42093276 32186.0610904 45492.7350022 60383.8544432 113727.012499 -176758.556564 -52254.6840237 -13860.1102882 -8916.31215896 
-88589.4071837 -135959.449715 1164782.68096 -334544.961635 -283769.500984 -187184.331622 -89002.6696197 -45732.360198 -27112.0514367 -62104.4691763 232423.546429 397293.56573 -298219.134969 -161192.007909 -59963.1155791 -21126.3330892 -33250.0606047 -58251.834428 124393.68053 76259.1010669 28908.7681727 -50002.8525381 -59289.4753679 -28767.3268305 
-95922.7552502 -365668.583869 -334544.961635 1000222.3174 -2730.01956585 -103823.800972 -61096.8888258 -36435.3072791 -27262.3873644 -119061.703213 -303265.644925 308197.243119 282417.50578 -82632.6605764 -41117.207751 -17275.1450689 -37884.138321 -37401.4777899 -53449.8756693 -84226.8694756 259905.410085 -4951.15417634 -22170.5795822 -19821.3150702 
-22181.2850649 -111414.895622 -283769.500984 -2730.01956585 296440.455478 103510.725246 18335.6547156 1808.86579737 999.503234418 -21963.9385507 -165539.870399 -108718.449594 177229.419949 95422.185767 20887.4553112 1683.69428263 11844.5642969 11052.6642387 -42040.2363223 -35254.5434113 -26960.2247806 36680.3902397 36048.7619002 8628.62383872 
-6237.42567189 -58049.7778546 -187184.331622 -103823.800972 103510.725246 182371.141668 54799.5570716 14613.9121337 6397.98061893 -1753.72887948 -114152.76651 -126510.853715 68192.330962 123869.6883 36665.6997281 7291.64949633 4375.76305278 2897.3993431 -25265.9063221 -50400.2517357 -5739.51558941 32943.5062928 30571.3491353 10617.6558234 
-673.823506026 -27679.1873624 -89002.6696197 -61096.8888258 18335.6547156 54799.5570716 75715.4158943 29601.9416324 2627.45903161 215.195643548 -57976.4203281 -62632.5647895 6440.24586634 57953.7672453 39814.2007379 13558.1165929 -637.474684886 9387.42748628 -11053.986205 -25255.7091657 -22613.1760752 18254.5423196 15368.6222166 16549.7541083 
-1207.91183237 -16544.1420216 -45732.360198 -36435.3072791 1808.86579737 14613.9121337 29601.9416324 53895.0017677 1518.19971943 683.755195613 -25278.6776533 -40212.6826263 -4537.22723372 23809.4164979 21853.4125611 22163.8035393 1053.49601141 10596.5644604 -13629.4910807 -17376.8877169 -16170.6477413 8241.82024123 6704.332781 20580.8130449 
27909.6310155 14921.6651812 -27112.0514367 -27262.3873644 999.503234418 6397.98061893 2627.45903161 1518.19971943 31003.0075398 32828.8770068 -13053.5786714 -43194.0956615 -9695.17870141 320.472793654 633.085534234 1157.41015978 34180.2314028 32143.7064668 -11955.06514 -34973.1356381 -21273.3905894 845.241362913 103.333659764 929.078475239 
37076.3776335 166908.511347 -62104.4691763 -119061.703213 -21963.9385507 -1753.72887948 215.195643548 683.755195613 32828.8770068 248367.814399 58954.1480046 -223442.969741 -103542.457131 -11872.7262926 -2443.82341773 1151.13717205 73592.1585617 179897.978024 98997.1283851 -167443.750711 -152686.529967 -26822.2826631 -5280.89626146 -253.805367016 
69902.2912763 363887.542111 232423.546429 -303265.644925 -165539.870399 -114152.76651 -57976.4203281 -25278.6776533 -13053.5786714 58954.1480046 971189.354226 -335477.996245 -480306.286571 -140407.008211 -45846.4189586 -15052.2135737 15224.2955481 85066.8900224 494095.16356 220108.491999 -529711.108778 -195807.626913 -66626.2721718 -22349.8332671 
-89655.9617116 -277760.296412 397293.56573 308197.243119 -108718.449594 -126510.853715 -62632.5647895 -40212.6826263 -43194.0956615 -223442.969741 -335477.996245 1184432.35193 -303193.194181 -184739.940046 -64681.095883 -29703.0601674 -87314.5230472 -162769.458462 -123685.340523 336958.825498 295952.721399 -120486.190005 -98952.9598666 -39703.0749929 
-37570.360872 -193952.779483 -298219.134969 282417.50578 177229.419949 68192.330962 6440.24586634 -4537.22723372 -9695.17870141 -103542.457131 -480306.286571 -303193.194181 828874.511137 74256.0614773 -53.3731913672 -6340.0828382 -36290.0149277 -116673.689455 -333107.223646 -211718.041271 434542.920037 220533.280401 47849.3125537 -5136.5436913 
-5831.93483889 -51398.4544852 -161192.007909 -82632.6605764 95422.185767 123869.6883 57953.7672453 23809.4164979 320.472793654 -11872.7262926 -140407.008211 -184739.940046 74256.0614773 205445.75433 47910.6090698 9086.77687873 325.226923986 -13299.7981486 -80202.2756216 -97896.8909034 4468.82072414 90982.692903 79068.9188434 16553.3052791 
-1454.67768266 -16685.7673257 -59963.1155791 -41117.207751 20887.4553112 36665.6997281 39814.2007379 21853.4125611 633.085534234 -2443.82341773 -45846.4189586 -64681.095883 -53.3731913672 47910.6090698 52030.1114958 12450.9053509 1021.90776314 -5010.69624764 -28035.4107738 -25005.9422789 -19301.5298258 23840.6503549 31611.240119 20879.7808891 
-375.364820216 -5920.42093276 -21126.3330892 -17275.1450689 1683.69428263 7291.64949633 13558.1165929 22163.8035393 1157.41015978 1151.13717205 -15052.2135737 -29703.0601674 -6340.0828382 9086.77687873 12450.9053509 27249.1270178 -739.28222488 645.067800043 -16106.9762397 -20029.5566934 -11991.9029999 6914.23455911 12227.3231239 29081.0926749 
22311.7891592 32186.0610904 -33250.0606047 -37884.138321 11844.5642969 4375.76305278 -637.474684886 1053.49601141 34180.2314028 73592.1585617 15224.2955481 -87314.5230472 -36290.0149277 325.226923986 1021.90776314 -739.28222488 190407.625209 158008.022011 -47796.2313304 -148948.179529 -107530.79019 -29105.4138098 -11109.6325739 -3925.39978602 
16226.5216871 45492.7350022 -58251.834428 -37401.4777899 11052.6642387 2897.3993431 9387.42748628 10596.5644604 32143.7064668 179897.978024 85066.8900224 -162769.458462 -116673.689455 -13299.7981486 -5010.69624764 645.067800043 158008.022011 451852.000311 79249.7750929 -326661.891894 -266181.800957 -68531.417384 -22502.1346539 -5232.55252546 
-39338.0393732 60383.8544432 124393.68053 -53449.8756693 -42040.2363223 -25265.9063221 -11053.986205 -13629.4910807 -11955.06514 98997.1283851 494095.16356 -123685.340523 -333107.223646 -80202.2756216 -28035.4107738 -16106.9762397 -47796.2313304 79249.7750929 881454.126259 -91037.9564598 -537645.52354 -190360.558133 -69840.3800314 -24023.2518566 
22528.1479391 113727.012499 76259.1010669 -84226.8694756 -35254.5434113 -50400.2517357 -25255.7091657 -17376.8877169 -34973.1356381 -167443.750711 220108.491999 336958.825498 -211718.041271 -97896.8909034 -25005.9422789 -20029.5566934 -148948.179529 -326661.891894 -91037.9564598 1222291.98228 -339354.24826 -196704.127213 -89639.3392101 -29946.2397136 
-40572.0575068 -176758.556564 28908.7681727 259905.410085 -26960.2247806 -5739.51558941 -22613.1760752 -16170.6477413 -21273.3905894 -152686.529967 -529711.108778 295952.721399 434542.920037 4468.82072414 -19301.5298258 -11991.9029999 -107530.79019 -266181.800957 -537645.52354 -339354.24826 1282259.41719 22894.8620714 -38297.8110414 -16144.1052774 
11088.4316449 -52254.6840237 -50002.8525381 -4951.15417634 36680.3902397 32943.5062928 18254.5423196 8241.82024123 845.241362913 -26822.2826631 -195807.626913 -120486.190005 220533.280401 90982.692903 23840.6503549 6914.23455911 -29105.4138098 -68531.417384 -190360.558133 -196704.127213 22894.8620714 383891.767419 66078.9787616 11835.9082886 
6627.09920527 -13860.1102882 -59289.4753679 -22170.5795822 36048.7619002 30571.3491353 15368.6222166 6704.332781 103.333659764 -5280.89626146 -66626.2721718 -98952.9598666 47849.3125537 79068.9188434 31611.240119 12227.3231239 -11109.6325739 -22502.1346539 -69840.3800314 -89639.3392101 -38297.8110414 66078.9787616 140200.035419 25110.2833304 
1128.10724444 -8916.31215896 -28767.3268305 -19821.3150702 8628.62383872 10617.6558234 16549.7541083 20580.8130449 929.078475239 -253.805367016 -22349.8332671 -39703.0749929 -5136.5436913 16553.3052791 20879.7808891 29081.0926749 -3925.39978602 -5232.55252546 -24023.2518566 -29946.2397136 -16144.1052774 11835.9082886 25110.2833304 42325.3575401 
272.21170442 224.192409738 178.50734754 245.374538772 -1244.65242518 -313.542172817 597.158029957 40.7505675658 263.589670503 192.694879852 165.590645494 173.146164545 -476.968394426 -1062.26791333 680.188298968 64.0266483949 44.8469475179 336.457597518 199.817705894 185.511494095 354.537425272 -1572.08875779 327.421012457 123.496575039 
224.192409738 983.787696708 3263.32644156 2953.33676312 -3521.91517025 -3916.9780091 24.3412604334 -10.0913922131 171.089766974 286.910241818 526.97578763 1881.46966975 3240.64244832 -6544.18634376 377.337816412 59.7606128613 46.9487296302 322.422686101 433.518688978 467.423544178 1894.86201481 -5752.8647296 2392.03576614 195.653299767 
178.50734754 3263.32644156 315426.334675 17021.5991144 -190983.720036 -133740.950091 -9081.65233287 -2083.44511908 64.9553431436 424.4673634 1285.34845599 22044.9981217 201972.941466 -223184.952888 -2792.63662601 184.878763788 63.9007503889 414.459255325 675.481158244 1811.10184275 22980.9499848 -4570.15352254 -23634.5306511 2258.79118214 
245.374538772 2953.33676312 17021.5991144 2002096.05395 -1019286.22675 -914670.233492 -72788.1434977 -15571.7606305 -278.592007018 1015.32862756 3724.47852315 55333.1620391 1240219.87031 -1281199.35239 -19258.2696356 443.374539519 -53.2633191973 167.334242332 2294.36005674 15239.1583411 304462.767405 -445959.243028 121940.023306 1908.86299645 
-1244.65242518 -3521.91517025 -190983.720036 -1019286.22675 3109258.09126 -1697018.9858 -160528.974966 -36673.6161123 -991.735445803 -1725.60620356 -4431.40247146 -37669.3888306 502987.77791 -404138.703814 -52274.0821914 -1756.85895243 -480.437938138 -2109.73029476 -4041.55659538 -11624.8709944 -185159.885277 420772.259553 -212142.877696 -5212.90075799 
-313.542172817 -3916.9780091 -133740.950091 -914670.233492 -1697018.9858 2806083.74431 -36204.4168786 -20218.6378622 58.9935812383 -542.206831182 -1771.38052084 -43684.8527666 -1792551.90532 1820610.44491 18724.4088243 -843.501878152 302.110181676 -269.816042428 -421.98061299 -11704.0547058 -154938.379283 18650.0055587 151399.172768 -3017.05786422 
597.158029957 24.3412604334 -9081.65233287 -72788.1434977 -160528.974966 -36204.4168786 236092.804636 41888.883749 663.734940757 311.015247442 344.916507011 2072.9659121 -123680.92178 83207.14586 35662.4723524 1418.67096032 57.8937048235 913.715029641 637.301146943 3691.49455633 7878.94902039 13613.5538688 -30137.1921375 3344.28481059 
40.7505675658 -10.0913922131 -2083.44511908 -15571.7606305 -36673.6161123 -20218.6378622 41888.883749 32627.9167998 47.9641502053 37.3966746729 155.47307303 -151.500309985 -31711.4366413 12311.8725868 18880.5811609 429.649305706 18.0009432983 225.157526273 223.058451569 1934.23592174 2526.19870979 4818.5310577 -10144.0523686 398.869758241 
263.589670503 171.089766974 64.9553431436 -278.592007018 -991.735445803 58.9935812383 663.734940757 47.9641502053 279.694761655 170.831423826 122.768960728 145.934562402 -838.0388136 -665.855327692 716.54742006 68.1170126223 47.7577227918 348.964182311 152.887333141 162.745874397 382.840382634 -1558.58191371 334.395000817 128.991417619 
192.694879852 286.910241818 424.4673634 1015.32862756 -1725.60620356 -542.206831182 311.015247442 37.3966746729 170.831423826 249.718569514 273.4504984 539.117400924 222.753144843 -1895.46631741 399.270811243 40.324468663 49.3901670169 302.353250836 296.021767528 379.428683235 1092.95773103 -2159.76713665 -53.4519228084 93.0674598139 
165.590645494 526.97578763 1285.34845599 3724.47852315 -4431.40247146 -1771.38052084 344.916507011 155.47307303 122.768960728 273.4504984 690.930524263 1539.73333399 1832.58590009 -5279.56102753 729.45026492 90.6415451391 52.1298099531 297.252509135 574.693013544 1055.59070829 2745.29891878 -5064.67482897 91.2383235754 248.471545684 
173.146164545 1881.46966975 22044.9981217 55333.1620391 -37669.3888306 -43684.8527666 2072.9659121 -151.500309985 145.934562402 539.117400924 1539.73333399 40277.1940351 45565.1320699 -90751.9787681 2111.39826938 573.46909637 100.708198168 534.495047536 1040.11126264 11114.808822 60048.4013108 -66780.8198907 -8178.96911962 2121.26436919 
-476.968394426 3240.64244832 201972.941466 1240219.87031 502987.77791 -1792551.90532 -123680.92178 -31711.4366413 -838.0388136 222.753144843 1832.58590009 45565.1320699 3337947.17299 -3313218.25366 -69928.2195166 -1583.13211262 -301.785886682 -998.546024021 687.044730658 13906.626642 298239.119432 370630.147749 -676967.723126 -5194.88351699 
-1062.26791333 -6544.18634376 -223184.952888 -1281199.35239 -404138.703814 1820610.44491 83207.14586 12311.8725868 -665.855327692 -1895.46631741 -5279.56102753 -90751.9787681 -3313218.25366 3404662.42657 8451.06340513 -1302.37487223 -58.8158660278 -1776.88078674 -3745.22883143 -31996.3931025 -371073.595206 -203276.047184 615517.905817 -3590.94484048 
680.188298968 377.337816412 -2792.63662601 -19258.2696356 -52274.0821914 18724.4088243 35662.4723524 18880.5811609 716.54742006 399.270811243 729.45026492 2111.39826938 -69928.2195166 8451.06340513 55825.6382605 1694.85108538 104.611068691 1193.38338295 913.046445216 5172.62621588 7760.03087484 -88406.1416987 67784.7202017 5477.72350943 
64.0266483949 59.7606128613 184.878763788 443.374539519 -1756.85895243 -843.501878152 1418.67096032 429.649305706 68.1170126223 40.324468663 90.6415451391 573.46909637 -1583.13211262 -1302.37487223 1694.85108538 418.103776684 6.00478608924 98.9784379893 81.4242787046 204.566156683 804.946556152 -3384.11509642 1471.88482508 716.310055717 
44.8469475179 46.9487296302 63.9007503889 -53.2633191973 -480.437938138 302.110181676 57.8937048235 18.0009432983 47.7577227918 49.3901670169 52.1298099531 100.708198168 -301.785886682 -58.8158660278 104.611068691 6.00478608924 30.4145113021 72.2661963596 59.8217975029 101.144365254 424.943478715 -582.310946872 -115.740501238 9.46109897734 
336.457597518 322.422686101 414.459255325 167.334242332 -2109.73029476 -269.816042428 913.715029641 225.157526273 348.964182311 302.353250836 297.252509135 534.495047536 -998.546024021 -1776.88078674 1193.38338295 98.9784379893 72.2661963596 555.512392363 328.874947915 491.453510277 936.292194838 -2750.39711849 189.670173629 176.327703111 
199.817705894 433.518688978 675.481158244 2294.36005674 -4041.55659538 -421.98061299 637.301146943 223.058451569 152.887333141 296.021767528 574.693013544 1040.11126264 687.044730658 -3745.22883143 913.046445216 81.4242787046 59.8217975029 328.874947915 614.61796569 1066.2542302 3058.58315024 -4832.12210737 -447.072321176 151.042337005 
185.511494095 467.423544178 1811.10184275 15239.1583411 -11624.8709944 -11704.0547058 3691.49455633 1934.23592174 162.745874397 379.428683235 1055.59070829 11114.808822 13906.626642 -31996.3931025 5172.62621588 204.566156683 101.144365254 491.453510277 1066.2542302 12933.1233597 34493.5415523 -40588.1465859 -8976.08819999 478.717768183 
354.537425272 1894.86201481 22980.9499848 304462.767405 -185159.885277 -154938.379283 7878.94902039 2526.19870979 382.840382634 1092.95773103 2745.29891878 60048.4013108 298239.119432 -371073.595206 7760.03087484 804.946556152 424.943478715 936.292194838 3058.58315024 34493.5415523 528010.857418 -454747.316043 -114387.201397 2210.29964593 
-1572.08875779 -5752.8647296 -4570.15352254 -445959.243028 420772.259553 18650.0055587 13613.5538688 4818.5310577 -1558.58191371 -2159.76713665 -5064.67482897 -66780.8198907 370630.147749 -203276.047184 -88406.1416987 -3384.11509642 -582.310946872 -2750.39711849 -4832.12210737 -40588.1465859 -454747.316043 2143217.48369 -1622414.30884 -17302.8820432 
327.421012457 2392.03576614 -23634.5306511 121940.023306 -212142.877696 151399.172768 -30137.1921375 -10144.0523686 334.395000817 -53.4519228084 91.2383235754 -8178.96911962 -676967.723126 615517.905817 67784.7202017 1471.88482508 -115.740501238 189.670173629 -447.072321176 -8976.08819999 -114387.201397 -1622414.30884 1735020.48056 11130.2605283 
123.496575039 195.653299767 2258.79118214 1908.86299645 -5212.90075799 -3017.05786422 3344.28481059 398.869758241 128.991417619 93.0674598139 248.471545684 2121.26436919 -5194.88351699 -3590.94484048 5477.72350943 716.310055717 9.46109897734 176.327703111 151.042337005 478.717768183 2210.29964593 -17302.8820432 11130.2605283 3146.77296174 
1716594.02815 -697385.431767 -731563.757312 -213049.123577 -54570.690537 -19064.2915742 -2832.98190064 1872.24851832 1566583.70885 -598031.99196 -687859.926209 -209833.896526 -53037.9285124 -17082.0034563 -1108.68668165 370.724491321 1043079.29424 -671759.302277 -313693.652873 -51629.5641127 -6475.86092395 -331.24533905 937.112225116 -126.780937457 
-697385.431767 980304.878701 -117923.48155 -103832.391151 -36182.5973228 -16263.6720805 -5106.08694457 -3611.21788556 -590396.892875 870859.360208 -126207.421533 -100155.067742 -35198.5564755 -13706.0910111 -3849.75793592 -1345.57263483 -168279.557664 300975.462747 -54280.7587001 -41555.718193 -23146.9532364 -9403.38879798 -3519.54666593 -789.539489278 
-731563.757312 -117923.48155 646945.963697 166379.670196 30275.8604737 7074.69597625 37.442161612 -1226.39364296 -703239.045968 -94096.8244799 593880.370128 165098.46626 31257.6640437 7459.67003943 -64.2868636904 -296.013160235 -618612.072092 326796.4596 249693.668598 39466.4037963 4676.1126049 -845.202308868 -1046.66762853 -128.702569425 
-213049.123577 -103832.391151 166379.670196 107107.948215 31552.3849592 9597.86954839 2026.78432021 216.857488272 -206043.783678 -114163.437212 178817.027697 101807.12119 29689.0607239 8584.303992 1150.82268986 158.884597129 -173812.314538 48348.2184436 83856.8479346 29730.3657769 8976.02749111 2381.80332977 357.043036752 162.008525741 
-54570.690537 -36182.5973228 30275.8604737 31552.3849592 18074.4640176 8374.86295545 2043.72899026 431.986463533 -50772.827635 -39633.2852405 34371.8456961 31672.8153995 16425.6808626 6666.02244669 1083.88484769 185.863622962 -50189.3173058 1902.98500305 22714.8044595 13975.8021212 7636.75899305 3068.24989408 715.649055809 175.06777911 
-19064.2915742 -16263.6720805 7074.69597625 9597.86954839 8374.86295545 7988.34411802 1908.50651366 383.684542992 -16479.0282047 -16292.8070332 7617.1625365 9575.89097067 8657.03011679 5774.67191228 943.809381349 203.270320324 -24517.9705179 -3016.82179424 9474.87377389 7626.93393697 6285.27143533 3146.50564402 783.221801589 217.98572033 
-2832.98190064 -5106.08694457 37.442161612 2026.78432021 2043.72899026 1908.50651366 1473.83294347 448.773916 -1973.17756489 -5159.34111166 506.347790368 1881.32620164 1926.64567836 1896.89592288 686.763735227 234.539348073 -6651.92333486 -1631.6043928 2268.06337407 2035.99656966 1687.27665768 1548.4491419 496.291766132 247.450218217 
1872.24851832 -3611.21788556 -1226.39364296 216.857488272 431.986463533 383.684542992 448.773916 1484.0605994 2321.04707002 -3481.67316959 -1125.40610634 -46.6557531721 280.403562506 406.530154188 1157.45082713 488.303415254 -1016.13878506 -1615.39732954 -33.8465663311 349.780104684 361.366978293 434.828436135 1276.89640906 242.510752761 
1566583.70885 -590396.892875 -703239.045968 -206043.783678 -50772.827635 -16479.0282047 -1973.17756489 2321.04707002 1722709.47456 -714326.167292 -716233.813691 -218891.020479 -55667.3290675 -16782.1913177 -1114.69096008 305.738243623 1190320.92996 -773412.519525 -342452.431847 -61359.0038662 -11449.8312121 -1901.51893626 536.668668842 -282.293242008 
-598031.99196 870859.360208 -94096.8244799 -114163.437212 -39633.2852405 -16292.8070332 -5159.34111166 -3481.67316959 -714326.167292 1125475.12214 -209655.059341 -137077.128755 -42935.7301369 -15538.5312883 -4453.48139678 -1489.02393291 -421595.162678 558560.342331 -57016.7554289 -46505.1797022 -19695.8891336 -8866.53622703 -3893.59161769 -987.227543729 
-687859.926209 -126207.421533 593880.370128 178817.027697 34371.8456961 7617.1625365 506.347790368 -1125.40610634 -716233.813691 -209655.059341 687657.064552 192272.656035 36850.3779689 8580.8018029 557.078010402 -29.1053367383 -548934.708953 193186.868809 294086.616927 55211.7638089 6671.00820358 155.9164336 -510.648934036 133.183706002 
-209833.896526 -100155.067742 165098.46626 101807.12119 31672.8153995 9575.89097067 1881.32620164 -46.6557531721 -218891.020479 -137077.128755 192272.656035 119069.683543 33955.1686502 9398.95784418 1186.11841158 85.5647490689 -149411.528942 28213.2544134 76809.0056885 31561.909142 9979.5919357 2374.6096519 356.43882406 116.719286179 
-53037.9285124 -35198.5564755 31257.6640437 29689.0607239 16425.6808626 8657.03011679 1926.64567836 280.403562506 -55667.3290675 -42935.7301369 36850.3779689 33955.1686502 19194.5016694 7373.4599171 1064.25338449 165.297614288 -45409.4131807 -1691.39858428 19986.2838883 13842.587228 8468.84591949 3811.65700755 789.462269099 201.975452468 
-17082.0034563 -13706.0910111 7459.67003943 8584.303992 6666.02244669 5774.67191228 1896.89592288 406.530154188 -16782.1913177 -15538.5312883 8580.8018029 9398.95784418 7373.4599171 5744.7621247 1020.03736127 202.703555876 -19500.8152897 -2793.27714215 6997.3887689 5816.07736659 4996.00329956 3378.3830112 877.1202266 229.119758976 
-1108.68668165 -3849.75793592 -64.2868636904 1150.82268986 1083.88484769 943.809381349 686.763735227 1157.45082713 -1114.69096008 -4453.48139678 557.078010402 1186.11841158 1064.25338449 1020.03736127 1312.49885596 428.18633316 -4213.32267027 -1596.44821742 1315.56229659 1165.08447701 808.510900614 846.967283571 1353.55889119 320.08703871 
370.724491321 -1345.57263483 -296.013160235 158.884597129 185.863622962 203.270320324 234.539348073 488.303415254 305.738243623 -1489.02393291 -29.1053367383 85.5647490689 165.297614288 202.703555876 428.18633316 330.638773632 -1255.97824601 -466.822084391 274.329707032 266.761545814 221.760086749 200.521775465 490.991671939 268.435543401 
1043079.29424 -168279.557664 -618612.072092 -173812.314538 -50189.3173058 -24517.9705179 -6651.92333486 -1016.13878506 1190320.92996 -421595.162678 -548934.708953 -149411.528942 -45409.4131807 -19500.8152897 -4213.32267027 -1255.97824601 1900300.00406 -1179221.79915 -541183.033692 -117588.993654 -42977.9903414 -13335.3684607 -4088.63863167 -1904.1801396 
-671759.302277 300975.462747 326796.4596 48348.2184436 1902.98500305 -3016.82179424 -1631.6043928 -1615.39732954 -773412.519525 558560.342331 193186.868809 28213.2544134 -1691.39858428 -2793.27714215 -1596.44821742 -466.822084391 -1179221.79915 1141726.3385 73308.5925741 -18834.728808 -10150.4877093 -4642.35043805 -2054.06057715 -131.504394276 
-313693.652873 -54280.7587001 249693.668598 83856.8479346 22714.8044595 9474.87377389 2268.06337407 -33.8465663311 -342452.431847 -57016.7554289 294086.616927 76809.0056885 19986.2838883 6997.3887689 1315.56229659 274.329707032 -541183.033692 73308.5925741 378633.168405 69022.1036493 14500.9085727 4069.51830321 1177.5944724 471.147714871 
-51629.5641127 -41555.718193 39466.4037963 29730.3657769 13975.8021212 7626.93393697 2035.99656966 349.780104684 -61359.0038662 -46505.1797022 55211.7638089 31561.909142 13842.587228 5816.07736659 1165.08447701 266.761545814 -117588.993654 -18834.728808 69022.1036493 44433.178893 17267.3373907 4299.5327174 1050.05397019 351.515841177 
-6475.86092395 -23146.9532364 4676.1126049 8976.02749111 7636.75899305 6285.27143533 1687.27665768 361.366978293 -11449.8312121 -19695.8891336 6671.00820358 9979.5919357 8468.84591949 4996.00329956 808.510900614 221.760086749 -42977.9903414 -10150.4877093 14500.9085727 17267.3373907 15741.6931252 4448.6688611 891.367948034 278.502152986 
-331.24533905 -9403.38879798 -845.202308868 2381.80332977 3068.24989408 3146.50564402 1548.4491419 434.828436135 -1901.51893626 -8866.53622703 155.9164336 2374.6096519 3811.65700755 3378.3830112 846.967283571 200.521775465 -13335.3684607 -4642.35043805 4069.51830321 4299.5327174 4448.6688611 3939.87776831 956.191167214 263.930081505 
937.112225116 -3519.54666593 -1046.66762853 357.043036752 715.649055809 783.221801589 496.291766132 1276.89640906 536.668668842 -3893.59161769 -510.648934036 356.43882406 789.462269099 877.1202266 1353.55889119 490.991671939 -4088.63863167 -2054.06057715 1177.5944724 1050.05397019 891.367948034 956.191167214 1718.1351576 349.356493374 
-126.780937457 -789.539489278 -128.702569425 162.008525741 175.06777911 217.98572033 247.450218217 242.510752761 -282.293242008 -987.227543729 133.183706002 116.719286179 201.975452468 229.119758976 320.08703871 268.435543401 -1904.1801396 -131.504394276 471.147714871 351.515841177 278.502152986 263.930081505 349.356493374 321.232249965 
39606.0450636 4542.61624095 2346.89642101 1125.35064112 -4078.38311966 -18844.4203993 -21253.5413088 -3444.56353887 39393.9474456 5064.71139225 1891.57976701 1695.28653938 2582.90977443 -342.140123689 -23913.3457105 -26372.9490845 38204.5507184 5825.0713204 1668.41284224 1723.21360169 3459.16924382 6952.03550411 -3371.87074751 -54460.5824831 
4542.61624095 5087.84424636 5079.85394475 3557.5202341 2545.45772565 -3644.55790546 -3219.12403502 -13949.6104513 4530.44103113 3913.66536111 5148.9008497 4058.58233663 4378.86288821 5382.51886125 -18689.288492 -8723.68283602 5246.61345444 4358.41761046 4335.39394988 4309.91858781 4495.51942951 4360.41804093 -6637.96797153 -20468.3131015 
2346.89642101 5079.85394475 20838.348432 21496.919042 8726.49871259 -2588.57816071 -12666.0770288 -43233.8613628 2284.36730636 3366.57140356 12566.9891455 19238.6329013 14338.6923971 16557.70015 -45289.8192518 -23063.1340521 3034.39649004 5589.25664112 10119.4345898 17853.2815602 13131.3863876 2832.91621008 -12591.9114927 -39968.7603861 
1125.35064112 3557.5202341 21496.919042 65358.0513689 39652.9351536 7391.52070622 -38723.0024583 -99859.2946876 1051.85904382 2478.50941194 12132.5991849 29142.8883302 42053.2535828 52518.0233966 -71197.036681 -68180.0962693 1729.08485907 5021.96156006 10786.4791175 24617.7460833 24092.3694078 10309.1392909 -7158.42507375 -69398.3552448 
-4078.38311966 2545.45772565 8726.49871259 39652.9351536 533293.653534 36876.2106733 -211832.828574 -405183.544106 -4120.96288059 1793.45659993 6210.99755314 11036.0574175 34377.9989181 130506.864396 117683.681727 -297488.093731 -3574.42765208 2032.4275875 4751.28246271 8992.05336258 17234.1208287 -32446.4011529 -45780.3494607 48791.2940242 
-18844.4203993 -3644.55790546 -2588.57816071 7391.52070622 36876.2106733 1492263.57617 -262150.051613 -1249303.69948 -18610.2436051 -3364.16802783 -443.050301676 -4766.35482801 14770.4377984 226587.811808 704623.201664 -918797.634508 -17864.3177157 -2129.14045822 632.028760179 -5795.70690098 8499.33873544 -149329.26968 893966.931247 -727979.863988 
-21253.5413088 -3219.12403502 -12666.0770288 -38723.0024583 -211832.828574 -262150.051613 1793136.47782 -1243291.85281 -21048.1522057 -3215.61388616 -11830.9176899 -9816.67920014 -26152.1788589 -117988.524608 513664.146047 -323612.079599 -20353.848091 -8036.48086784 -8564.58383776 -7111.39539487 -14175.5053501 -126428.915707 -365188.603074 549859.332322 
-3444.56353887 -13949.6104513 -43233.8613628 -99859.2946876 -405183.544106 -1249303.69948 -1243291.85281 3058266.42643 -3481.25613556 -10037.1322548 -25677.0985087 -50588.4134969 -86349.9765001 -313222.253881 -1176881.5393 1666237.67008 -6422.05206318 -12661.5133935 -23728.4478845 -44589.1108997 -56736.3986827 283750.077493 -453237.803427 313625.248857 
39393.9474456 4530.44103113 2284.36730636 1051.85904382 -4120.96288059 -18610.2436051 -21048.1522057 -3481.25613556 39585.6363494 4864.87441933 1761.88481166 1625.15710332 2484.01976219 -298.402489939 -24621.2742114 -25401.8957446 38391.103956 5841.14755266 1657.53276492 1429.38584005 3472.25199448 5266.72570217 -2892.85764333 -53165.2901669 
5064.71139225 3913.66536111 3366.57140356 2478.50941194 1793.45659993 -3364.16802783 -3215.61388616 -10037.1322548 4864.87441933 3738.01156316 3735.80261303 2537.83586995 3534.07871953 4684.78913761 -14258.5257768 -8836.86654582 5496.67050439 4088.28029542 3127.59501353 2837.87036242 3796.10829183 5643.67174386 -5361.18359181 -19629.0126196 
1891.57976701 5148.9008497 12566.9891455 12132.5991849 6210.99755314 -443.050301676 -11830.9176899 -25677.0985087 1761.88481166 3735.80261303 12965.4989557 12345.9662806 8935.04414634 9876.62000049 -36079.2045593 -13541.6122485 2716.22036872 6469.85146589 10357.8625969 12574.8399885 9482.71120283 3951.53026482 -10072.4355809 -35480.5803067 
1695.28653938 4058.58233663 19238.6329013 29142.8883302 11036.0574175 -4766.35482801 -9816.67920014 -50588.4134969 1625.15710332 2537.83586995 12345.9662806 32116.3831425 21632.0301976 14922.8386276 -54998.7039469 -30181.5072747 2270.91485316 5131.21416782 11597.5465649 28879.4341916 21518.6687758 5896.63214455 -21559.3284696 -53735.0822282 
2582.90977443 4378.86288821 14338.6923971 42053.2535828 34377.9989181 14770.4377984 -26152.1788589 -86349.9765001 2484.01976219 3534.07871953 8935.04414634 21632.0301976 51045.9260946 48520.0040909 -63770.3693647 -72380.7336465 3282.91858172 5544.85450244 9467.91843776 20536.0867581 35447.6147583 38767.9481299 -9115.66589974 -103931.675268 
-342.140123689 5382.51886125 16557.70015 52518.0233966 130506.864396 226587.811808 -117988.524608 -313222.253881 -298.402489939 4684.78913761 9876.62000049 14922.8386276 48520.0040909 422866.010701 -133157.158537 -367414.70153 1220.51981998 7162.52396761 11199.3920246 18919.7671148 35330.7123886 237752.812063 193450.274055 -505036.001434 
-23913.3457105 -18689.288492 -45289.8192518 -71197.036681 117683.681727 704623.201664 513664.146047 -1176881.5393 -24621.2742114 -14258.5257768 -36079.2045593 -54998.7039469 -63770.3693647 -133157.158537 2494370.82966 -2167485.59327 -26787.6580654 -22267.63239 -31908.615836 -49713.3936611 -52802.4413408 183882.840391 1114314.0082 -1114717.10729 
-26372.9490845 -8723.68283602 -23063.1340521 -68180.0962693 -297488.093731 -918797.634508 -323612.079599 1666237.67008 -25401.8957446 -8836.86654582 -13541.6122485 -30181.5072747 -72380.7336465 -367414.70153 -2167485.59327 2685242.91026 -26590.6900185 -11970.2395619 -15499.2315666 -35463.9905943 -56245.6260711 -481162.16044 -1258762.81107 1885694.74932 
38204.5507184 5246.61345444 3034.39649004 1729.08485907 -3574.42765208 -17864.3177157 -20353.848091 -6422.05206318 38391.103956 5496.67050439 2716.22036872 2270.91485316 3282.91858172 1220.51981998 -26787.6580654 -26590.6900185 37939.9501988 6732.87487139 2418.81332155 2240.46251914 4396.85116846 6402.35953816 -4592.76952674 -55538.5420908 
5825.0713204 4358.41761046 5589.25664112 5021.96156006 2032.4275875 -2129.14045822 -8036.48086784 -12661.5133935 5841.14755266 4088.28029542 6469.85146589 5131.21416782 5544.85450244 7162.52396761 -22267.63239 -11970.2395619 6732.87487139 7212.12021651 6109.66389868 5189.53705332 6625.15204267 7278.99122205 -7980.95309549 -31167.3862091 
1668.41284224 4335.39394988 10119.4345898 10786.4791175 4751.28246271 632.028760179 -8564.58383776 -23728.4478845 1657.53276492 3127.59501353 10357.8625969 11597.5465649 9467.91843776 11199.3920246 -31908.615836 -15499.2315666 2418.81332155 6109.66389868 11949.8811023 13380.305575 11071.8639207 7844.10968066 -11568.5331288 -41206.1043701 
1723.21360169 4309.91858781 17853.2815602 24617.7460833 8992.05336258 -5795.70690098 -7111.39539487 -44589.1108997 1429.38584005 2837.87036242 12574.8399885 28879.4341916 20536.0867581 18919.7671148 -49713.3936611 -35463.9905943 2240.46251914 5189.53705332 13380.305575 33826.2191821 23612.468071 17748.8442712 -25479.1706816 -70518.6659901 
3459.16924382 4495.51942951 13131.3863876 24092.3694078 17234.1208287 8499.33873544 -14175.5053501 -56736.3986827 3472.25199448 3796.10829183 9482.71120283 21518.6687758 35447.6147583 35330.7123886 -52802.4413408 -56245.6260711 4396.85116846 6625.15204267 11071.8639207 23612.468071 42867.470086 41656.6295405 -21114.3620865 -109116.072743 
6952.03550411 4360.41804093 2832.91621008 10309.1392909 -32446.4011529 -149329.26968 -126428.915707 283750.077493 5266.72570217 5643.67174386 3951.53026482 5896.63214455 38767.9481299 237752.812063 183882.840391 -481162.16044 6402.35953816 7278.99122205 7844.10968066 17748.8442712 41656.6295405 901864.263021 -135541.277886 -847253.919388 
-3371.87074751 -6637.96797153 -12591.9114927 -7158.42507375 -45780.3494607 893966.931247 -365188.603074 -453237.803427 -2892.85764333 -5361.18359181 -10072.4355809 -21559.3284696 -9115.66589974 193450.274055 1114314.0082 -1258762.81107 -4592.76952674 -7980.95309549 -11568.5331288 -25479.1706816 -21114.3620865 -135541.277886 2245472.00828 -2039194.94187 
-54460.5824831 -20468.3131015 -39968.7603861 -69398.3552448 48791.2940242 -727979.863988 549859.332322 313625.248857 -53165.2901669 -19629.0126196 -35480.5803067 -53735.0822282 -103931.675268 -505036.001434 -1114717.10729 1885694.74932 -55538.5420908 -31167.3862091 -41206.1043701 -70518.6659901 -109116.072743 -847253.919388 -2039194.94187 3193995.63266 
6503.83430856 4315.15784401 1608.51704689 -5305.72491552 -12188.6427141 109.247764088 3895.08902831 1062.52163775 6417.30392753 4188.23506991 2306.96769128 -1458.16513724 -15015.2341283 -284.712396228 3458.29473237 387.310240633 7835.89841424 3696.99441022 1317.89935767 -8642.14747758 1249.54207781 -7728.88630113 1270.85306896 999.846449814 
4315.15784401 19124.2534743 12434.275107 -11191.4619699 -30699.0112013 -2075.65521594 4578.09108682 3514.35087509 4327.79823806 17399.4108455 13169.1497552 2068.19486779 -49849.8085199 1784.76332082 9259.56076396 1840.93072854 7618.95571725 18032.4797503 12049.2721952 -21424.4295135 -7350.5556683 -18427.0734497 7139.90232256 2361.44864624 
1608.51704689 12434.275107 293408.258833 13722.7495196 -181194.645257 -120519.649387 -18850.3796625 -609.126200138 1428.37619523 9161.83545753 22132.9825893 -3691.60597732 64474.4354771 -95662.0523511 2272.30543011 -116.276820849 3735.1592024 15282.4975383 17213.0062215 -121411.868218 -103806.089652 29228.6391194 159733.271691 25.3840974321 
-5305.72491552 -11191.4619699 13722.7495196 1367519.56756 -544106.933369 -623747.680269 -161777.932758 -35112.5837971 -7786.97358174 -16361.0548864 -13751.1741515 22193.2585177 555967.873525 -432522.705089 -87317.0913702 -20422.1329635 -11427.4776228 -12628.4948766 -24338.0714366 -425660.399336 -338255.311734 756578.225342 61874.0640229 -6142.53435852 
-12188.6427141 -30699.0112013 -181194.645257 -544106.933369 1616691.21113 -574363.410789 -222921.861677 -51216.7061261 -14159.5627049 -28771.3819502 -36012.5423087 197994.579774 558481.53493 -512656.849801 -133200.569194 -31675.2087455 -20662.5862272 -34890.8903117 -12442.7690866 789817.908282 98077.1198957 -576246.26301 -218582.812958 -25069.7065849 
109.247764088 -2075.65521594 -120519.649387 -623747.680269 -574363.410789 1177146.62874 144927.975962 -1477.45680301 286.000857301 3168.09157573 -10600.807025 -179619.723324 -697141.504854 849479.035118 34845.5354188 -416.627767041 135.613729665 -8291.79566742 -21716.2881912 -128584.511555 352222.416872 -123992.875066 -66562.7805072 -3209.77961448 
3895.08902831 4578.09108682 -18850.3796625 -161777.932758 -222921.861677 144927.975962 209979.138348 40169.8796714 7127.65458921 6813.47657981 13653.8189072 -35468.8214324 -331918.556828 185117.471832 131544.720286 23130.2360667 9336.78367793 10836.2071134 16716.6461605 -56386.7575268 -2452.54913286 -29540.7268528 38265.375796 13225.0207647 
